# Time, SliderHeight, Motor1Pos, Motor1Vel, Motor2Pos, Motor2Vel
0.000000000000000000e+00,2.600000000000000089e-01,0.000000000000000000e+00,0.000000000000000000e+00,0.000000000000000000e+00,0.000000000000000000e+00
1.000000000000000000e+00,3.632194967258395302e-02,6.706786155700683420e-03,1.609628677368164062e+00,-6.727148530473898817e-03,-1.614515647313735647e+00
2.000000000000000000e+00,9.060066995001994639e-02,1.684200048446655648e-02,2.432451438903809215e+00,-1.694243677967140899e-02,-2.451669179807402621e+00
3.000000000000000000e+00,2.149569479345666001e-01,2.782116484642029042e-02,2.634999446868896644e+00,-2.786136666251801466e-02,-2.620543171883185529e+00
4.000000000000000000e+00,2.627851102772052472e-01,3.886538283824921003e-02,2.650612318038940707e+00,-3.923393224206062069e-02,-2.729415739090224946e+00
5.000000000000000000e+00,2.652654375445798740e-01,4.998305621862412368e-02,2.668241611289978721e+00,-5.154120876282346220e-02,-2.953746364983082184e+00
6.000000000000000000e+00,2.547002236877987658e-01,6.135697230505944566e-02,2.729739860744476498e+00,-6.522397040256297518e-02,-3.283862793537482894e+00
7.000000000000000000e+00,2.323119547217626923e-01,7.333128212220670072e-02,2.873834356115341215e+00,-8.048047886080393620e-02,-3.661562029977830868e+00
8.000000000000000000e+00,2.148004111928135396e-01,8.613324068481208184e-02,3.072470055025292357e+00,-9.728095793371586975e-02,-4.032114977498864938e+00
9.000000000000000000e+00,2.031587567527930460e-01,9.993211539829803536e-02,3.311729931236629287e+00,-1.162291789391721730e-01,-4.547573041309513009e+00
1.000000000000000000e+01,1.984464447068756132e-01,1.146851072810146227e-01,3.540718051851979631e+00,-1.368593362823757320e-01,-4.951237762368850603e+00
1.100000000000000000e+01,2.001967621259961305e-01,1.302585384340929631e-01,3.737623476738803685e+00,-1.585759576963526873e-01,-5.211989139354471945e+00
1.200000000000000000e+01,1.955784993165080032e-01,1.465744597695929630e-01,3.915821120520000864e+00,-1.802507734246706073e-01,-5.201955774796298115e+00
1.300000000000000000e+01,2.150044591342322176e-01,1.632405122801061925e-01,3.999852602523177758e+00,-2.013198159239928953e-01,-5.056570199837347346e+00
1.400000000000000000e+01,2.356292814773204292e-01,1.798825920240041398e-01,3.994099138535508686e+00,-2.215846553481205794e-01,-4.863561461790643747e+00
1.500000000000000000e+01,2.466406904045119197e-01,1.963202292277774208e-01,3.945032928905590097e+00,-2.415038949359548937e-01,-4.780617501080238085e+00
1.600000000000000000e+01,2.353804640895529876e-01,2.126989306111062294e-01,3.930888331998917629e+00,-2.615862996732688517e-01,-4.819777136955349484e+00
1.700000000000000000e+01,2.305328480217949116e-01,2.289778358726732299e-01,3.906937262776077446e+00,-2.814491608641285225e-01,-4.767086685806317448e+00
1.800000000000000000e+01,2.391859417863269888e-01,2.448653310825555651e-01,3.812998850371760895e+00,-3.006425625214692032e-01,-4.606416397761761594e+00
1.900000000000000000e+01,2.489384714079428962e-01,2.600028333327289443e-01,3.633000540041615878e+00,-3.188242659361987807e-01,-4.363608819535100380e+00
2.000000000000000000e+01,9.764921235488623896e-01,2.742947891886040046e-01,3.430069405410013594e+00,-3.358315657429542522e-01,-4.081751953621315820e+00
2.100000000000000000e+01,5.106045664161885655e-01,2.878116687120501060e-01,3.244051085627069231e+00,-3.515928296017032384e-01,-3.782703326099762009e+00
2.200000000000000000e+01,8.348137619007195420e-02,3.005458581431064702e-01,3.056205463453522064e+00,-3.660605586559219637e-01,-3.472254973012491863e+00
2.300000000000000000e+01,2.069266060831925491e-01,3.121667684327065762e-01,2.789018469504031650e+00,-3.809778998838036501e-01,-3.580161894691610946e+00
2.400000000000000000e+01,2.916984053839450919e-01,3.229870004544109219e-01,2.596855685209036757e+00,-3.951282004023908834e-01,-3.396072124460929764e+00
2.500000000000000000e+01,2.399348233586670043e-01,3.327843728429034087e-01,2.351369373238201721e+00,-4.079572867176137208e-01,-3.078980715653484523e+00
2.600000000000000000e+01,2.560285573817574489e-01,3.417089327728856096e-01,2.141894383195726892e+00,-4.195181001914236596e-01,-2.774595233714382214e+00
2.700000000000000000e+01,2.441622663040746710e-01,3.498302410225982984e-01,1.949113979931047735e+00,-4.299251070280267761e-01,-2.497681640784743529e+00
2.800000000000000000e+01,2.343932297944021914e-01,3.571860352405049066e-01,1.765390612297581319e+00,-4.392913593026662178e-01,-2.247900545913460224e+00
2.900000000000000000e+01,2.239546377765056495e-01,3.639243924037627309e-01,1.617205719181879386e+00,-4.477207410414831834e-01,-2.023051617316077522e+00
3.000000000000000000e+01,2.150119971165050381e-01,3.701336279681659569e-01,1.490216535456778901e+00,-4.553069518596981058e-01,-1.820690596371584924e+00
3.100000000000000000e+01,2.077183143312700542e-01,3.758575643850510239e-01,1.373744740052409874e+00,-4.621343033204974859e-01,-1.638564350591857455e+00
3.200000000000000000e+01,2.018985855138847874e-01,3.811181657788781929e-01,1.262544334518525435e+00,-4.682786279086360581e-01,-1.474637901153255770e+00
3.300000000000000000e+01,1.975827583927025621e-01,3.859153515149441604e-01,1.151324576655837095e+00,-4.738081033337901427e-01,-1.327074102036981396e+00
3.400000000000000000e+01,1.964274313922631798e-01,3.901342743176504091e-01,1.012541472649504559e+00,-4.787841379431623801e-01,-1.194248306249332092e+00
3.500000000000000000e+01,1.929522803070746473e-01,3.939114207321957051e-01,9.065151394908661509e-01,-4.832620596317847017e-01,-1.074701205269355864e+00
3.600000000000000000e+01,1.911436173805138861e-01,3.972455258161528557e-01,8.001852201497164918e-01,-4.872924666062543597e-01,-9.672976738727190327e-01
3.700000000000000000e+01,1.900842564233360399e-01,4.001291270726077265e-01,6.920643015491741989e-01,-4.909200550858994205e-01,-8.706212351148137074e-01
3.800000000000000000e+01,1.905794097711795976e-01,4.024601530786529047e-01,5.594462414508383219e-01,-4.941844605894357145e-01,-7.834573208487072282e-01
3.900000000000000000e+01,1.888412857843315418e-01,4.041927115699209261e-01,4.158140379043223644e-01,-4.971232411406758533e-01,-7.053073322976399773e-01
4.000000000000000000e+01,1.852398276525864806e-01,4.054157903713486166e-01,2.935389123426497826e-01,-4.997681674786498829e-01,-6.347823211137708643e-01
4.100000000000000000e+01,1.834425708542536948e-01,4.063334617843480379e-01,2.202411391198596802e-01,-5.021485833014330824e-01,-5.712997974679698832e-01
4.200000000000000000e+01,1.816055529302046390e-01,4.070037025657520791e-01,1.608577875369751886e-01,-5.042909635024024340e-01,-5.141712482326475930e-01
4.300000000000000000e+01,1.797737108816186147e-01,4.074335531992220316e-01,1.031641520327899603e-01,-5.062189447507339235e-01,-4.627154995995685360e-01
4.400000000000000000e+01,1.786121218746327122e-01,4.076976212801787236e-01,6.337633942960875510e-02,-5.079537344835768353e-01,-4.163495358822885128e-01
4.500000000000000000e+01,1.775321461487692765e-01,4.078327744849550296e-01,3.243676914631609537e-02,-5.095146399315508834e-01,-3.746173075137848585e-01
4.600000000000000000e+01,1.762765083319942083e-01,4.078209277672792399e-01,-2.843212242192201533e-03,-5.109191806533616154e-01,-3.370897732345756737e-01
4.700000000000000000e+01,1.752565896347438867e-01,4.076713868990443634e-01,-3.588980837637168603e-02,-5.121829215960516102e-01,-3.032978262455907625e-01
4.800000000000000000e+01,1.744373607978384200e-01,4.074057593060942950e-01,-6.375062230802175378e-02,-5.133198473701012787e-01,-2.728621857719095711e-01
4.900000000000000000e+01,1.737531924177029008e-01,4.070456195575069547e-01,-8.643353966096033181e-02,-5.143425620063364345e-01,-2.454515126964263438e-01
5.000000000000000000e+01,1.735523240283581292e-01,4.066650899084274240e-01,-9.132711577909267964e-02,-5.152623793301779331e-01,-2.207561577219485649e-01
5.100000000000000000e+01,1.732915384029431738e-01,4.062975852339146265e-01,-8.820112188306872270e-02,-5.160896665589033150e-01,-1.985489348940883692e-01
5.200000000000000000e+01,1.729111055104398387e-01,4.059384472950110512e-01,-8.619310533685144160e-02,-5.168337899508492761e-01,-1.785896140670325261e-01
5.300000000000000000e+01,1.726061007490998223e-01,4.055904156968423435e-01,-8.352758356048980981e-02,-5.175030658896937474e-01,-1.606262253226828085e-01
5.400000000000000000e+01,1.723216570558933902e-01,4.052522963588323091e-01,-8.114864112240958993e-02,-5.181049910416759552e-01,-1.444620364757179809e-01
5.500000000000000000e+01,1.720729881380679838e-01,4.049239086781339925e-01,-7.881304336759063778e-02,-5.186462885645530818e-01,-1.299114054904982885e-01
5.600000000000000000e+01,1.718519115824247157e-01,4.046048397726771384e-01,-7.657653730963964733e-02,-5.191330212212356132e-01,-1.168158376038006263e-01
5.700000000000000000e+01,1.716564500694288953e-01,4.042947776532432869e-01,-7.441490866412435456e-02,-5.195706395378785203e-01,-1.050283959942986400e-01
5.800000000000000000e+01,1.714833508706438692e-01,4.039933819248909819e-01,-7.233497480454784134e-02,-5.199640549484858543e-01,-9.441969854574755461e-02
5.900000000000000000e+01,1.713303635404118397e-01,4.037003521926375016e-01,-7.032713574084056840e-02,-5.203176817831965950e-01,-8.487044033057562775e-02
6.000000000000000000e+01,1.711758171205302326e-01,4.034110073572849120e-01,-6.944276048462813544e-02,-5.206354452554201595e-01,-7.626323333365041257e-02
6.100000000000000000e+01,1.710430505772978782e-01,4.031242338710834261e-01,-6.882563668836325088e-02,-5.209208720967604123e-01,-6.850244192167152801e-02
6.200000000000000000e+01,1.709309267627057149e-01,4.028408772850462505e-01,-6.800558064892212040e-02,-5.211771840493768515e-01,-6.151486862794278837e-02
6.300000000000000000e+01,1.708325120582113998e-01,4.025614363346483038e-01,-6.706582809550451496e-02,-5.214072926021418031e-01,-5.522605266358551757e-02
6.400000000000000000e+01,1.707469034823927423e-01,4.022863658422815014e-01,-6.601691816803388624e-02,-5.216138180950403713e-01,-4.956611829566401339e-02
6.500000000000000000e+01,1.706725152258109501e-01,4.020160215039182416e-01,-6.488264120718764683e-02,-5.217991128735948170e-01,-4.447074685306127984e-02
6.600000000000000000e+01,1.706082380460217096e-01,4.017507115250046890e-01,-6.367439493925261540e-02,-5.219653059697039188e-01,-3.988634306619183445e-02
6.700000000000000000e+01,1.705529558548913582e-01,4.014906954090490254e-01,-6.240386782936055421e-02,-5.221143075516122556e-01,-3.576037965801067559e-02
6.800000000000000000e+01,1.705055851070868544e-01,4.012361590254927557e-01,-6.108873205350469349e-02,-5.222478427312043925e-01,-3.204844310212270203e-02
6.900000000000000000e+01,1.704653105702995664e-01,4.009872577359043233e-01,-5.973630950123039185e-02,-5.223674581487119939e-01,-2.870770020182339399e-02
7.000000000000000000e+01,1.704312871253025885e-01,4.007440956029083567e-01,-5.835891191902792957e-02,-5.224745517408079243e-01,-2.570246210302753326e-02
7.100000000000000000e+01,1.704028879020045573e-01,4.005067603224026773e-01,-5.696046732136302720e-02,-5.225703816504978505e-01,-2.299917832558639325e-02
7.200000000000000000e+01,1.703793870061744153e-01,4.002752950579083757e-01,-5.555166347863101095e-02,-5.226560742460223397e-01,-2.056622292588941581e-02
7.300000000000000000e+01,1.703602846756739897e-01,4.000497267356655229e-01,-5.413639733828731065e-02,-5.227326492192625462e-01,-1.837799357763744701e-02
7.400000000000000000e+01,1.703450487615399689e-01,3.998300497869677339e-01,-5.272246768746664120e-02,-5.228010302533756537e-01,-1.641144818715746523e-02
7.500000000000000000e+01,1.703331911308565705e-01,3.996162353581214077e-01,-5.131546292311424395e-02,-5.228620367422744941e-01,-1.464155733572806463e-02
7.600000000000000000e+01,1.703243708908156184e-01,3.994082515203378203e-01,-4.991612106805827509e-02,-5.229164121009449717e-01,-1.305008608091549720e-02
7.700000000000000000e+01,1.703156473498445012e-01,3.992052469936092085e-01,-4.872108641486544434e-02,-5.229648373238033887e-01,-1.162205348600757818e-02
7.800000000000000000e+01,1.703104700072700373e-01,3.990073079723489013e-01,-4.750536510248032362e-02,-5.230078955035019073e-01,-1.033396312763991062e-02
7.900000000000000000e+01,1.703073533095325887e-01,3.988143987827037495e-01,-4.629820551484038760e-02,-5.230461352652855389e-01,-9.177542828058974159e-03
8.000000000000000000e+01,1.703061668425646935e-01,3.986264873182059354e-01,-4.509875147947001173e-02,-5.230800444114102055e-01,-8.138195069909686524e-03
8.100000000000000000e+01,1.703066619892344702e-01,3.984435327621055345e-01,-4.390909346409082453e-02,-5.231100619639063032e-01,-7.204212599050571937e-03
8.200000000000000000e+01,1.703085729756859679e-01,3.982654685770052327e-01,-4.273540442407769424e-02,-5.231365830426011332e-01,-6.365058886751575641e-03
8.300000000000000000e+01,1.703118217462903650e-01,3.980922527606407524e-01,-4.157179592747123342e-02,-5.231599632553393109e-01,-5.611251057157536776e-03
8.400000000000000000e+01,1.703160653879417230e-01,3.979237879063295957e-01,-4.043156503467487672e-02,-5.231805226491810235e-01,-4.934254521997922215e-03
8.500000000000000000e+01,1.703213432091996993e-01,3.977600161503798692e-01,-3.930522142793562573e-02,-5.231985552269448059e-01,-4.327818663302626136e-03
8.600000000000000000e+01,1.703273742734732754e-01,3.976008436922174871e-01,-3.820138995897032208e-02,-5.232143196307029731e-01,-3.783456901952209680e-03
8.700000000000000000e+01,1.703341160015856837e-01,3.974461920717902719e-01,-3.711638890252626916e-02,-5.232280486383205087e-01,-3.294961828211242540e-03
8.800000000000000000e+01,1.703414107219967666e-01,3.972959668331934036e-01,-3.605405726324966559e-02,-5.232399517498760311e-01,-2.856746773319953931e-03
8.900000000000000000e+01,1.703491891996846141e-01,3.971500770056479723e-01,-3.501355861089943539e-02,-5.232502175154402080e-01,-2.463783735391677880e-03
9.000000000000000000e+01,1.703573605472359087e-01,3.970084287945240820e-01,-3.399557066973096092e-02,-5.232590156300765960e-01,-2.111547512730226842e-03
9.100000000000000000e+01,1.703658843140812562e-01,3.968709258637258541e-01,-3.300070339157595845e-02,-5.232665107402714177e-01,-1.798826446759578448e-03
9.200000000000000000e+01,1.703746314944826756e-01,3.967374695898380210e-01,-3.202950573308255278e-02,-5.232728331464688853e-01,-1.517377487386659335e-03
9.300000000000000000e+01,1.703835928216510531e-01,3.966079712117868139e-01,-3.107961073228431015e-02,-5.232781060795331785e-01,-1.265503935424622814e-03
9.400000000000000000e+01,1.703927055964377657e-01,3.964823329632125026e-01,-3.015317965783463963e-02,-5.232824464077064919e-01,-1.041678761608032158e-03
9.500000000000000000e+01,1.704018854375247416e-01,3.963604489729978253e-01,-2.925215765152382533e-02,-5.232859533519425010e-01,-8.416666166495971905e-04
9.600000000000000000e+01,1.704111597350211615e-01,3.962422299176017182e-01,-2.837257329506297568e-02,-5.232887221715638582e-01,-6.645167091357315594e-04
9.700000000000000000e+01,1.704204194545980156e-01,3.961275775244438302e-01,-2.751657435789038944e-02,-5.232908266790320395e-01,-5.050817923736299238e-04
9.800000000000000000e+01,1.704296701568638051e-01,3.960163914272729069e-01,-2.668466332102685523e-02,-5.232923452264913733e-01,-3.644513902368485430e-04
9.900000000000000000e+01,1.704389259119681033e-01,3.959085872569272357e-01,-2.587300088296766790e-02,-5.232933483308715994e-01,-2.407450512615571462e-04
1.000000000000000000e+02,1.704480716369137783e-01,3.958040652393033376e-01,-2.508528422973015787e-02,-5.232938875364806508e-01,-1.294093461850151234e-04
1.010000000000000000e+02,1.704571740135053248e-01,3.957027415381726976e-01,-2.431768827135620883e-02,-5.232940211541247111e-01,-3.206823456572597902e-05
1.020000000000000000e+02,1.704661599256953042e-01,3.956045228195361196e-01,-2.357249247278529747e-02,-5.232937957030646681e-01,5.410825441910737489e-05
1.030000000000000000e+02,1.704750430587136378e-01,3.955093191223298388e-01,-2.284888732951133664e-02,-5.232932590110997984e-01,1.288060715562376602e-04
1.040000000000000000e+02,1.704837899996101136e-01,3.954170494815965053e-01,-2.214471377600395197e-02,-5.232924422023207400e-01,1.960341069776776256e-04
1.050000000000000000e+02,1.704924133655491558e-01,3.953276291079454996e-01,-2.146088967623597729e-02,-5.232913852093378226e-01,2.536783159093576124e-04
1.060000000000000000e+02,1.705008722579658687e-01,3.952409697699963975e-01,-2.079824110778175777e-02,-5.232901180110358652e-01,3.041275924738799175e-04
1.070000000000000000e+02,1.705092303074811633e-01,3.951570039804357393e-01,-2.015178949456189472e-02,-5.232886735488757601e-01,3.466709184322926606e-04
1.080000000000000000e+02,1.705173701968043520e-01,3.950756411983589733e-01,-1.952706769842640216e-02,-5.232870695492433111e-01,3.849599117951375328e-04
1.090000000000000000e+02,1.705253555177872749e-01,3.949967999369520255e-01,-1.892190273766605063e-02,-5.232853338868146409e-01,4.165589828726126492e-04
1.100000000000000000e+02,1.705331915841876156e-01,3.949204128185467289e-01,-1.833290841726844395e-02,-5.232834856883339381e-01,4.435676353661771685e-04
1.110000000000000000e+02,1.705408694184659957e-01,3.948464132427772499e-01,-1.775989818467217651e-02,-5.232815421678708168e-01,4.664449111364422766e-04
1.120000000000000000e+02,1.705477697029120776e-01,3.947745028507352316e-01,-1.725849409008162541e-02,-5.232795128576236410e-01,4.870344593287565752e-04
1.130000000000000000e+02,1.705529666481957196e-01,3.947040316496766010e-01,-1.691308825407123254e-02,-5.232773765342483285e-01,5.127176100767308776e-04
1.140000000000000000e+02,1.705586466814061619e-01,3.946351120204755203e-01,-1.654071100825393187e-02,-5.232751498595221706e-01,5.344019342748341410e-04
1.150000000000000000e+02,1.705641220305581240e-01,3.945676782129134419e-01,-1.618411381489869016e-02,-5.232728418685802518e-01,5.539178260527119263e-04
1.160000000000000000e+02,1.705695642417540681e-01,3.945017068145804662e-01,-1.583313559991270103e-02,-5.232704666535086258e-01,5.700516171779399606e-04
1.170000000000000000e+02,1.705748833987972835e-01,3.944371529124497955e-01,-1.549293651135682376e-02,-5.232680309367203630e-01,5.845720291899706442e-04
1.180000000000000000e+02,1.705801932261793996e-01,3.943739999266552831e-01,-1.515671659068947540e-02,-5.232655526893159603e-01,5.947793770538297060e-04
1.190000000000000000e+02,1.705853660474946354e-01,3.943122090934593760e-01,-1.482979996702155599e-02,-5.232630302038926429e-01,6.053965016049072572e-04
1.200000000000000000e+02,1.705904910056254276e-01,3.942517514859628092e-01,-1.450982579917720061e-02,-5.232604798251812017e-01,6.120908907529217565e-04
1.210000000000000000e+02,1.705955138622795297e-01,3.941925951094917835e-01,-1.419753035304864401e-02,-5.232579043425104048e-01,6.181158409858483705e-04
1.220000000000000000e+02,1.706007225566064656e-01,3.941348303781294082e-01,-1.386353552697252960e-02,-5.232553003058117991e-01,6.249688076694549137e-04
1.230000000000000000e+02,1.706057609955498877e-01,3.940784015738674761e-01,-1.354291302285948705e-02,-5.232526765309525318e-01,6.297059662112215348e-04
1.240000000000000000e+02,1.706107775137076787e-01,3.940233002737500434e-01,-1.322431202819029233e-02,-5.232500409522132800e-01,6.325388974225682045e-04
1.250000000000000000e+02,1.706156375720427332e-01,3.939694771738652679e-01,-1.291754397234453483e-02,-5.232473947499819422e-01,6.350885355144976702e-04
1.260000000000000000e+02,1.706204458445785277e-01,3.939169057820860465e-01,-1.261713402701419330e-02,-5.232447509075367487e-01,6.345221868473162590e-04
1.270000000000000000e+02,1.706251462547091757e-01,3.938655562950334477e-01,-1.232387689262340151e-02,-5.232421091888990183e-01,6.340124730480879928e-04
1.280000000000000000e+02,1.706297475528468499e-01,3.938154018896664610e-01,-1.203705728807779110e-02,-5.232394693816880826e-01,6.335537306281303948e-04
1.290000000000000000e+02,1.706342953823756781e-01,3.937664184252481769e-01,-1.175603146039312305e-02,-5.232368432156901950e-01,6.302798395023229919e-04
1.300000000000000000e+02,1.706387229499954639e-01,3.937185722541863830e-01,-1.148308105483277809e-02,-5.232342293267839839e-01,6.273333374902082980e-04
1.310000000000000000e+02,1.706430756680887006e-01,3.936718390541125712e-01,-1.121596801770905101e-02,-5.232316324477247482e-01,6.232509742045422296e-04
1.320000000000000000e+02,1.706473226506850516e-01,3.936261909744306897e-01,-1.095553912365236290e-02,-5.232290508775279125e-01,6.195768472466522221e-04
1.330000000000000000e+02,1.706515115303872121e-01,3.935816029496042034e-01,-1.070112595835745473e-02,-5.232264950062360809e-01,6.134091100378519668e-04
1.340000000000000000e+02,1.706555764552716570e-01,3.935380404997212977e-01,-1.045498797189670960e-02,-5.232239622639588417e-01,6.078581465498218315e-04
1.350000000000000000e+02,1.706596071084635347e-01,3.934954964347192607e-01,-1.021057560048814136e-02,-5.232214562982591133e-01,6.014317679386396893e-04
1.360000000000000000e+02,1.706635219085912147e-01,3.934539404416837471e-01,-9.973438328525093682e-03,-5.232189744314791335e-01,5.956480271889025508e-04
1.370000000000000000e+02,1.706673533232544449e-01,3.934133452389917962e-01,-9.742848646063275928e-03,-5.232165202141915161e-01,5.890121490398267899e-04
1.380000000000000000e+02,1.706711359576132681e-01,3.933736981941117761e-01,-9.515290771202418799e-03,-5.232140968419113358e-01,5.816093472346560347e-04
1.390000000000000000e+02,1.706748067460371054e-01,3.933349700563717466e-01,-9.294753057607166649e-03,-5.232117012301379377e-01,5.749468256098170648e-04
1.400000000000000000e+02,1.706783968157659648e-01,3.932971345001669561e-01,-9.080533489150966267e-03,-5.232093365632851656e-01,5.675200446752863255e-04
1.410000000000000000e+02,1.706819405530091982e-01,3.932601797533820664e-01,-8.869139228370542805e-03,-5.232070057073253677e-01,5.594054303646732755e-04
1.420000000000000000e+02,1.706853895661474829e-01,3.932240833001843794e-01,-8.663148767446995566e-03,-5.232047052811691357e-01,5.521022774888721110e-04
1.430000000000000000e+02,1.706887722949778918e-01,3.931888248763243943e-01,-8.462021726395561882e-03,-5.232024382023007236e-01,5.440989284280444262e-04
1.440000000000000000e+02,1.706920589565760760e-01,3.931543802835131274e-01,-8.266702274702815087e-03,-5.232002011359911942e-01,5.368959142802645764e-04
1.450000000000000000e+02,1.706952918436898392e-01,3.931207337037549432e-01,-8.075179141958538712e-03,-5.231979970414492032e-01,5.289826900772160714e-04
1.460000000000000000e+02,1.706984729530275080e-01,3.930878709008538419e-01,-7.887072696267446656e-03,-5.231958285819624521e-01,5.204302768286436700e-04
1.470000000000000000e+02,1.707015617011582165e-01,3.930557611808399021e-01,-7.706332803349369431e-03,-5.231936981544897947e-01,5.113025934397549561e-04
1.480000000000000000e+02,1.707045715111145667e-01,3.930243948005336385e-01,-7.527931273502320476e-03,-5.231915959953653550e-01,5.045181898762962419e-04
1.490000000000000000e+02,1.707075506915925189e-01,3.929937570306090699e-01,-7.353064781893244896e-03,-5.231895311986831665e-01,4.955512037355039442e-04
1.500000000000000000e+02,1.707104325375266296e-01,3.929638226937438583e-01,-7.184240847647768539e-03,-5.231875000281989152e-01,4.874809162262703512e-04
1.510000000000000000e+02,1.707132694055822908e-01,3.929345870117413320e-01,-7.016563680605866771e-03,-5.231854991212927519e-01,4.802176574924181627e-04
1.520000000000000000e+02,1.707160579004570466e-01,3.929060278028310149e-01,-6.854210138471227877e-03,-5.231835373725356453e-01,4.708197017102040824e-04
1.530000000000000000e+02,1.707187579972781200e-01,3.928781310638840285e-01,-6.695217347277689079e-03,-5.231816049056480233e-01,4.637920530186512443e-04
1.540000000000000000e+02,1.707214208927339827e-01,3.928508782316198489e-01,-6.540679743406694474e-03,-5.231797107133717706e-01,4.546061462891303091e-04
1.550000000000000000e+02,1.707240093486565580e-01,3.928242525990859879e-01,-6.390151808125522394e-03,-5.231778509682455391e-01,4.463388302908163604e-04
1.560000000000000000e+02,1.707265292461641881e-01,3.927982391300252618e-01,-6.243232574574246289e-03,-5.231760222255540382e-01,4.388982459688264815e-04
1.570000000000000000e+02,1.707289860262664605e-01,3.927728242918061552e-01,-6.099561172580165308e-03,-5.231742213850533174e-01,4.322017201806180537e-04
1.580000000000000000e+02,1.707314518459973340e-01,3.927480078259893426e-01,-5.955951796037301307e-03,-5.231724575774526764e-01,4.233138241572067585e-04
1.590000000000000000e+02,1.707337976160534510e-01,3.927237537371924825e-01,-5.820981311249390222e-03,-5.231707270994615522e-01,4.153147178787477273e-04
1.600000000000000000e+02,1.707361227384418811e-01,3.927000653923583551e-01,-5.685202760191469980e-03,-5.231690266181179272e-01,4.081155224675894473e-04
1.610000000000000000e+02,1.707383677179558634e-01,3.926769219798775801e-01,-5.554418995388165324e-03,-5.231673531337559524e-01,4.016362468817535132e-04
1.620000000000000000e+02,1.707406087854691223e-01,3.926543166902306536e-01,-5.425269515264018010e-03,-5.231657158676047414e-01,3.929438762865085605e-04
1.630000000000000000e+02,1.707427558846564275e-01,3.926322314739210673e-01,-5.300451914298576379e-03,-5.231641052373766643e-01,3.865512547396980918e-04
1.640000000000000000e+02,1.707448719673351767e-01,3.926106560468665130e-01,-5.178102493099096676e-03,-5.231625245399410540e-01,3.793673845535206748e-04
1.650000000000000000e+02,1.707469436742347080e-01,3.925895751929283084e-01,-5.059404945162500333e-03,-5.231609767424794111e-01,3.714713907881756448e-04
1.660000000000000000e+02,1.707489687240186793e-01,3.925689811780462835e-01,-4.942563571681065845e-03,-5.231594585549891319e-01,3.643649976775926091e-04
1.670000000000000000e+02,1.707509554245227601e-01,3.925488610811017631e-01,-4.828823266680879953e-03,-5.231579729769305631e-01,3.565387340617202569e-04
1.680000000000000000e+02,1.707528814260001471e-01,3.925292092335525007e-01,-4.716443411828731558e-03,-5.231565107868855202e-01,3.509256108234889353e-04
1.690000000000000000e+02,1.707547626174052424e-01,3.925100086127814580e-01,-4.608148985053178194e-03,-5.231550756065040941e-01,3.444432915446298503e-04
1.700000000000000000e+02,1.707566168558368180e-01,3.924912498588978838e-01,-4.502100932055107772e-03,-5.231536706952659710e-01,3.371786971464458670e-04
1.710000000000000000e+02,1.707584251211312354e-01,3.924729245480002571e-01,-4.398074615432431660e-03,-5.231522930262298976e-01,3.306405686490006008e-04
1.720000000000000000e+02,1.707601963642628728e-01,3.924550191381127595e-01,-4.297298372998942240e-03,-5.231509458356047304e-01,3.233257500306799368e-04
1.730000000000000000e+02,1.707619221678360610e-01,3.924375333623864592e-01,-4.196586174317624984e-03,-5.231496201150255265e-01,3.181729389970686605e-04
1.740000000000000000e+02,1.707636221614149685e-01,3.924204490992639349e-01,-4.100223149409011267e-03,-5.231483256383473446e-01,3.106744027571349217e-04
1.750000000000000000e+02,1.707652675297229583e-01,3.924037619602730453e-01,-4.004913357807204574e-03,-5.231470533205978546e-01,3.053562598793837547e-04
1.760000000000000000e+02,1.707668455777039407e-01,3.923874441539312308e-01,-3.916273522040803444e-03,-5.231458069062179250e-01,2.991394511784216869e-04
1.770000000000000000e+02,1.707684278788596244e-01,3.923715064306924072e-01,-3.825053577315217900e-03,-5.231445838046125951e-01,2.935443852692430156e-04
1.780000000000000000e+02,1.707699879841294288e-01,3.923559405845728487e-01,-3.735803068690085518e-03,-5.231433876446223152e-01,2.870783976753103978e-04
1.790000000000000000e+02,1.707714941119864993e-01,3.923407332697245731e-01,-3.649755563579799335e-03,-5.231422157315840371e-01,2.812591291743037525e-04
1.800000000000000000e+02,1.707729707583038048e-01,3.923258724748869275e-01,-3.566590761032641978e-03,-5.231410716005607808e-01,2.745914455686557297e-04
1.810000000000000000e+02,1.707744083495121024e-01,3.923113593108611408e-01,-3.483159366186950115e-03,-5.231399465116125524e-01,2.700213475789529872e-04
1.820000000000000000e+02,1.707758069469498263e-01,3.922971768959791494e-01,-3.403779571678572542e-03,-5.231388445193819736e-01,2.644781353446511878e-04
1.830000000000000000e+02,1.707771841278538372e-01,3.922833159972146655e-01,-3.326615703474655912e-03,-5.231377692721955741e-01,2.580593247272379822e-04
1.840000000000000000e+02,1.707784929002212904e-01,3.922697563839259716e-01,-3.254307189280237437e-03,-5.231367180922122939e-01,2.522831959995017951e-04
1.850000000000000000e+02,1.707798155103696647e-01,3.922565036904266389e-01,-3.180646439833687781e-03,-5.231356945271677938e-01,2.456556106911259832e-04
1.860000000000000000e+02,1.707810724399232705e-01,3.922435391457635423e-01,-3.111490719139657288e-03,-5.231346958077947029e-01,2.396926495295958071e-04
1.870000000000000000e+02,1.707822988413696674e-01,3.922308577770731719e-01,-3.043528485686815624e-03,-5.231337194365766052e-01,2.343290923401232311e-04
1.880000000000000000e+02,1.707835298877097563e-01,3.922184610693459361e-01,-2.975209854532993338e-03,-5.231327691181355544e-01,2.280764258565083310e-04
1.890000000000000000e+02,1.707846963932455886e-01,3.922063384382954987e-01,-2.909431452104430799e-03,-5.231318362540106071e-01,2.238873899823221579e-04
1.900000000000000000e+02,1.707858445204476217e-01,3.921944803582484984e-01,-2.845939211273799691e-03,-5.231309250125618648e-01,2.186979476930880776e-04
1.910000000000000000e+02,1.707869691640468424e-01,3.921828842170070328e-01,-2.783073897950193425e-03,-5.231300331511721247e-01,2.140467335327785622e-04
1.920000000000000000e+02,1.707880715477848865e-01,3.921715476642915754e-01,-2.720772651710740269e-03,-5.231291585994529703e-01,2.098924125874726933e-04
1.930000000000000000e+02,1.707891587037051739e-01,3.921604626252173098e-01,-2.660409377821958913e-03,-5.231283053948888595e-01,2.047690953986566298e-04
1.940000000000000000e+02,1.707902113321849158e-01,3.921496218340253526e-01,-2.601789886074911545e-03,-5.231274710941933304e-01,2.002321669328735606e-04
1.950000000000000000e+02,1.707912318999347534e-01,3.921390187540626515e-01,-2.544739191048433439e-03,-5.231266533239671279e-01,1.962648542847992628e-04
1.960000000000000000e+02,1.707922360687575969e-01,3.921286534678076752e-01,-2.487668701195600018e-03,-5.231258496112252132e-01,1.928910580609252831e-04
1.970000000000000000e+02,1.707932295867906625e-01,3.921185200941425530e-01,-2.432009679635786185e-03,-5.231250633808808281e-01,1.886952826502875697e-04
1.980000000000000000e+02,1.707941784428089194e-01,3.921086073862104504e-01,-2.379049903704947080e-03,-5.231242913904545766e-01,1.852777023037023032e-04
1.990000000000000000e+02,1.707950995285885953e-01,3.920989111936822868e-01,-2.327086206753377351e-03,-5.231235301196598408e-01,1.827049907287183340e-04
2.000000000000000000e+02,1.707960074655078542e-01,3.920894337574956090e-01,-2.274584684803163028e-03,-5.231227756896230652e-01,1.810632088193216680e-04
2.010000000000000000e+02,1.707969002441531714e-01,3.920801651576292790e-01,-2.224463967923319494e-03,-5.231220319291860488e-01,1.785025048731208013e-04
2.020000000000000000e+02,1.707977529649431503e-01,3.920711024390998167e-01,-2.175052447076813306e-03,-5.231212900509257802e-01,1.780507824582136642e-04
2.030000000000000000e+02,1.707986171777288731e-01,3.920622429039202217e-01,-2.126288443104043090e-03,-5.231205564602725566e-01,1.760617567763810161e-04
2.040000000000000000e+02,1.707994694088434129e-01,3.920535841326374671e-01,-2.078105107855022886e-03,-5.231198306851359003e-01,1.741860327991827785e-04
2.050000000000000000e+02,1.708003124415328478e-01,3.920451119472985746e-01,-2.033324481338514168e-03,-5.231191215902866176e-01,1.701827638221195451e-04
2.060000000000000000e+02,1.708011246078625645e-01,3.920368316573655809e-01,-1.987269583924766887e-03,-5.231184181606165495e-01,1.688231208240287533e-04
2.070000000000000000e+02,1.708019281241390797e-01,3.920287298022131495e-01,-1.944445236583126511e-03,-5.231177284245382975e-01,1.655366587785126798e-04
2.080000000000000000e+02,1.708027359350485497e-01,3.920208187566582847e-01,-1.898650933162287016e-03,-5.231170476095067245e-01,1.633956075679310685e-04
2.090000000000000000e+02,1.708035606692077935e-01,3.920130785559037268e-01,-1.857648181097191434e-03,-5.231163954603774702e-01,1.565157910162684387e-04
2.100000000000000000e+02,1.708043189062113387e-01,3.920055119039667080e-01,-1.815996464885273566e-03,-5.231157545297384637e-01,1.538233533508643095e-04
2.110000000000000000e+02,1.708052490822236924e-01,3.919981091884363611e-01,-1.776651727281774919e-03,-5.231151787125233321e-01,1.381961316381742275e-04
2.120000000000000000e+02,1.708097654301205248e-01,3.919908624151683396e-01,-1.739225584319323238e-03,-5.231157402366206632e-01,-1.347657833615112529e-04
2.130000000000000000e+02,1.708059460178203703e-01,3.919835646091024417e-01,-1.751473455814001696e-03,-5.231151455404894346e-01,1.427270714998753740e-04
2.140000000000000000e+02,1.708067444717719374e-01,3.919766719596071702e-01,-1.654235878860526882e-03,-5.231144403183721758e-01,1.692533081429274211e-04
2.150000000000000000e+02,1.708078405708262915e-01,3.919699041412724738e-01,-1.624276400322971839e-03,-5.231138996472178837e-01,1.297610770218853634e-04
2.160000000000000000e+02,1.708083762888110979e-01,3.919632600468211381e-01,-1.594582668314343740e-03,-5.231133360313140468e-01,1.352678169121500991e-04
2.170000000000000000e+02,1.708126975783046120e-01,3.919567741822509999e-01,-1.556607496826984283e-03,-5.231137750351942950e-01,-1.053609312480487613e-04
2.180000000000000000e+02,1.708089140916272952e-01,3.919502506765419891e-01,-1.565641370156892545e-03,-5.231131680526109884e-01,1.456758199923063998e-04
2.190000000000000000e+02,1.708135722302605575e-01,3.919440823030771459e-01,-1.480409631559880803e-03,-5.231135779617103188e-01,-9.837818382975253959e-05
2.200000000000000000e+02,1.708097130382095763e-01,3.919378147059586204e-01,-1.504223308445736028e-03,-5.231129132295979645e-01,1.595357069560437643e-04
2.210000000000000000e+02,1.708143858903627132e-01,3.919319183508215287e-01,-1.415125232905612915e-03,-5.231132420862319998e-01,-7.892559216523479648e-05
2.220000000000000000e+02,1.708105887766757369e-01,3.919259253980242885e-01,-1.438308671337083702e-03,-5.231125392192548240e-01,1.686880745288062578e-04
2.230000000000000000e+02,1.708152098523177398e-01,3.919202881062281429e-01,-1.352950031081057549e-03,-5.231127901264346347e-01,-6.021772315635326358e-05
2.240000000000000000e+02,1.708114455287417510e-01,3.919145581553671320e-01,-1.375188206648738764e-03,-5.231120543772322939e-01,1.765798085587200910e-04
2.250000000000000000e+02,1.708160172339199534e-01,3.919091634825186965e-01,-1.294721483621807728e-03,-5.231122376754687719e-01,-4.399157676249329432e-05
2.260000000000000000e+02,1.708123333888902640e-01,3.919036817476747037e-01,-1.315616362557371416e-03,-5.231114900183860827e-01,1.794376998559492180e-04
2.270000000000000000e+02,1.708168516200161136e-01,3.918985282951198967e-01,-1.236828613154694698e-03,-5.231116210702578817e-01,-3.145244923195226593e-05
2.280000000000000000e+02,1.708131977277696500e-01,3.918932816333478564e-01,-1.259198825292879393e-03,-5.231108652344045318e-01,1.814006048097257032e-04
2.290000000000000000e+02,1.708176781831910185e-01,3.918883634973243102e-01,-1.180352645645013111e-03,-5.231109530079642855e-01,-2.106565435403532803e-05
2.300000000000000000e+02,1.708140523887522189e-01,3.918833526635017717e-01,-1.202600117408285417e-03,-5.231101869367443813e-01,1.838570927885156117e-04
2.310000000000000000e+02,1.708184867391095152e-01,3.918786465786109341e-01,-1.129460373796959414e-03,-5.231102516962522486e-01,-1.554228189182670235e-05
2.320000000000000000e+02,1.708148729965156265e-01,3.918738627744992598e-01,-1.148112986802744514e-03,-5.231094720759220662e-01,1.871088792313393577e-04
2.330000000000000000e+02,1.708192960340353395e-01,3.918693606060104084e-01,-1.080520437326977327e-03,-5.231095305935620221e-01,-1.404423360237968491e-05
2.340000000000000000e+02,1.708156399089378330e-01,3.918647788162989976e-01,-1.099629530734511865e-03,-5.231087390010534799e-01,1.899822020593292546e-04
2.350000000000000000e+02,1.708201577854283615e-01,3.918604876661102576e-01,-1.029876045301762657e-03,-5.231088130193158880e-01,-1.776438297402548635e-05
2.360000000000000000e+02,1.708163919792194951e-01,3.918561023487116546e-01,-1.052476175667218508e-03,-5.231080096727441786e-01,1.928031772181107819e-04
2.370000000000000000e+02,1.708209749357646468e-01,3.918520112766420427e-01,-9.818572967006753555e-04,-5.231081009838788320e-01,-2.191467230681909666e-05
2.380000000000000000e+02,1.708171662687722747e-01,3.918478124247947725e-01,-1.007724443342366931e-03,-5.231073020195519119e-01,1.917514384640808670e-04
2.390000000000000000e+02,1.708217779026894034e-01,3.918439066181026997e-01,-9.373936060964436654e-04,-5.231074200993758305e-01,-2.833915774709826240e-05
2.400000000000000000e+02,1.708179293356830997e-01,3.918398869340896651e-01,-9.647241631257356042e-04,-5.231066318349043565e-01,1.891834731454078303e-04
2.410000000000000000e+02,1.708225419226013786e-01,3.918361537980358245e-01,-8.959526529153171793e-04,-5.231067812573780840e-01,-3.586139369893216657e-05
2.420000000000000000e+02,1.708186803900882955e-01,3.918323075682682011e-01,-9.230951442274665285e-04,-5.231060075325865144e-01,1.856939499851666619e-04
2.430000000000000000e+02,1.708232311842581286e-01,3.918287422787423702e-01,-8.556694861969638567e-04,-5.231061664726526228e-01,-3.814561587784024419e-05
2.440000000000000000e+02,1.708194132617935346e-01,3.918250540637363000e-01,-8.851716014530144807e-04,-5.231054188583141862e-01,1.794274412210939372e-04
2.450000000000000000e+02,1.708240016990538734e-01,3.918216479269316932e-01,-8.174728331066281406e-04,-5.231056461216425646e-01,-5.454319881214165881e-05
2.460000000000000000e+02,1.708201121057684457e-01,3.918181128730228169e-01,-8.484129381262112569e-04,-5.231049155572213838e-01,1.753354610870303605e-04
2.470000000000000000e+02,1.708243058300033534e-01,3.918148583390860251e-01,-7.810881448342791048e-04,-5.231050104519487931e-01,-2.277473458526499449e-05
2.480000000000000000e+02,1.708246566565592428e-01,3.918114884736789150e-01,-8.087676977122162936e-04,-5.231054413571448736e-01,-1.034172470471291216e-04
2.490000000000000000e+02,1.708211525695723931e-01,3.918081687358099807e-01,-7.967370885437639536e-04,-5.231047558494149596e-01,1.645218551683689449e-04
2.500000000000000000e+02,1.708246777647699499e-01,3.918051158249651333e-01,-7.326986027693215952e-04,-5.231047464689233539e-01,2.251317993488138620e-06
2.510000000000000000e+02,1.708251730155225523e-01,3.918019750792173794e-01,-7.537789794581039021e-04,-5.231050528379510567e-01,-7.352856665879373187e-05
2.520000000000000000e+02,1.708217344251293512e-01,3.917988799811404910e-01,-7.428235384492229117e-04,-5.231043159525982089e-01,1.768524846778803160e-04
2.530000000000000000e+02,1.708252581865936093e-01,3.917960347018711875e-01,-6.828670246295183476e-04,-5.231042565387151733e-01,1.425933191740672706e-05
2.540000000000000000e+02,1.708257680153406899e-01,3.917930986865407195e-01,-7.046436793169848483e-04,-5.231044938913921305e-01,-5.696464245733714560e-05
2.550000000000000000e+02,1.708222523909733725e-01,3.917902133930346587e-01,-6.924704414522825412e-04,-5.231036877577166511e-01,1.934720821152816767e-04
2.560000000000000000e+02,1.708261165199726761e-01,3.917875672335469628e-01,-6.350782770481744072e-04,-5.231036780880844450e-01,2.320711737543106707e-06
2.570000000000000000e+02,1.708265135459469952e-01,3.917848044541714092e-01,-6.630670501301386870e-04,-5.231039460326952772e-01,-6.430670658905750475e-05
2.580000000000000000e+02,1.708230131344602165e-01,3.917820985673653444e-01,-6.494128334558890844e-04,-5.231031568688622180e-01,1.893993199363569013e-04
2.590000000000000000e+02,1.708266448882574395e-01,3.917796260935822450e-01,-5.933937079419500729e-04,-5.231031129295662385e-01,1.054543104407807720e-05
2.600000000000000000e+02,1.708270768126341488e-01,3.917770494161152417e-01,-6.184025920846720819e-04,-5.231033283537820378e-01,-5.170181178590444663e-05
2.610000000000000000e+02,1.708240891718563192e-01,3.917745143397203811e-01,-6.084183347613215291e-04,-5.231026731770145322e-01,1.572424242046350249e-04
2.620000000000000000e+02,1.708279334058977472e-01,3.917721865815307347e-01,-5.586619655115593851e-04,-5.231029019973721939e-01,-5.491688584229612383e-05
2.630000000000000000e+02,1.708244136618352060e-01,3.917697323584223290e-01,-5.890135460123257323e-04,-5.231022281428958642e-01,1.617250743320497257e-04
2.640000000000000000e+02,1.708283267981556830e-01,3.917675191803386414e-01,-5.311627400867934522e-04,-5.231024349236418347e-01,-4.962737903133586305e-05
2.650000000000000000e+02,1.708284940472024893e-01,3.917651639429914900e-01,-5.652569633108460055e-04,-5.231028753170922085e-01,-1.056944281028949660e-04
2.660000000000000000e+02,1.708248694240423193e-01,3.917628527963228358e-01,-5.546752004715325198e-04,-5.231021533308242155e-01,1.732767043062974322e-04
2.670000000000000000e+02,1.708277314739325703e-01,3.917607908724803356e-01,-4.948617221996497780e-04,-5.231020047421014452e-01,3.566129345975121946e-05
2.680000000000000000e+02,1.708282213255003512e-01,3.917586432532133567e-01,-5.154286240785932319e-04,-5.231020748727789327e-01,-1.683136258679874945e-05
2.690000000000000000e+02,1.708288393074743339e-01,3.917565258010765605e-01,-5.081885128340193035e-04,-5.231023473391466228e-01,-6.539192823755866023e-05
2.700000000000000000e+02,1.708251670012017054e-01,3.917544257050851186e-01,-5.040230379498464265e-04,-5.231015158786151975e-01,1.995505275300408620e-04
2.710000000000000000e+02,1.708287467253015446e-01,3.917525687904921394e-01,-4.456595023152401806e-04,-5.231014633802145708e-01,1.259961615926441774e-05
2.720000000000000000e+02,1.708290575602720018e-01,3.917505818304685139e-01,-4.768704056675684456e-04,-5.231016169149632633e-01,-3.684833969943845662e-05
2.730000000000000000e+02,1.708296087023257748e-01,3.917486387625133681e-01,-4.663363092329331260e-04,-5.231019442307355272e-01,-7.855578533924609057e-05
2.740000000000000000e+02,1.708258930981180757e-01,3.917466998491752617e-01,-4.653392011479055130e-04,-5.231011417846190836e-01,1.925870679488598950e-04
2.750000000000000000e+02,1.708289053101603172e-01,3.917450074692078732e-01,-4.061711921756207245e-04,-5.231009757549059946e-01,3.984713115385798326e-05
2.760000000000000000e+02,1.708292984284481841e-01,3.917432043318042623e-01,-4.327529768637250083e-04,-5.231010008597352101e-01,-6.025159022412233294e-06
2.770000000000000000e+02,1.708298956516556555e-01,3.917414445645537313e-01,-4.223441401259751208e-04,-5.231011927052576782e-01,-4.604292538998597066e-05
2.780000000000000000e+02,1.708303344793359324e-01,3.917396880764439371e-01,-4.215571463471459658e-04,-5.231015452780416464e-01,-8.461746816364003657e-05
2.790000000000000000e+02,1.708265958746658930e-01,3.917379405349630805e-01,-4.194099554067583007e-04,-5.231007458945017286e-01,1.918520495881118884e-04
2.800000000000000000e+02,1.708293138853267945e-01,3.917364386058030390e-01,-3.604629984100736159e-04,-5.231005261471841639e-01,5.273935620902315885e-05
2.810000000000000000e+02,1.708297227562098064e-01,3.917348306973800764e-01,-3.858980215085725625e-04,-5.231004859120302886e-01,9.656436934616963478e-06
2.820000000000000000e+02,1.708302898831226269e-01,3.917332585385190358e-01,-3.773181266451448054e-04,-5.231005960154138101e-01,-2.642481204712195496e-05
2.830000000000000000e+02,1.708307247265362649e-01,3.917316887598183972e-01,-3.767468881575140741e-04,-5.231008509995167532e-01,-6.119618469859138367e-05
2.840000000000000000e+02,1.708285286119588242e-01,3.917301375083153125e-01,-3.723003607338510441e-04,-5.231004476999087105e-01,9.679190592024458433e-05
2.850000000000000000e+02,1.708312068099247516e-01,3.917287367744493043e-01,-3.361761278412385597e-04,-5.231006849024275596e-01,-5.692860452749774357e-05
2.860000000000000000e+02,1.708296541748040576e-01,3.917272239394803957e-01,-3.630803925373731573e-04,-5.231005663317567222e-01,2.845696100096997005e-05
2.870000000000000000e+02,1.708315151044254854e-01,3.917258345149843279e-01,-3.334618790527921033e-04,-5.231008896991180546e-01,-7.760816672343595320e-05
2.880000000000000000e+02,1.708275055107568718e-01,3.917243821212180732e-01,-3.485745039023662177e-04,-5.231000415918208857e-01,2.035457513194784910e-04
2.890000000000000000e+02,1.708301969656691732e-01,3.917231810219202748e-01,-2.882638314729313333e-04,-5.230997971388648971e-01,5.866870943289998678e-05
2.900000000000000000e+02,1.708305168044764455e-01,3.917218676765373275e-01,-3.152028919053462318e-04,-5.230997029503128282e-01,2.260525249061571379e-05
2.910000000000000000e+02,1.708310144645606710e-01,3.917205844396271508e-01,-3.079768584464015360e-04,-5.230997316534130581e-01,-6.888744050404560005e-06
2.920000000000000000e+02,1.708314440061163841e-01,3.917193104250077385e-01,-3.057635086652377718e-04,-5.230998843020723266e-01,-3.663567821875268803e-05
2.930000000000000000e+02,1.708317873051136415e-01,3.917180387554365928e-01,-3.052006970783788437e-04,-5.231001491552276228e-01,-6.356475726144992003e-05
2.940000000000000000e+02,1.708296097854283546e-01,3.917167795884671233e-01,-3.022000726692062916e-04,-5.230997576679433658e-01,9.395694823460211864e-05
2.950000000000000000e+02,1.708320919896385848e-01,3.917156655920853159e-01,-2.673591316320775789e-04,-5.230999642807541150e-01,-4.958707458460356020e-05
2.960000000000000000e+02,1.708321750689371921e-01,3.917144544935586281e-01,-2.906636464116990485e-04,-5.231002909517252775e-01,-7.840103308520641936e-05
2.970000000000000000e+02,1.708282653163091525e-01,3.917132645659787693e-01,-2.855826191646058075e-04,-5.230994096918111236e-01,2.115023793971406796e-04
2.980000000000000000e+02,1.708309348403051764e-01,3.917123109586069796e-01,-2.288657692269757888e-04,-5.230991613461686285e-01,5.960295419666375655e-05
2.990000000000000000e+02,1.708311527499702387e-01,3.917112322573682026e-01,-2.588882973017726428e-04,-5.230990395689839589e-01,2.922652430872237862e-05
3.000000000000000000e+02,1.708316190059613049e-01,3.917101899812224786e-01,-2.501462749798259917e-04,-5.230990231638579235e-01,3.937230252390972005e-06
3.010000000000000000e+02,1.708319841242650072e-01,3.917091506909991527e-01,-2.494296536044886335e-04,-5.230991085165186405e-01,-2.048463857819586144e-05
3.020000000000000000e+02,1.708322885624369292e-01,3.917081140922772931e-01,-2.487836932507279074e-04,-5.230992845620501264e-01,-4.225092754618413012e-05
3.030000000000000000e+02,1.708325887754760519e-01,3.917070858802434996e-01,-2.467708881041130882e-04,-5.230995528857277366e-01,-6.439768261313787623e-05
3.040000000000000000e+02,1.708314211976248720e-01,3.917060690272662904e-01,-2.440447145303702658e-04,-5.230994703618621067e-01,1.980572774316071382e-05
3.050000000000000000e+02,1.708328799040117196e-01,3.917051321057145041e-01,-2.248611724254209201e-04,-5.230997484076128634e-01,-6.673098017236721411e-05
3.060000000000000000e+02,1.708290287200329993e-01,3.917041377114466871e-01,-2.386546242728636909e-04,-5.230989065527720250e-01,2.020451617907467962e-04
3.070000000000000000e+02,1.708321372210187261e-01,3.917033757069542932e-01,-1.828810781699122744e-04,-5.230988192715162466e-01,2.094750138836455719e-05
3.080000000000000000e+02,1.708321520384789571e-01,3.917024634821667517e-01,-2.189339490158711632e-04,-5.230988353652255007e-01,-3.862490221470999308e-06
3.090000000000000000e+02,1.708325216206252606e-01,3.917015948684111071e-01,-2.084673013571371018e-04,-5.230989327591635263e-01,-2.337454511925397295e-05
3.100000000000000000e+02,1.708327657385146636e-01,3.917007178268775425e-01,-2.104899680609738409e-04,-5.230991106825246817e-01,-4.270160668975683284e-05
3.110000000000000000e+02,1.708330076786279961e-01,3.916998451243708934e-01,-2.094486015894325844e-04,-5.230993648365779292e-01,-6.099697278779823479e-05
3.120000000000000000e+02,1.708326935416574488e-01,3.916989790159898233e-01,-2.078660114547065054e-04,-5.230995294381797223e-01,-3.950438443044790380e-05
3.130000000000000000e+02,1.708313440648769610e-01,3.916981473283873139e-01,-1.996050246081346462e-04,-5.230992510894358904e-01,6.680369852932719916e-05
3.140000000000000000e+02,1.708331034491020195e-01,3.916974005074480014e-01,-1.792370254295520241e-04,-5.230994204605060593e-01,-4.064905682943962888e-05
3.150000000000000000e+02,1.708331429553062164e-01,3.916965794362740616e-01,-1.970570817517873540e-04,-5.230996702783151653e-01,-5.995627418007479605e-05
3.160000000000000000e+02,1.708295111906293073e-01,3.916957788639872096e-01,-1.921373488433267772e-04,-5.230988033259479364e-01,2.080685681385535104e-04
3.170000000000000000e+02,1.708324619478750750e-01,3.916951911345943893e-01,-1.410550542740308640e-04,-5.230986748639971928e-01,3.083086817006681674e-05
3.180000000000000000e+02,1.708324496580401752e-01,3.916944655417481935e-01,-1.741422830877772194e-04,-5.230986317611449055e-01,1.034468454500770925e-05
3.190000000000000000e+02,1.708327508992905919e-01,3.916937708401441731e-01,-1.667283849673298444e-04,-5.230986548887195386e-01,-5.550617908421189684e-06
3.200000000000000000e+02,1.708329721654201772e-01,3.916930741425481699e-01,-1.672074230446095430e-04,-5.230987427862796579e-01,-2.109541442940429413e-05
3.210000000000000000e+02,1.708332167893013565e-01,3.916923875717895909e-01,-1.647769820556977446e-04,-5.230988977343427049e-01,-3.718753513838436524e-05
3.220000000000000000e+02,1.708333905840191125e-01,3.916916981975979706e-01,-1.654498059872584281e-04,-5.230991111425750129e-01,-5.121797576494432956e-05
3.230000000000000000e+02,1.708335560702036737e-01,3.916910122630922197e-01,-1.646242813787620479e-04,-5.230993799647192244e-01,-6.451731461226800613e-05
3.240000000000000000e+02,1.708296154409525147e-01,3.916903266541358897e-01,-1.645461495244562183e-04,-5.230984478477055388e-01,2.237080832864277017e-04
3.250000000000000000e+02,1.708324014913933930e-01,3.916898668393038463e-01,-1.103555596951195385e-04,-5.230982281035972958e-01,5.273858599089684736e-05
3.260000000000000000e+02,1.708324079524085881e-01,3.916892682759561817e-01,-1.436552034385522381e-04,-5.230980909436580006e-01,3.291838542584706658e-05
3.270000000000000000e+02,1.708326913312433193e-01,3.916886998067891645e-01,-1.364326000840816256e-04,-5.230980109466994987e-01,1.919927005270510953e-05
3.280000000000000000e+02,1.708329107274207670e-01,3.916881345836938921e-01,-1.356535428593990994e-04,-5.230979862845445139e-01,5.918917193715691376e-06
3.290000000000000000e+02,1.708331126250244858e-01,3.916875722844342933e-01,-1.349518223066477308e-04,-5.230980143236338975e-01,-6.729381464212066551e-06
3.300000000000000000e+02,1.708333063199000412e-01,3.916870185786961445e-01,-1.328893771493683165e-04,-5.230980917475709369e-01,-1.858174489500383390e-05
3.310000000000000000e+02,1.708334907940663727e-01,3.916864666494668801e-01,-1.324630150213721217e-04,-5.230982230070441164e-01,-3.150227355321196746e-05
3.320000000000000000e+02,1.708336348967978424e-01,3.916859163210815176e-01,-1.320788124903896023e-04,-5.230983991743982653e-01,-4.228016498886276334e-05
3.330000000000000000e+02,1.708337841047087025e-01,3.916853674358966031e-01,-1.317324443765413339e-04,-5.230986246942835871e-01,-5.412477247579390783e-05
3.340000000000000000e+02,1.708338944459780184e-01,3.916848198513968038e-01,-1.314202799534565608e-04,-5.230988908586523545e-01,-6.387944849221960223e-05
3.350000000000000000e+02,1.708304384893365169e-01,3.916842717463525081e-01,-1.315452106265210818e-04,-5.230981094643963880e-01,1.875346214333430410e-04
3.360000000000000000e+02,1.708331455681284250e-01,3.916839287726642804e-01,-8.231368517105068375e-05,-5.230980151308117776e-01,2.264006030215220131e-05
3.370000000000000000e+02,1.708330379073512151e-01,3.916834413235284473e-01,-1.169877926034222767e-04,-5.230979867614593548e-01,6.808644587405803721e-06
3.380000000000000000e+02,1.708332446594241494e-01,3.916829847737677839e-01,-1.095719425558974117e-04,-5.230979993296444031e-01,-3.016364411296605744e-06
3.390000000000000000e+02,1.708334030736548548e-01,3.916825262345668413e-01,-1.100494082209413740e-04,-5.230980589342592024e-01,-1.430510754188468164e-05
3.400000000000000000e+02,1.708335281547066764e-01,3.916820659068041555e-01,-1.104786630407214159e-04,-5.230981572736242979e-01,-2.360144762008175418e-05
3.410000000000000000e+02,1.708336741443348128e-01,3.916816099315228450e-01,-1.094340675113914793e-04,-5.230982985348620051e-01,-3.390269703904000769e-05
3.420000000000000000e+02,1.708337825816517164e-01,3.916811578747563249e-01,-1.084936239624494911e-04,-5.230984740210627981e-01,-4.211668817977855191e-05
3.430000000000000000e+02,1.708338988109055490e-01,3.916807093464185763e-01,-1.076468010603482821e-04,-5.230986884210526711e-01,-5.145599757894935906e-05
3.440000000000000000e+02,1.708339679073709039e-01,3.916802580350278729e-01,-1.083147337722951698e-04,-5.230989341046748953e-01,-5.896406932098687790e-05
3.450000000000000000e+02,1.708303769209249257e-01,3.916798143202128157e-01,-1.064915556203456927e-04,-5.230980844308327216e-01,2.039217221264629301e-04
3.460000000000000000e+02,1.708330441061632066e-01,3.916795713513728794e-01,-5.831252158130600477e-05,-5.230979307305554382e-01,3.688806653983462639e-05
3.470000000000000000e+02,1.708329216552786911e-01,3.916791858161020601e-01,-9.252846499271077778e-05,-5.230978348840648051e-01,2.300315773953597148e-05
3.480000000000000000e+02,1.708331090202879765e-01,3.916788328977953149e-01,-8.470039361775275706e-05,-5.230977720365569406e-01,1.508340188180810651e-05
3.490000000000000000e+02,1.708332325952116870e-01,3.916784676157841760e-01,-8.766768267172681906e-05,-5.230977501151741205e-01,5.261131883055875425e-06
3.500000000000000000e+02,1.708333700632674590e-01,3.916781150480218021e-01,-8.461626296331246574e-05,-5.230977587154689301e-01,-2.064070766928661835e-06
3.510000000000000000e+02,1.708334720551667740e-01,3.916777620040016172e-01,-8.473056484193637681e-05,-5.230977970505873431e-01,-9.200428414697512980e-06
3.520000000000000000e+02,1.708335971911995876e-01,3.916774144930121881e-01,-8.340263745902947638e-05,-5.230978695708373705e-01,-1.740486000086007446e-05
3.530000000000000000e+02,1.708336883965668740e-01,3.916770600433678307e-01,-8.506791464640697049e-05,-5.230979759789118333e-01,-2.553793786317331196e-05
3.540000000000000000e+02,1.708337719928173515e-01,3.916767112702025933e-01,-8.370555965432287021e-05,-5.230981073275428050e-01,-3.152367144469274971e-05
3.550000000000000000e+02,1.708338553288255568e-01,3.916763616472682674e-01,-8.390950424013441430e-05,-5.230982693639706360e-01,-3.888874267956930986e-05
3.560000000000000000e+02,1.708339294827725119e-01,3.916760231802162706e-01,-8.123209247365382676e-05,-5.230984527297727338e-01,-4.400779250988620114e-05
3.570000000000000000e+02,1.708339788168893869e-01,3.916756768746985640e-01,-8.311332425297383842e-05,-5.230986644795090346e-01,-5.081993669992448275e-05
3.580000000000000000e+02,1.708337848932934555e-01,3.916753303625671312e-01,-8.316291154849662513e-05,-5.230988267156366778e-01,-3.893667064226266519e-05
3.590000000000000000e+02,1.708339616656489035e-01,3.916749997285671192e-01,-7.935216000032057780e-05,-5.230990366769389111e-01,-5.039071254566803484e-05
3.600000000000000000e+02,1.708302839574949161e-01,3.916746645636425272e-01,-8.043958190116178421e-05,-5.230981313168133751e-01,2.172864301306526866e-04
3.610000000000000000e+02,1.708328730140116769e-01,3.916745312407227675e-01,-3.199750074339568096e-05,-5.230979147075286440e-01,5.198622833011345631e-05
3.620000000000000000e+02,1.708327267295137730e-01,3.916742562954125262e-01,-6.598687446021398524e-05,-5.230977471258516642e-01,4.021960247512029822e-05
3.630000000000000000e+02,1.708328873212744681e-01,3.916740148162149993e-01,-5.795500740508250482e-05,-5.230976040057613297e-01,3.434882168825392057e-05
3.640000000000000000e+02,1.708330163141754399e-01,3.916737796164687091e-01,-5.644793911191667312e-05,-5.230974910899992558e-01,2.709978290913956294e-05
3.650000000000000000e+02,1.708331079011020659e-01,3.916735321898017208e-01,-5.938240007159803062e-05,-5.230974090060760417e-01,1.970014158074420328e-05
3.660000000000000000e+02,1.708332362599988830e-01,3.916732976004313471e-01,-5.630144889044876006e-05,-5.230973542538549514e-01,1.314053306390970745e-05
3.670000000000000000e+02,1.708333086854866845e-01,3.916730626449542729e-01,-5.638931449279335084e-05,-5.230973196811469217e-01,8.297449927046169981e-06
3.680000000000000000e+02,1.708334169277185566e-01,3.916728392809785131e-01,-5.360735417731064546e-05,-5.230973093096633608e-01,2.489156055251055661e-06
3.690000000000000000e+02,1.708334827392722910e-01,3.916726084702591426e-01,-5.539457265449076746e-05,-5.230973235440768976e-01,-3.416259258239030608e-06
3.700000000000000000e+02,1.708335555135602757e-01,3.916723769189687232e-01,-5.557230969819337602e-05,-5.230973611881959418e-01,-9.034588562874886443e-06
3.710000000000000000e+02,1.708335999434339170e-01,3.916721447018914892e-01,-5.573209853510349205e-05,-5.230974148282907521e-01,-1.287362276076631606e-05
3.720000000000000000e+02,1.708336617215408526e-01,3.916719118868393079e-01,-5.587561252161364655e-05,-5.230974903364018491e-01,-1.812194665953159199e-05
3.730000000000000000e+02,1.708337274560371155e-01,3.916716844944800324e-01,-5.457416622508798451e-05,-5.230975860174028602e-01,-2.296344024387902093e-05
3.740000000000000000e+02,1.708337840583302736e-01,3.916714619830997668e-01,-5.340273126634688205e-05,-5.230977005306374217e-01,-2.748317628233534529e-05
3.750000000000000000e+02,1.708338001306095866e-01,3.916712379049075987e-01,-5.377876611422453541e-05,-5.230978269746563436e-01,-3.034656453744194761e-05
3.760000000000000000e+02,1.708338451602604280e-01,3.916710183774895770e-01,-5.268658032750721688e-05,-5.230979706512407512e-01,-3.448238024486581282e-05
3.770000000000000000e+02,1.708338609929186125e-01,3.916707910266597481e-01,-5.456419916424194402e-05,-5.230981320688147251e-01,-3.874021774987685063e-05
3.780000000000000000e+02,1.708338863130684782e-01,3.916705625959662207e-01,-5.482336645028825905e-05,-5.230983103555142399e-01,-4.278880789318336645e-05
3.790000000000000000e+02,1.708339067923858312e-01,3.916703331942732458e-01,-5.505640631148814675e-05,-5.230985048942086157e-01,-4.668928664507665234e-05
3.800000000000000000e+02,1.708339012711033444e-01,3.916701029190921002e-01,-5.526604347709132792e-05,-5.230987085947637061e-01,-4.888813323120477902e-05
3.810000000000000000e+02,1.708313362485425202e-01,3.916698822685360515e-01,-5.295613344690285984e-05,-5.230981329590209672e-01,1.381525782480811466e-04
3.820000000000000000e+02,1.708333148606652474e-01,3.916697981776916526e-01,-2.018180266074282540e-05,-5.230980779829004224e-01,1.319426894354832226e-05
3.830000000000000000e+02,1.708331397055416756e-01,3.916696033040302227e-01,-4.676967873797149248e-05,-5.230980558344757725e-01,5.315621926342088338e-06
3.840000000000000000e+02,1.708332377848163219e-01,3.916694338907414918e-01,-4.065918930054945673e-05,-5.230980512934678694e-01,1.089841906819267527e-06
3.850000000000000000e+02,1.708332518683703671e-01,3.916692575913466867e-01,-4.231185475518664882e-05,-5.230980589558946736e-01,-1.838982423507176616e-06
3.860000000000000000e+02,1.708332901076981269e-01,3.916690750959645473e-01,-4.379889171485575343e-05,-5.230980854127719182e-01,-6.349650536401402656e-06
3.870000000000000000e+02,1.708333474738238378e-01,3.916688989451228009e-01,-4.227620202385004800e-05,-5.230981287784248757e-01,-1.040775672072369418e-05
3.880000000000000000e+02,1.708333861974598578e-01,3.916687225449050902e-01,-4.233605225463071267e-05,-5.230981885908129181e-01,-1.435497312890888554e-05
3.890000000000000000e+02,1.708334306958748661e-01,3.916685518808379340e-01,-4.095937611263323773e-05,-5.230982633529883685e-01,-1.794292211901589887e-05
3.900000000000000000e+02,1.708334570589916390e-01,3.916683804197968466e-01,-4.115064985476418904e-05,-5.230983527404320377e-01,-2.145298647490195891e-05
3.910000000000000000e+02,1.708334579820817989e-01,3.916682082417978217e-01,-4.132271976023279392e-05,-5.230984497162831648e-01,-2.327420427731287367e-05
3.920000000000000000e+02,1.708334782127711726e-01,3.916680354193786129e-01,-4.147738061556176920e-05,-5.230985605130320515e-01,-2.659121974027521082e-05
3.930000000000000000e+02,1.708334839306661634e-01,3.916678679770462246e-01,-4.018615977810833075e-05,-5.230986772909774762e-01,-2.802670690576336606e-05
3.940000000000000000e+02,1.708334731975933718e-01,3.916676874977274014e-01,-4.331503651322058274e-05,-5.230988082728781352e-01,-3.143565616854437857e-05
3.950000000000000000e+02,1.708334983765088522e-01,3.916675131661316311e-01,-4.183958297934474771e-05,-5.230989515582296079e-01,-3.438848435276869797e-05
3.960000000000000000e+02,1.708332264858869187e-01,3.916673364183189676e-01,-4.241947503726238979e-05,-5.230990234076238199e-01,-1.724385460117188346e-05
3.970000000000000000e+02,1.708334522505373931e-01,3.916671793238078458e-01,-3.770268266907498910e-05,-5.230991580571724420e-01,-3.231589168260185180e-05
3.980000000000000000e+02,1.708316690976248720e-01,3.916670122078242944e-01,-4.010783605317964993e-05,-5.230987622895737488e-01,9.498422368571369351e-05
3.990000000000000000e+02,1.708330427929780626e-01,3.916669469789647584e-01,-1.565492629149752132e-05,-5.230987206812194312e-01,9.986005028485517385e-06
4.000000000000000000e+02,1.708328850473077309e-01,3.916667988788882226e-01,-3.554401836711179727e-05,-5.230986990364947520e-01,5.194733925047305658e-06
4.010000000000000000e+02,1.708329461093285873e-01,3.916666655986387191e-01,-3.198725987445491964e-05,-5.230986916023220301e-01,1.784201444958343611e-06
4.020000000000000000e+02,1.708329792365612665e-01,3.916665337362267296e-01,-3.164697888162211047e-05,-5.230986980934116959e-01,-1.557861507008251757e-06
4.030000000000000000e+02,1.708330090706221549e-01,3.916664031504202836e-01,-3.134059355015794533e-05,-5.230987177931178955e-01,-4.727929476998950705e-06
4.040000000000000000e+02,1.708330348534889964e-01,3.916662737140877426e-01,-3.106471981526883180e-05,-5.230987500277749502e-01,-7.736317695168448035e-06
4.050000000000000000e+02,1.708330565524329436e-01,3.916661453127884274e-01,-3.081631184133786546e-05,-5.230987941636341398e-01,-1.059260621670703589e-05
4.060000000000000000e+02,1.708330637308272115e-01,3.916660118837094751e-01,-3.202297895356656600e-05,-5.230988504272302553e-01,-1.350326307612886024e-05
4.070000000000000000e+02,1.708330701868811807e-01,3.916658858497286122e-01,-3.024815540797729820e-05,-5.230989106208342454e-01,-1.444646495826680418e-05
4.080000000000000000e+02,1.708330709179383400e-01,3.916657545518211769e-01,-3.151149778061608069e-05,-5.230989820499762910e-01,-1.714299408314928601e-05
4.090000000000000000e+02,1.708330822337837951e-01,3.916656244770904127e-01,-3.121793538680965081e-05,-5.230990638884220889e-01,-1.964122698113055364e-05
4.100000000000000000e+02,1.708330897505660195e-01,3.916654955036206198e-01,-3.095363275393671690e-05,-5.230991555857664732e-01,-2.200736265180800561e-05
4.110000000000000000e+02,1.708330936585888138e-01,3.916653675216708042e-01,-3.071566795110515236e-05,-5.230992566258435561e-01,-2.424961849222554840e-05
4.120000000000000000e+02,1.708330941334868791e-01,3.916652404324580394e-01,-3.050141106823613988e-05,-5.230993665241844282e-01,-2.637560180230054245e-05
4.130000000000000000e+02,1.708308980844936709e-01,3.916651184410898101e-01,-2.927792837353055517e-05,-5.230988123549402680e-01,1.330006185908493954e-04
4.140000000000000000e+02,1.708325490480292752e-01,3.916651114124271582e-01,-1.686879040334985530e-06,-5.230986969470780013e-01,2.769788694813240062e-05
4.150000000000000000e+02,1.708323840541768057e-01,3.916650097254349427e-01,-2.440487813608168129e-05,-5.230986067143901241e-01,2.165584509373494617e-05
4.160000000000000000e+02,1.708324311515725946e-01,3.916649301294982122e-01,-1.910302481346790694e-05,-5.230985212931600348e-01,2.050109522790069148e-05
4.170000000000000000e+02,1.708324525191658727e-01,3.916648465753694297e-01,-2.005299090855758374e-05,-5.230984482789700074e-01,1.752340559534456017e-05
4.180000000000000000e+02,1.708324948189438308e-01,3.916647713793307006e-01,-1.804704929037010685e-05,-5.230983858556599309e-01,1.498159442319818839e-05
4.190000000000000000e+02,1.708325199468002653e-01,3.916646977456647027e-01,-1.767207984276240599e-05,-5.230983336478775003e-01,1.252986778705209784e-05
4.200000000000000000e+02,1.708325317416641009e-01,3.916646195587052959e-01,-1.876487025458326900e-05,-5.230982919061896164e-01,1.001800508723575381e-05
4.210000000000000000e+02,1.708325537012225503e-01,3.916645432344024735e-01,-1.831783267293670591e-05,-5.230982597731586026e-01,7.711927444968396506e-06
4.220000000000000000e+02,1.708325821603794148e-01,3.916644745466015820e-01,-1.648507221300871410e-05,-5.230982358516877984e-01,5.741152992212826268e-06
4.230000000000000000e+02,1.708325838284857068e-01,3.916644008118900233e-01,-1.769633077503549642e-05,-5.230982207550892715e-01,3.623183646797402388e-06
4.240000000000000000e+02,1.708325963440452677e-01,3.916643284955385051e-01,-1.735592436639058956e-05,-5.230982137397001130e-01,1.683693386374155640e-06
4.250000000000000000e+02,1.708325856475707283e-01,3.916642455363975039e-01,-1.991019384151171756e-05,-5.230982159825402489e-01,-5.382816286660301088e-07
4.260000000000000000e+02,1.708326093531500611e-01,3.916641708793456855e-01,-1.791769243754000296e-05,-5.230982255775461498e-01,-2.302801407982155794e-06
4.270000000000000000e+02,1.708325941516576629e-01,3.916640977336877660e-01,-1.755495790043424056e-05,-5.230982358021107892e-01,-2.453895500290448556e-06
4.280000000000000000e+02,1.708325994262122061e-01,3.916640259486337539e-01,-1.722841296705406548e-05,-5.230982529832569616e-01,-4.123475089395480684e-06
4.290000000000000000e+02,1.708326019984772737e-01,3.916639553883513036e-01,-1.693446778749855720e-05,-5.230982767043993453e-01,-5.693074164467905713e-06
4.300000000000000000e+02,1.708326020397471778e-01,3.916638859305817122e-01,-1.666986469669012782e-05,-5.230983065787776498e-01,-7.169850805909592165e-06
4.310000000000000000e+02,1.708325893709432830e-01,3.916638115054879576e-01,-1.786202249614370053e-05,-5.230983430701697801e-01,-8.757934115531237695e-06
4.320000000000000000e+02,1.708325881784048261e-01,3.916637385702728125e-01,-1.750445164049327110e-05,-5.230983855212130162e-01,-1.018825038451596667e-05
4.330000000000000000e+02,1.708325948051813703e-01,3.916636729359151969e-01,-1.575224582815836757e-05,-5.230984327227180541e-01,-1.132836120539522686e-05
4.340000000000000000e+02,1.708325747688736462e-01,3.916636019524291634e-01,-1.703603664889853000e-05,-5.230984854646152371e-01,-1.265805532189819375e-05
4.350000000000000000e+02,1.708325772871736314e-01,3.916635380749701745e-01,-1.533059015768513869e-05,-5.230985423461906869e-01,-1.365157810775441516e-05
4.360000000000000000e+02,1.708325532282834180e-01,3.916634686730208759e-01,-1.665646782557170591e-05,-5.230986042007155223e-01,-1.484508596348100076e-05
4.370000000000000000e+02,1.708325309523204827e-01,3.916633942996693984e-01,-1.784960436086158910e-05,-5.230986713136190902e-01,-1.610709685255007202e-05
4.380000000000000000e+02,1.708325313001973211e-01,3.916633273722576747e-01,-1.606257880741214511e-05,-5.230987422622148664e-01,-1.702766299030494059e-05
4.390000000000000000e+02,1.708325046315080642e-01,3.916632552262381828e-01,-1.731504468113989766e-05,-5.230988178621255313e-01,-1.814397855219841108e-05
4.400000000000000000e+02,1.708324795997483159e-01,3.916631783840733849e-01,-1.844211955546286105e-05,-5.230988983849326202e-01,-1.932547371333473866e-05
4.410000000000000000e+02,1.708324451912930642e-01,3.916631032753187247e-01,-1.802610112013614606e-05,-5.230989767312841376e-01,-1.880312435490058285e-05
4.420000000000000000e+02,1.708324312871228323e-01,3.916630297268346994e-01,-1.765163617188052943e-05,-5.230990593270351541e-01,-1.982298024033499569e-05
4.430000000000000000e+02,1.708324150785375528e-01,3.916629575826807708e-01,-1.731459693849189988e-05,-5.230991458522546989e-01,-2.076605270333037521e-05
4.440000000000000000e+02,1.708323858016504992e-01,3.916628807427122161e-01,-1.844159245258584261e-05,-5.230992368377419544e-01,-2.183651694108077772e-05
4.450000000000000000e+02,1.708319404215336013e-01,3.916627946907678126e-01,-2.065246665075481645e-05,-5.230992088460937328e-01,6.717995586237186767e-06
4.460000000000000000e+02,1.708323742061534645e-01,3.916627460632116087e-01,-1.167061349354730128e-05,-5.230992963117411243e-01,-2.099175537533371397e-05
4.470000000000000000e+02,1.708319589891709456e-01,3.916626684331611652e-01,-1.863121210416342769e-05,-5.230992838136562240e-01,2.999540370898925941e-06
4.480000000000000000e+02,1.708321374842956542e-01,3.916626145110744250e-01,-1.294130081322558813e-05,-5.230993160630490468e-01,-7.739854277857553363e-06
4.490000000000000000e+02,1.708321023320650833e-01,3.916625481072787407e-01,-1.593691097049336665e-05,-5.230993542575469446e-01,-9.166679506018376200e-06
4.500000000000000000e+02,1.708320930479718947e-01,3.916624823907293718e-01,-1.577197184646031040e-05,-5.230993976195257300e-01,-1.040687490668483511e-05
4.510000000000000000e+02,1.708320814595016557e-01,3.916624172928953596e-01,-1.562348016943533339e-05,-5.230994458685545023e-01,-1.157976690622152843e-05
4.520000000000000000e+02,1.708320679704447564e-01,3.916623527520904369e-01,-1.548979318208221001e-05,-5.230994987422337150e-01,-1.268968302395843532e-05
4.530000000000000000e+02,1.708320527486633100e-01,3.916622887127891861e-01,-1.536943229552653571e-05,-5.230995559948100615e-01,-1.374061831051212028e-05
4.540000000000000000e+02,1.708320146174360232e-01,3.916622251245809316e-01,-1.526116997749076023e-05,-5.230996109065710886e-01,-1.317882263599161213e-05
4.550000000000000000e+02,1.708312105734268171e-01,3.916621651115878566e-01,-1.440311834059108271e-05,-5.230994278582445922e-01,4.393159835485734412e-05
4.560000000000000000e+02,1.708317284009878700e-01,3.916621435947548191e-01,-5.164039933988096053e-06,-5.230993838704531829e-01,1.055706995083590267e-05
4.570000000000000000e+02,1.708316592638176035e-01,3.916620944301388851e-01,-1.179950782779760855e-05,-5.230993477916329182e-01,8.658916856088971030e-06
4.580000000000000000e+02,1.708316658335847227e-01,3.916620501838858348e-01,-1.061910072856166225e-05,-5.230993176532043876e-01,7.233222838832417068e-06
4.590000000000000000e+02,1.708316700266409305e-01,3.916620103640783279e-01,-9.556753795031749254e-06,-5.230992927622887256e-01,5.973819758630620452e-06
4.600000000000000000e+02,1.708316497177786442e-01,3.916619626084051342e-01,-1.146136156697739533e-05,-5.230992741458310169e-01,4.467949838078197847e-06
4.610000000000000000e+02,1.708316538911906490e-01,3.916619196309188422e-01,-1.031459671275461343e-05,-5.230992606042595972e-01,3.249977153255564913e-06
4.620000000000000000e+02,1.708316539206055917e-01,3.916618809536899226e-01,-9.282534937833992512e-06,-5.230992514938469506e-01,2.186499030343137520e-06
4.630000000000000000e+02,1.708316396592520214e-01,3.916618401867917876e-01,-9.784055558008931106e-06,-5.230992470642081837e-01,1.063113295193276914e-06
4.640000000000000000e+02,1.708316360634634379e-01,3.916618034993595843e-01,-8.804983735274716876e-06,-5.230992464816149878e-01,1.398223663472065844e-07
4.650000000000000000e+02,1.708316077931975041e-01,3.916617585637396926e-01,-1.078454877548339773e-05,-5.230992508634189075e-01,-1.051632929723611285e-06
4.660000000000000000e+02,1.708316044850861637e-01,3.916617181251782487e-01,-9.705254752755734907e-06,-5.230992590935292785e-01,-1.975226483616356852e-06
4.670000000000000000e+02,1.708315974258487746e-01,3.916616817338214318e-01,-8.733925639555888956e-06,-5.230992706053700925e-01,-2.762841793976771635e-06
4.680000000000000000e+02,1.708315657041246105e-01,3.916616370652175605e-01,-1.072046492559487529e-05,-5.230992865431157712e-01,-3.825058956558168241e-06
4.690000000000000000e+02,1.708315698634442770e-01,3.916616028272902894e-01,-8.217102550802857426e-06,-5.230993049928825966e-01,-4.427944046922836781e-06
4.700000000000000000e+02,1.708315455824273021e-01,3.916615660567370760e-01,-8.824932775882294908e-06,-5.230993265583939733e-01,-5.175722719608752616e-06
4.710000000000000000e+02,1.708315219690826892e-01,3.916615270071528432e-01,-9.371900222390757649e-06,-5.230993513351186452e-01,-5.946413934051720974e-06
4.720000000000000000e+02,1.708314988326540551e-01,3.916614859067589216e-01,-9.864094539114562815e-06,-5.230993793917199097e-01,-6.733584298357219842e-06
4.730000000000000000e+02,1.708314760050041736e-01,3.916614429609411308e-01,-1.030699626553112276e-05,-5.230994107734672216e-01,-7.531619364326775532e-06
4.740000000000000000e+02,1.708314641385991484e-01,3.916614043143285540e-01,-9.275187025036130603e-06,-5.230994446820840249e-01,-8.138068041542241337e-06
4.750000000000000000e+02,1.708314489099243549e-01,3.916613695368049153e-01,-8.346605667895261486e-06,-5.230994806246863638e-01,-8.626224557253647961e-06
4.760000000000000000e+02,1.708313981593734265e-01,3.916613203618899974e-01,-1.180197958525795943e-05,-5.230995206374403628e-01,-9.603060959292658303e-06
4.770000000000000000e+02,1.708313879879666819e-01,3.916612880291122645e-01,-7.759866654732246828e-06,-5.230995552351787037e-01,-8.303457212962768563e-06
4.780000000000000000e+02,1.708313355700460390e-01,3.916612410542265610e-01,-1.127397256673063853e-05,-5.230995937405288343e-01,-9.241284018207258143e-06
4.790000000000000000e+02,1.708313236647493183e-01,3.916611987820843854e-01,-1.014531412287794570e-05,-5.230996348329008949e-01,-9.862169283968825968e-06
4.800000000000000000e+02,1.708313081172077585e-01,3.916611607421889851e-01,-9.129574891358749249e-06,-5.230996779806401653e-01,-1.035545742160661262e-05
