# Time, SliderHeight, Motor1Pos, Motor1Vel, Motor2Pos, Motor2Vel
0.000000000000000000e+00,2.600000000000000089e-01,0.000000000000000000e+00,0.000000000000000000e+00,0.000000000000000000e+00,0.000000000000000000e+00
1.000000000000000000e+00,2.459587912680931132e-01,1.784849166870116927e-03,4.283638000488280695e-01,-2.271659186739163720e-03,-5.451982048173993345e-01
2.000000000000000000e+00,2.581432429960148212e-01,3.704620599746704171e-03,4.607451438903809038e-01,-5.759509906939633099e-03,-8.370841728481126509e-01
3.000000000000000000e+00,2.559098443997249728e-01,5.813318371772766696e-03,5.060874652862549228e-01,-1.035631998650110401e-02,-1.103234419094752949e+00
4.000000000000000000e+00,2.555857376125434399e-01,7.983712446689605891e-03,5.208945779800414622e-01,-1.572450309653478095e-02,-1.288363946408082050e+00
5.000000000000000000e+00,2.574592995568443232e-01,9.832311950922012836e-03,4.436638810157775836e-01,-2.108551175606273795e-02,-1.286642078286709845e+00
6.000000000000000000e+00,2.591491081840543997e-01,1.090424890768528117e-02,2.572648696231842336e-01,-2.524614290941833844e-02,-9.985514768053445067e-01
7.000000000000000000e+00,2.575573463928507167e-01,1.110676797138452666e-02,4.860457528781886305e-02,-2.743371902203644436e-02,-5.250182670283458641e-01
8.000000000000000000e+00,2.552922249539973376e-01,1.123637442505479034e-02,3.110554888086315695e-02,-2.833161127309266961e-02,-2.154941402534938377e-01
9.000000000000000000e+00,2.510813210405590246e-01,1.167487339421618107e-02,1.052397525987338600e-01,-2.869331383584581077e-02,-8.680861506075385203e-02
1.000000000000000000e+01,2.488205280907151706e-01,1.229697975138880142e-02,1.493055257214288001e-01,-2.863106378941459446e-02,1.494001114349224890e-02
1.100000000000000000e+01,2.473794845113753138e-01,1.306468110638908144e-02,1.842483252000672034e-01,-2.838604211778225639e-02,5.880520119176128879e-02
1.200000000000000000e+01,2.468300718850687248e-01,1.383945817969487596e-02,1.859464975933905750e-01,-2.805928621149194127e-02,7.842141750967562830e-02
1.300000000000000000e+01,2.453235118158401951e-01,1.458054311772209212e-02,1.778603851265320168e-01,-2.773458708453916191e-02,7.792779046866701864e-02
1.400000000000000000e+01,2.433668482754561546e-01,1.525458867281694747e-02,1.617709332227655061e-01,-2.744000397396119048e-02,7.069994653871308765e-02
1.500000000000000000e+01,1.989591708992616281e-01,1.585853554245847050e-02,1.449472487139656651e-01,-2.719428755884197371e-02,5.897193962861242006e-02
1.600000000000000000e+01,2.039452004248158978e-01,1.639635971877292583e-02,1.290778023154694476e-01,-2.699768499772095889e-02,4.718461466904390333e-02
1.700000000000000000e+01,2.173924176222045979e-01,1.687374955274395516e-02,1.145735601530469827e-01,-2.684708678946440621e-02,3.614356998157300382e-02
1.800000000000000000e+01,2.380621875121523845e-01,1.729746978333037907e-02,1.016928553407421415e-01,-2.673831223172502825e-02,2.610589385745061553e-02
1.900000000000000000e+01,2.346567154461726146e-01,1.767416285812570959e-02,9.040633795087940627e-02,-2.666649743851454493e-02,1.723555037051596045e-02
2.000000000000000000e+01,2.345744423008995494e-01,1.801021234130938814e-02,8.065187596408246451e-02,-2.662691369274631029e-02,9.500098984376183220e-03
2.100000000000000000e+01,2.351063351834881687e-01,1.831136940008559408e-02,7.227769410628971658e-02,-2.661507498961479187e-02,2.841288751564273463e-03
2.200000000000000000e+01,2.356933169813238971e-01,1.858275643588485834e-02,6.513288859182342350e-02,-2.662693770023443277e-02,-2.847050548713469034e-03
2.300000000000000000e+01,2.362230347608243741e-01,1.882885246924875106e-02,5.906304800733465366e-02,-2.665891217660189272e-02,-7.673874328190761693e-03
2.400000000000000000e+01,2.366795286805571108e-01,1.905352170349097068e-02,5.392061621813244721e-02,-2.670784834879594283e-02,-1.174468132657234022e-02
2.500000000000000000e+01,2.370666356499920024e-01,1.926009286024022923e-02,4.957707761982173278e-02,-2.677099129206941819e-02,-1.515430638563387312e-02
2.600000000000000000e+01,2.373917715006024221e-01,1.945140670806597832e-02,4.591532347817953857e-02,-2.684589044885561313e-02,-1.797579762868644834e-02
2.700000000000000000e+01,2.376609678437136275e-01,1.962991246336087681e-02,4.284138127077521951e-02,-2.693030817150373138e-02,-2.026025343554871405e-02
2.800000000000000000e+01,2.378770880299656276e-01,1.979773688920600030e-02,4.027786220282933427e-02,-2.702225064715695069e-02,-2.206619415677223833e-02
2.900000000000000000e+01,2.380454296943703696e-01,1.995669330375694425e-02,3.814953949222654045e-02,-2.712031339560684942e-02,-2.353505962797604323e-02
3.000000000000000000e+01,2.381880160007772418e-01,2.010815758237956274e-02,3.635142686942813284e-02,-2.722348030758449042e-02,-2.476005887463420332e-02
3.100000000000000000e+01,2.383118006426396263e-01,2.025320070756677845e-02,3.481035004493171492e-02,-2.733074605308408178e-02,-2.574377891990187184e-02
3.200000000000000000e+01,2.384094807091679258e-01,2.039281079068674604e-02,3.350641994879202668e-02,-2.744154344747242250e-02,-2.659137465320207325e-02
3.300000000000000000e+01,2.384946492485640335e-01,2.052768595616274311e-02,3.237003971423898369e-02,-2.755510914664693889e-02,-2.725576780188397955e-02
3.400000000000000000e+01,2.385605239179630632e-01,2.065856239805065678e-02,3.141034605309950961e-02,-2.767123138051243506e-02,-2.786933612771872251e-02
3.500000000000000000e+01,2.386203411501564564e-01,2.078583935221443510e-02,3.054646899930659951e-02,-2.778898970878901711e-02,-2.826199878637953092e-02
3.600000000000000000e+01,2.386604745276763029e-01,2.091023588906987599e-02,2.985516884530596896e-02,-2.790908821237465809e-02,-2.882364086055423658e-02
3.700000000000000000e+01,2.387033895792327332e-01,2.103160734178459446e-02,2.912914865153281782e-02,-2.802845039431004978e-02,-2.864692366449400618e-02
3.800000000000000000e+01,2.387115637488030073e-01,2.115169471720295888e-02,2.882097010040726021e-02,-2.815284403164786467e-02,-2.985447296107566692e-02
3.900000000000000000e+01,2.387919284288956834e-01,2.126809612623927967e-02,2.793633816871737147e-02,-2.826714930307818591e-02,-2.743326514327742299e-02
4.000000000000000000e+01,2.386835006273736182e-01,2.138771701248938506e-02,2.870901270002554004e-02,-2.839470438654040710e-02,-3.061322003093307903e-02
4.100000000000000000e+01,2.389353925547934021e-01,2.149920186354614682e-02,2.675636425362253393e-02,-2.851104075022508830e-02,-2.792072728432381731e-02
4.200000000000000000e+01,2.387300191014642692e-01,2.161526988865042007e-02,2.785632602502546157e-02,-2.863778995744693801e-02,-3.041980973324421439e-02
4.300000000000000000e+01,2.387610809396431832e-01,2.172481498081682907e-02,2.629082211993792259e-02,-2.875217227665238448e-02,-2.745175660930682451e-02
4.400000000000000000e+01,2.387341741565732756e-01,2.183934331512075305e-02,2.748680023294142877e-02,-2.888257251156926483e-02,-3.129605638005090312e-02
4.500000000000000000e+01,2.390049425304880959e-01,2.194458190154752186e-02,2.525726074242482314e-02,-2.900175207433751054e-02,-2.860309506437936494e-02
4.600000000000000000e+01,2.386955786765167509e-01,2.205547929215952510e-02,2.661537374688094371e-02,-2.911944122164679405e-02,-2.824539535422837880e-02
4.700000000000000000e+01,2.387523077894303791e-01,2.216487208307232892e-02,2.625426981907312551e-02,-2.924849391207574520e-02,-3.097264570294861602e-02
4.800000000000000000e+01,2.390033043817576253e-01,2.226812069244375053e-02,2.477966624914113708e-02,-2.936958870717666301e-02,-2.906275082422061715e-02
4.900000000000000000e+01,2.387457575508798724e-01,2.237528343239753720e-02,2.571905758890850879e-02,-2.948822176864344252e-02,-2.847193475202742033e-02
5.000000000000000000e+01,2.387626137464678444e-01,2.248186538005104984e-02,2.557966743684293720e-02,-2.961762876715384046e-02,-3.105767964249576268e-02
5.100000000000000000e+01,2.389700641768536526e-01,2.258271833527957656e-02,2.420470925484630859e-02,-2.973882894743871269e-02,-2.908804326836932422e-02
5.200000000000000000e+01,2.387240740425401186e-01,2.268773126484445804e-02,2.520310309557132269e-02,-2.985750691906630463e-02,-2.848271319062166754e-02
5.300000000000000000e+01,2.387483139989415304e-01,2.279229247638326489e-02,2.509469076931357748e-02,-2.998682478046595448e-02,-3.103628673591606046e-02
5.400000000000000000e+01,2.389443692042733935e-01,2.289129997461908372e-02,2.376179957659623962e-02,-3.010802046957573169e-02,-2.908696538634680806e-02
5.500000000000000000e+01,2.387146014926946336e-01,2.299450988814209437e-02,2.477037924552236842e-02,-3.022678217434347780e-02,-2.850280914425926126e-02
5.600000000000000000e+01,2.387251502553559002e-01,2.309733668084767641e-02,2.467843024933973062e-02,-3.035547142556541123e-02,-3.088542029326381277e-02
5.700000000000000000e+01,2.388957052605145681e-01,2.319505379441268861e-02,2.345210725560255630e-02,-3.047601891315343536e-02,-2.893139702112542885e-02
5.800000000000000000e+01,2.386681422303983391e-01,2.329699282652651290e-02,2.446536770731754656e-02,-3.059396940244015276e-02,-2.830811742881194845e-02
5.900000000000000000e+01,2.386907963277395406e-01,2.339866453803006799e-02,2.440121076085328619e-02,-3.072215527756991943e-02,-3.076461003114396020e-02
6.000000000000000000e+01,2.388653383713706946e-01,2.349509710069137142e-02,2.314381503871273255e-02,-3.084227523198272009e-02,-2.882878905907190412e-02
6.100000000000000000e+01,2.386499991573035051e-01,2.359577554673886191e-02,2.416282705139744663e-02,-3.095998165538709976e-02,-2.824954161705124644e-02
6.200000000000000000e+01,2.386557573572093138e-01,2.369616664177163004e-02,2.409386280786421364e-02,-3.108712375093392044e-02,-3.051410293123698464e-02
6.300000000000000000e+01,2.388052429302711388e-01,2.379176880627720606e-02,2.294451948133799032e-02,-3.120614057230046076e-02,-2.856403712796978106e-02
6.400000000000000000e+01,2.385850370027993439e-01,2.389161014297045207e-02,2.396192080637883637e-02,-3.132251018490947447e-02,-2.792870702616367939e-02
6.500000000000000000e+01,2.386136053241046939e-01,2.399126106663827113e-02,2.391622168027640258e-02,-3.144913823303318451e-02,-3.039073154969095664e-02
6.600000000000000000e+01,2.387830401968435434e-01,2.408569961092612774e-02,2.266525062908558014e-02,-3.156778382443695824e-02,-2.847494193690506409e-02
6.700000000000000000e+01,2.385789773337164132e-01,2.418439507110923051e-02,2.368691044394470591e-02,-3.168413656049875321e-02,-2.792465665483092122e-02
6.800000000000000000e+01,2.385755609011347422e-01,2.428279838596204138e-02,2.361679556467470922e-02,-3.180931542098421744e-02,-3.004292651651113005e-02
6.900000000000000000e+01,2.387028774926086006e-01,2.437676479156520443e-02,2.255193734475900713e-02,-3.192634383479692889e-02,-2.808681931504994345e-02
7.000000000000000000e+01,2.384825098811237942e-01,2.447495956547101822e-02,2.356674573739542256e-02,-3.204058963486419026e-02,-2.741899201614355491e-02
7.100000000000000000e+01,2.385286651360516152e-01,2.457303141721799838e-02,2.353724441927548816e-02,-3.216563094444342685e-02,-3.000991429901731303e-02
7.200000000000000000e+01,2.387072932160575756e-01,2.466562813854802916e-02,2.222321311920746889e-02,-3.228281376393819097e-02,-2.812387667874354999e-02
7.300000000000000000e+01,2.385177961312452966e-01,2.476247164614552715e-02,2.324244182339918127e-02,-3.239798988468325924e-02,-2.764226897881622361e-02
7.400000000000000000e+01,2.384913779471901918e-01,2.485895135402280826e-02,2.315512989054775012e-02,-3.252068677393629009e-02,-2.944725342072748372e-02
7.500000000000000000e+01,2.385731726688650745e-01,2.495169663544901523e-02,2.225886754228952394e-02,-3.263503486933699155e-02,-2.744354289616845674e-02
7.600000000000000000e+01,2.384073809521104759e-01,2.504819990211318639e-02,2.316078399940072266e-02,-3.275142628053469285e-02,-2.793393868744883241e-02
7.700000000000000000e+01,2.384756637712114880e-01,2.514279285217764157e-02,2.270230801546907831e-02,-3.287389261057712536e-02,-2.939191921018403930e-02
7.800000000000000000e+01,2.385719940681515772e-01,2.523458834277681959e-02,2.203091774380281850e-02,-3.298893164473485490e-02,-2.760936819785428376e-02
7.900000000000000000e+01,2.383604905594080836e-01,2.533014620201104461e-02,2.293388621621401252e-02,-3.310050036878297436e-02,-2.677649377154942348e-02
8.000000000000000000e+01,2.383998958485649133e-01,2.542600860512070349e-02,2.300697674631780459e-02,-3.322282233529740003e-02,-2.935727196346266457e-02
8.100000000000000000e+01,2.385697570843196003e-01,2.551639188949653830e-02,2.169198825020014071e-02,-3.333713437323253259e-02,-2.743488910443180398e-02
8.200000000000000000e+01,2.383841405134864144e-01,2.561110429378896797e-02,2.273097703018345239e-02,-3.344949843056844313e-02,-2.696737376061826563e-02
8.300000000000000000e+01,2.383592943275217313e-01,2.570541604802252522e-02,2.263482101605380006e-02,-3.356922132651114776e-02,-2.873349502624980220e-02
8.400000000000000000e+01,2.384353134938560492e-01,2.579606923382349315e-02,2.175676459223263234e-02,-3.368065132425963892e-02,-2.674319945963712225e-02
8.500000000000000000e+01,2.382801336175517926e-01,2.589044367025394519e-02,2.264986474330881253e-02,-3.379460195108256043e-02,-2.734815043750062416e-02
8.600000000000000000e+01,2.383470890237040229e-01,2.598268472668965531e-02,2.213785354457072085e-02,-3.391396225096408867e-02,-2.864647197156629937e-02
8.700000000000000000e+01,2.384264381757661144e-01,2.607249113749635430e-02,2.155353859360807992e-02,-3.402596783075446246e-02,-2.688133914968976121e-02
8.800000000000000000e+01,2.382154057535960379e-01,2.616597137665433587e-02,2.243525739791580459e-02,-3.413437160251068386e-02,-2.601690522149364623e-02
8.900000000000000000e+01,2.382698215040974232e-01,2.625980856992634130e-02,2.252092638528169558e-02,-3.425402730158070425e-02,-2.871736777680501326e-02
9.000000000000000000e+01,2.384477555832840989e-01,2.634789613310755882e-02,2.114101516349246868e-02,-3.436580175743624010e-02,-2.682586940532777700e-02
9.100000000000000000e+01,2.382751325719286439e-01,2.644029465468555190e-02,2.217564517871830135e-02,-3.447591100074011428e-02,-2.642621839292966582e-02
9.200000000000000000e+01,2.382286777076821072e-01,2.653219378146582513e-02,2.205579042726558969e-02,-3.459187813874616685e-02,-2.783211312145273883e-02
9.300000000000000000e+01,2.382485997078510054e-01,2.662122400300133418e-02,2.136725316852185197e-02,-3.469930799543503863e-02,-2.578316560532897816e-02
9.400000000000000000e+01,2.382048186205373563e-01,2.671392016409831691e-02,2.224707866327592376e-02,-3.481694023445163627e-02,-2.823173736398267367e-02
9.500000000000000000e+01,2.382780712765210362e-01,2.680118431041041485e-02,2.094339511490375672e-02,-3.492450638013307185e-02,-2.581587496354417061e-02
9.600000000000000000e+01,2.381313347869935260e-01,2.689324047136774920e-02,2.209347862976059063e-02,-3.503607353201474567e-02,-2.677611645160210205e-02
9.700000000000000000e+01,2.381958245364282356e-01,2.698235060044092831e-02,2.138643097756337541e-02,-3.515140940191105456e-02,-2.768060877511365619e-02
9.800000000000000000e+01,2.382142806851313133e-01,2.707053042062017995e-02,2.116315684302006242e-02,-3.525798721009383574e-02,-2.557867396386685754e-02
9.900000000000000000e+01,2.380752929966300224e-01,2.716238649246503073e-02,2.204545724276413612e-02,-3.536832512183930854e-02,-2.648109881891408737e-02
1.000000000000000000e+02,2.381066989536331502e-01,2.725164642813475077e-02,2.142238456073295924e-02,-3.547900075997752894e-02,-2.656215315317364198e-02
1.010000000000000000e+02,2.380329515502924431e-01,2.734146576140136439e-02,2.155663998398723788e-02,-3.558007986166224906e-02,-2.425898440433323089e-02
1.020000000000000000e+02,2.380136635813615842e-01,2.743472700371629019e-02,2.238269815558203632e-02,-3.569255274388353355e-02,-2.699349173310759339e-02
1.030000000000000000e+02,2.381573292106436701e-01,2.752216086908472123e-02,2.098412768842345191e-02,-3.579374961167740982e-02,-2.428724827052985633e-02
1.040000000000000000e+02,2.378904488723388444e-01,2.761548842122509700e-02,2.239861251369039061e-02,-3.589161236511145825e-02,-2.348706082417127347e-02
1.050000000000000000e+02,2.379328406538958607e-01,2.770811670749716987e-02,2.223078870529753698e-02,-3.600027523491782649e-02,-2.607908875352916295e-02
1.060000000000000000e+02,2.381083904095644965e-01,2.779568420417245431e-02,2.101619920206846542e-02,-3.609899871032557633e-02,-2.369363409786015215e-02
1.070000000000000000e+02,2.378468006843967586e-01,2.788827490002388984e-02,2.222176700434478833e-02,-3.619409436496345833e-02,-2.282295711309172484e-02
1.080000000000000000e+02,2.378676100267221871e-01,2.798036287917264262e-02,2.210111499570033972e-02,-3.629975570831357745e-02,-2.535872240402923042e-02
1.090000000000000000e+02,2.380384581844597336e-01,2.806737491060337306e-02,2.088288754337536135e-02,-3.639535599986620101e-02,-2.294406997262908240e-02
1.100000000000000000e+02,2.377649906109014499e-01,2.815936112204123556e-02,2.207669074508709570e-02,-3.648726760800129892e-02,-2.205878595242336329e-02
1.110000000000000000e+02,2.378086070574237099e-01,2.825075777560176471e-02,2.193519685452737650e-02,-3.659056977991496928e-02,-2.479252125928077533e-02
1.120000000000000000e+02,2.380026608268118182e-01,2.833662545020919354e-02,2.060824190578313189e-02,-3.668384411884918761e-02,-2.238584134421172517e-02
1.130000000000000000e+02,2.377344786001927279e-01,2.842748022302601582e-02,2.180514547603730133e-02,-3.677362637619899233e-02,-2.154774176395364213e-02
1.140000000000000000e+02,2.377605064663174672e-01,2.851762904347878227e-02,2.163571690866428893e-02,-3.687422770516433912e-02,-2.414431895168389283e-02
1.150000000000000000e+02,2.379436049966847377e-01,2.860248835797713982e-02,2.036623547960557737e-02,-3.696485278104650468e-02,-2.175001821171915206e-02
1.160000000000000000e+02,2.376709021810167466e-01,2.869220975206849752e-02,2.153313458192583976e-02,-3.705190575644457668e-02,-2.089271409553695655e-02
1.170000000000000000e+02,2.377142275335467625e-01,2.878121791567885696e-02,2.136195926648621138e-02,-3.715037372198860821e-02,-2.363231173056822357e-02
1.180000000000000000e+02,2.379117732357492743e-01,2.886461438052945541e-02,2.001515156414361910e-02,-3.723892188483269444e-02,-2.125155908258151080e-02
1.190000000000000000e+02,2.376469337717129482e-01,2.895288674593696557e-02,2.118536769780219112e-02,-3.732407735745477823e-02,-2.043731342930042369e-02
1.200000000000000000e+02,2.376756102356783751e-01,2.904036012076512824e-02,2.099360995875876670e-02,-3.742010827635206677e-02,-2.304742053534958660e-02
1.210000000000000000e+02,2.378604824428615372e-01,2.912247708764163431e-02,1.970807205036129856e-02,-3.750629766260012155e-02,-2.068545269953249444e-02
1.220000000000000000e+02,2.375954840325352202e-01,2.920935301490826946e-02,2.085022254399242561e-02,-3.758905303204673753e-02,-1.986128866718781319e-02
1.230000000000000000e+02,2.376375299835007948e-01,2.929543906028126213e-02,2.066065088951839560e-02,-3.768310835347264687e-02,-2.257327714221805948e-02
1.240000000000000000e+02,2.378313416304508043e-01,2.937594413729923901e-02,1.932121848431431199e-02,-3.776739776356621142e-02,-2.022945842245558318e-02
1.250000000000000000e+02,2.375756074093814674e-01,2.946121241399289950e-02,2.046438640647813001e-02,-3.784842154927643004e-02,-1.944570857045250720e-02
1.260000000000000000e+02,2.376047311784606209e-01,2.954563212940517283e-02,2.026073169894582193e-02,-3.794021689646644158e-02,-2.203088332560248358e-02
1.270000000000000000e+02,2.377844444410013858e-01,2.962473333615410140e-02,1.898428961974325119e-02,-3.802233309755224250e-02,-1.970788826059305041e-02
1.280000000000000000e+02,2.375303496636527179e-01,2.970849268810524246e-02,2.010224446827401854e-02,-3.810115081866147224e-02,-1.891625306621456601e-02
1.290000000000000000e+02,2.375719469031035702e-01,2.979141247909646711e-02,1.990074983789365606e-02,-3.819111390129084627e-02,-2.159113983104936699e-02
1.300000000000000000e+02,2.377584129011408864e-01,2.986883641115854748e-02,1.858174369489902500e-02,-3.827148884141257784e-02,-1.928998562921590762e-02
1.310000000000000000e+02,2.375145285208766222e-01,2.995092291868321419e-02,1.970076180592037624e-02,-3.834873565045172211e-02,-1.853923416939414273e-02
1.320000000000000000e+02,2.375429256744265583e-01,3.003211787365469426e-02,1.948678919315517677e-02,-3.843653758760678940e-02,-2.107246491721637832e-02
1.330000000000000000e+02,2.377127135850330419e-01,3.010811038647268414e-02,1.823820307631744339e-02,-3.851483109144181183e-02,-1.879044092040566688e-02
1.340000000000000000e+02,2.374705862017145730e-01,3.018866300148259629e-02,1.933262760237919667e-02,-3.858995816393313155e-02,-1.803049739791650480e-02
1.350000000000000000e+02,2.375135103548206006e-01,3.026834651326507780e-02,1.912404282779550310e-02,-3.867609315229166012e-02,-2.067239720604641812e-02
1.360000000000000000e+02,2.376916314738381497e-01,3.034262002451601492e-02,1.782564270022487726e-02,-3.875282353545864145e-02,-1.841529196007560265e-02
1.370000000000000000e+02,2.374611650901299886e-01,3.042146186852091871e-02,1.892204256117721584e-02,-3.882657818853936516e-02,-1.770111673937375257e-02
1.380000000000000000e+02,2.374871112044374954e-01,3.049938812206681379e-02,1.870230085101466308e-02,-3.891056179613624350e-02,-2.015606582325009388e-02
1.390000000000000000e+02,2.376428744682175520e-01,3.057228810636029859e-02,1.749599623043635033e-02,-3.898520000035464450e-02,-1.791316901241634535e-02
1.400000000000000000e+02,2.374121072599642002e-01,3.064965436565882453e-02,1.856790223164602599e-02,-3.905678623884865919e-02,-1.718069723856283787e-02
1.410000000000000000e+02,2.374600488333739601e-01,3.072613008788711852e-02,1.835417333479050922e-02,-3.913934885453242835e-02,-1.981502776410427880e-02
1.420000000000000000e+02,2.376316707382482574e-01,3.079722959746136746e-02,1.706388229781954230e-02,-3.921269349868108933e-02,-1.760271459567817540e-02
1.430000000000000000e+02,2.374158447764961599e-01,3.087282902651755298e-02,1.814386297348458479e-02,-3.928324504414169860e-02,-1.693237091054668186e-02
1.440000000000000000e+02,2.374355452536984490e-01,3.094748429227172845e-02,1.791726378100181108e-02,-3.936348358022745408e-02,-1.925724866058054277e-02
1.450000000000000000e+02,2.375704048207019914e-01,3.101739555274883944e-02,1.677870251450633288e-02,-3.943451046162631951e-02,-1.704645153572836858e-02
1.460000000000000000e+02,2.373484533532053409e-01,3.109166915695979472e-02,1.782566501062950171e-02,-3.950255235108193763e-02,-1.633005346934866472e-02
1.470000000000000000e+02,2.374103429759728823e-01,3.116505279554553434e-02,1.761207326057765213e-02,-3.958188138326938083e-02,-1.903896772498579401e-02
1.480000000000000000e+02,2.375825929309347828e-01,3.123294629926458982e-02,1.629444089257346684e-02,-3.965218748367389107e-02,-1.687346409708291584e-02
1.490000000000000000e+02,2.373842131402688072e-01,3.130530374649383857e-02,1.736578733502023436e-02,-3.971995369412355259e-02,-1.626389050791901547e-02
1.500000000000000000e+02,2.373859871585121961e-01,3.137666931771033313e-02,1.712773709195897220e-02,-3.979621145830058992e-02,-1.830186340248828730e-02
1.510000000000000000e+02,2.374791807506992924e-01,3.144389366373134126e-02,1.613384304504261388e-02,-3.986330231320761586e-02,-1.610180517768554365e-02
1.520000000000000000e+02,2.372570674591578943e-01,3.151534171276377388e-02,1.714753176778407301e-02,-3.992731012195689655e-02,-1.536187409982731587e-02
1.530000000000000000e+02,2.373623369791504067e-01,3.158592439638346905e-02,1.693984406872714454e-02,-4.000398762548911663e-02,-1.840260084773321508e-02
1.540000000000000000e+02,2.375556690412564953e-01,3.165037710298697349e-02,1.546864958484074973e-02,-4.007186305857954323e-02,-1.629010394170194581e-02
1.550000000000000000e+02,2.373824875499900011e-01,3.171938116033599930e-02,1.656097376376537006e-02,-4.013767812694082199e-02,-1.579561640670611861e-02
1.560000000000000000e+02,2.373241336565794224e-01,3.178727912844565850e-02,1.629551234631889875e-02,-4.020776894814021701e-02,-1.682179708785544459e-02
1.570000000000000000e+02,2.372727077790572625e-01,3.185304456855907185e-02,1.578370562721945897e-02,-4.026863515898606444e-02,-1.460789060300273466e-02
1.580000000000000000e+02,2.373255658441263960e-01,3.192201320657846175e-02,1.655247312465402826e-02,-4.034363290372879746e-02,-1.799945873825512313e-02
1.590000000000000000e+02,2.375081987883073120e-01,3.198355662158520324e-02,1.477041960161863676e-02,-4.040859999836390881e-02,-1.559210271242701500e-02
1.600000000000000000e+02,2.373372309784246847e-01,3.205045897160439805e-02,1.605656400460613031e-02,-4.047207430498520053e-02,-1.523383358911024887e-02
1.610000000000000000e+02,2.372833171379481465e-01,3.211587957289783329e-02,1.570094431042516614e-02,-4.053921084723631496e-02,-1.611277014026734830e-02
1.620000000000000000e+02,2.372222703739580441e-01,3.217953464961312293e-02,1.527721841166870646e-02,-4.059747175193921531e-02,-1.398261712869627686e-02
1.630000000000000000e+02,2.372892087557897101e-01,3.224616336843603298e-02,1.599089251749772483e-02,-4.067006703286685232e-02,-1.742286742263351659e-02
1.640000000000000000e+02,2.374721568943361505e-01,3.230532684845029839e-02,1.419923520342333476e-02,-4.073285749741287209e-02,-1.506971149104478769e-02
1.650000000000000000e+02,2.373139608107427967e-01,3.236978538694967877e-02,1.547004923985197296e-02,-4.079433332775588006e-02,-1.475419928232162524e-02
1.660000000000000000e+02,2.371860270979858354e-01,3.243274282175755141e-02,1.510978435388933734e-02,-4.085288584177471788e-02,-1.405260336452186787e-02
1.670000000000000000e+02,2.372723962577709123e-01,3.249633579353378848e-02,1.526231322629748727e-02,-4.092241422907054449e-02,-1.668681295099818523e-02
1.680000000000000000e+02,2.374086921874503375e-01,3.255446494005675290e-02,1.395099516551065108e-02,-4.098296457984722946e-02,-1.453208418640374207e-02
1.690000000000000000e+02,2.372479293268093814e-01,3.261713913255231967e-02,1.504180619893625594e-02,-4.104155299664559442e-02,-1.406122003160782327e-02
1.700000000000000000e+02,2.372293811817255405e-01,3.267869099819313561e-02,1.477244775379596073e-02,-4.110588918011730958e-02,-1.544068403321106550e-02
1.710000000000000000e+02,2.372234323461638039e-01,3.273749613017365445e-02,1.411323167532404187e-02,-4.116133442677656629e-02,-1.330685919822212696e-02
1.720000000000000000e+02,2.372257102039505572e-01,3.279962168878582801e-02,1.491013406692140962e-02,-4.122811994485015008e-02,-1.602852433766090157e-02
1.730000000000000000e+02,2.373247368857430706e-01,3.285568991613652123e-02,1.345637456416687652e-02,-4.128491939337600170e-02,-1.363186764620425741e-02
1.740000000000000000e+02,2.371495354539165656e-01,3.291682034202429719e-02,1.467130221306702301e-02,-4.133997463009447815e-02,-1.321325681243435725e-02
1.750000000000000000e+02,2.372111490344339102e-01,3.297654123826784800e-02,1.433301509845194208e-02,-4.140470316324037364e-02,-1.553484795501428734e-02
1.760000000000000000e+02,2.373221475812443693e-01,3.303175163043099716e-02,1.325049411915498257e-02,-4.146123177769357737e-02,-1.356686746876898872e-02
1.770000000000000000e+02,2.371682209688671383e-01,3.309097263693294710e-02,1.421304156046876432e-02,-4.151564167440661285e-02,-1.305837521112861166e-02
1.780000000000000000e+02,2.371849553155398471e-01,3.314922021323975926e-02,1.397941831363528307e-02,-4.157763251703188584e-02,-1.487780223006486026e-02
1.790000000000000000e+02,2.372276079900864088e-01,3.320388584515011898e-02,1.311975165848640670e-02,-4.163101942199702588e-02,-1.281285719163333808e-02
1.800000000000000000e+02,2.370889486336347496e-01,3.326204033029179358e-02,1.395707643400238666e-02,-4.168457365826246791e-02,-1.285301670370542215e-02
1.810000000000000000e+02,2.371879713515649135e-01,3.331865706850108133e-02,1.358801717022825595e-02,-4.174711296347084766e-02,-1.500943325001156785e-02
1.820000000000000000e+02,2.372924686015013274e-01,3.337117153154097599e-02,1.260347112957497899e-02,-4.180170827298251152e-02,-1.310287428279939721e-02
1.830000000000000000e+02,2.371535713243217991e-01,3.342758576030674389e-02,1.353941490378361527e-02,-4.185424033079118700e-02,-1.260769387408163314e-02
1.840000000000000000e+02,2.371288332851828606e-01,3.348310362923798827e-02,1.332428854349835753e-02,-4.191114545931195340e-02,-1.365723084498364319e-02
1.850000000000000000e+02,2.370830581740233645e-01,3.353652648808796988e-02,1.282148612399497921e-02,-4.195969481531661854e-02,-1.165184544112037035e-02
1.860000000000000000e+02,2.371462715776350982e-01,3.359288695294011112e-02,1.352651156451342360e-02,-4.202170630501804449e-02,-1.488275752834278091e-02
1.870000000000000000e+02,2.372851082283168878e-01,3.364231759930545046e-02,1.186335512768101064e-02,-4.207448340147812438e-02,-1.266650315041983194e-02
1.880000000000000000e+02,2.371594880417039752e-01,3.369678111222340622e-02,1.307124310030943065e-02,-4.212636022481217046e-02,-1.245043760017041853e-02
1.890000000000000000e+02,2.370316168609776508e-01,3.375017832629052805e-02,1.281533137610982656e-02,-4.217304845999150092e-02,-1.120517644303872448e-02
1.900000000000000000e+02,2.371197029154776814e-01,3.380477753112338252e-02,1.310380915988494654e-02,-4.223293783537603041e-02,-1.437345009228680956e-02
1.910000000000000000e+02,2.372570111945640492e-01,3.385284323507924825e-02,1.153576894940788918e-02,-4.228427349032995441e-02,-1.232055718894164292e-02
1.920000000000000000e+02,2.371397214860134495e-01,3.390556879114039329e-02,1.265413345467463792e-02,-4.233468465634093736e-02,-1.209867984263655535e-02
1.930000000000000000e+02,2.370190107132312818e-01,3.395732766268279301e-02,1.242212917017627635e-02,-4.238015154141037966e-02,-1.091205241666653655e-02
1.940000000000000000e+02,2.370982162245248714e-01,3.401020737515085546e-02,1.269113099233550208e-02,-4.243817592774160735e-02,-1.392585271949517423e-02
1.950000000000000000e+02,2.372192149144372875e-01,3.405689111403172736e-02,1.120409733140932673e-02,-4.248771089843874499e-02,-1.188839296731363307e-02
1.960000000000000000e+02,2.371025853419502227e-01,3.410814500953175676e-02,1.230093492000765808e-02,-4.253627676302994265e-02,-1.165580750188682617e-02
1.970000000000000000e+02,2.369851116629334564e-01,3.415846471942613621e-02,1.207673037465100720e-02,-4.258000517387214301e-02,-1.049481860212784362e-02
1.980000000000000000e+02,2.370794271350641358e-01,3.420985159164148526e-02,1.233284933168428930e-02,-4.263683904676220104e-02,-1.364012949361314425e-02
1.990000000000000000e+02,2.372065014638341796e-01,3.425481708014654902e-02,1.079171724121581397e-02,-4.268534755360468835e-02,-1.164204164219669567e-02
2.000000000000000000e+02,2.371005860606195670e-01,3.430436014532702027e-02,1.189033564331371147e-02,-4.273310378616806265e-02,-1.146149581521051404e-02
2.010000000000000000e+02,2.369931514518323346e-01,3.435292771042801341e-02,1.165621562423857158e-02,-4.277616399461844215e-02,-1.033445002809183638e-02
2.020000000000000000e+02,2.370545229522645347e-01,3.440258112312600397e-02,1.191681904751726306e-02,-4.283048709449911035e-02,-1.303754397136089316e-02
2.030000000000000000e+02,2.371405935017890931e-01,3.444669743103281195e-02,1.058791389763321690e-02,-4.287633253078455831e-02,-1.100290470850703514e-02
2.040000000000000000e+02,2.370220859591974094e-01,3.449525726019978672e-02,1.165435900007313202e-02,-4.292108897539761991e-02,-1.074154670713544507e-02
2.050000000000000000e+02,2.369867637818174888e-01,3.454247815233652680e-02,1.133301411281694912e-02,-4.296713228552949404e-02,-1.105039443164983204e-02
2.060000000000000000e+02,2.370440355001902366e-01,3.458867044459747880e-02,1.108615014262791416e-02,-4.301745214915049520e-02,-1.207676726904109536e-02
2.070000000000000000e+02,2.370242642642942377e-01,3.463302671143986960e-02,1.064550404217354078e-02,-4.305988602344263533e-02,-1.018412983011407306e-02
2.080000000000000000e+02,2.370038984313794783e-01,3.468034356496312032e-02,1.135604484557957948e-02,-4.310934244560931522e-02,-1.186954132000348459e-02
2.090000000000000000e+02,2.369854167372834608e-01,3.472383745577591052e-02,1.043853379507012936e-02,-4.314971119687344148e-02,-9.688500303389881857e-03
2.100000000000000000e+02,2.370139906300138821e-01,3.477109493459431405e-02,1.134179491641621775e-02,-4.320151838878385359e-02,-1.243372605849899816e-02
2.110000000000000000e+02,2.370791851753794588e-01,3.481236030832656619e-02,9.903689695740507115e-03,-4.324399764352584996e-02,-1.019502113807842399e-02
2.120000000000000000e+02,2.369590328370992927e-01,3.485854931135829587e-02,1.108536072761485795e-02,-4.328565339491868141e-02,-9.997380334279304046e-03
2.130000000000000000e+02,2.369814802476582216e-01,3.490318035910664612e-02,1.071145145960447631e-02,-4.333244867154232433e-02,-1.123086638967439425e-02
2.140000000000000000e+02,2.369613865021647225e-01,3.494559982553575167e-02,1.018067194298562760e-02,-4.337171828339837082e-02,-9.424706845451139361e-03
2.150000000000000000e+02,2.369870181148604760e-01,3.499082051016477735e-02,1.085296431096590894e-02,-4.342097796641938845e-02,-1.182232392504470667e-02
2.160000000000000000e+02,2.370274474404536202e-01,3.503090017994130168e-02,9.619120746365176361e-03,-4.346122473114294449e-02,-9.659223533652753699e-03
2.170000000000000000e+02,2.369047236131798795e-01,3.507559222070119609e-02,1.072608978237388905e-02,-4.350039554584160528e-02,-9.400995527679239377e-03
2.180000000000000000e+02,2.369796231789663143e-01,3.511884725981416489e-02,1.038120938711255617e-02,-4.354816080881109691e-02,-1.146366311267851476e-02
2.190000000000000000e+02,2.370295232134082275e-01,3.515830248114131668e-02,9.469253118516892873e-03,-4.358849505405721497e-02,-9.680218859068979997e-03
2.200000000000000000e+02,2.369237651038772485e-01,3.520144465987734561e-02,1.035412289664768178e-02,-4.362742905324799858e-02,-9.344159805787271428e-03
2.210000000000000000e+02,2.369341696752483850e-01,3.524354832211647193e-02,1.010487893739020655e-02,-4.367071563896746111e-02,-1.038878057267036449e-02
2.220000000000000000e+02,2.368972696079761908e-01,3.528373640123540905e-02,9.645138988544849426e-03,-4.370683906748611819e-02,-8.669622844478277329e-03
2.230000000000000000e+02,2.369625149986070156e-01,3.532647343950955088e-02,1.025688918579446655e-02,-4.375491409095715739e-02,-1.153800563304973811e-02
2.240000000000000000e+02,2.370391252629395484e-01,3.536323275547565564e-02,8.822235831865267094e-03,-4.379448484993653939e-02,-9.496982155051295754e-03
2.250000000000000000e+02,2.369464068609599960e-01,3.540464758904759979e-02,9.939560057267402687e-03,-4.383360164629220707e-02,-9.388031125360947124e-03
2.260000000000000000e+02,2.368631827612411589e-01,3.544499505352995822e-02,9.683391475766132614e-03,-4.386848151404767332e-02,-8.371168261312154218e-03
2.270000000000000000e+02,2.369379338542765556e-01,3.548632191323975588e-02,9.918446330350882967e-03,-4.391439279758226760e-02,-1.101870804830180559e-02
2.280000000000000000e+02,2.370012199841782519e-01,3.552234690870462869e-02,8.645998911570133838e-03,-4.395229496884888593e-02,-9.096521103988381915e-03
2.290000000000000000e+02,2.369077956043140198e-01,3.556264726529631548e-02,9.672085582005444243e-03,-4.398954178744655941e-02,-8.939236463441285058e-03
2.300000000000000000e+02,2.368245817785950003e-01,3.560201535687929769e-02,9.448341979916549671e-03,-4.402271547959436121e-02,-7.961686115471787450e-03
2.310000000000000000e+02,2.369292235169529470e-01,3.564223870068666117e-02,9.653602513767119836e-03,-4.406841675774784972e-02,-1.096830675683784992e-02
2.320000000000000000e+02,2.370161124894314131e-01,3.567649101905298603e-02,8.220556407918157976e-03,-4.410644739363901723e-02,-9.127352613880321611e-03
2.330000000000000000e+02,2.369405702803596137e-01,3.571506537357218430e-02,9.257845084607507422e-03,-4.414424956643297343e-02,-9.072521470549384237e-03
2.340000000000000000e+02,2.368706950302647829e-01,3.575262381081300428e-02,9.014024937796938017e-03,-4.417817299730335268e-02,-8.141623408890262537e-03
2.350000000000000000e+02,2.368193326583245828e-01,3.579112810298697156e-02,9.241030121752204576e-03,-4.421299729939175832e-02,-8.357832501216921200e-03
2.360000000000000000e+02,2.369135017823148781e-01,3.582842977740131885e-02,8.952401859444118759e-03,-4.425538904400378587e-02,-1.017401870688639486e-02
2.370000000000000000e+02,2.369391363199550571e-01,3.586248027455358339e-02,8.172119316542825196e-03,-4.429057294509809034e-02,-8.444136262633775494e-03
2.380000000000000000e+02,2.368479075129148737e-01,3.590010074096947751e-02,9.028911939814449061e-03,-4.432450832894563320e-02,-8.144492123410462109e-03
2.390000000000000000e+02,2.368069681677829053e-01,3.593671995864150537e-02,8.788612241286726176e-03,-4.435761624681972687e-02,-7.945900289781820600e-03
2.400000000000000000e+02,2.368987789626270934e-01,3.597327313698000378e-02,8.772762801239758490e-03,-4.439946771153673033e-02,-1.004435153208060698e-02
2.410000000000000000e+02,2.369323744533062548e-01,3.600585968980446472e-02,7.820772677870246187e-03,-4.443383409908460008e-02,-8.247933011489396934e-03
2.420000000000000000e+02,2.368467576692714627e-01,3.604230929421472357e-02,8.747905058461976843e-03,-4.446730119056180319e-02,-8.032101954528862026e-03
2.430000000000000000e+02,2.367723428560407073e-01,3.607805195654888164e-02,8.578238960198561469e-03,-4.449706413065447619e-02,-7.143105622240891045e-03
2.440000000000000000e+02,2.368809149602411346e-01,3.611448068459412186e-02,8.742894730857589045e-03,-4.453907816804216629e-02,-1.008336897304597593e-02
2.450000000000000000e+02,2.369539136353018549e-01,3.614515439989417905e-02,7.361691672014138849e-03,-4.457366265116786963e-02,-8.300275950168883865e-03
2.460000000000000000e+02,2.368870883360692514e-01,3.618005573163361049e-02,8.376319617463254263e-03,-4.460817549559171341e-02,-8.283082661722784845e-03
2.470000000000000000e+02,2.368280171552138158e-01,3.621393328172609755e-02,8.130612022196313099e-03,-4.463908430893283319e-02,-7.418115201867980096e-03
2.480000000000000000e+02,2.367472446612410575e-01,3.624915594335277602e-02,8.453438790403262557e-03,-4.466802088593469638e-02,-6.944778480446487691e-03
2.490000000000000000e+02,2.368636279650391252e-01,3.628393551449814874e-02,8.347097074890124854e-03,-4.470836888368864837e-02,-9.683519460948628033e-03
2.500000000000000000e+02,2.369287559138841259e-01,3.631355186848261862e-02,7.107924956272277349e-03,-4.474172265438357970e-02,-8.004904966783538828e-03
2.510000000000000000e+02,2.368649293722845939e-01,3.634710036113101422e-02,8.051638235615478367e-03,-4.477487394073183247e-02,-7.956308723579963785e-03
2.520000000000000000e+02,2.368085001239469412e-01,3.637974686034334271e-02,7.835159810958792700e-03,-4.480460240180143827e-02,-7.134830656705465173e-03
2.530000000000000000e+02,2.367321059407169470e-01,3.641365695896688764e-02,8.138423669651359202e-03,-4.483240236417943697e-02,-6.671990970719349559e-03
2.540000000000000000e+02,2.368449318782847313e-01,3.644714352689737424e-02,8.036776303316084738e-03,-4.487131644032599231e-02,-9.339378275174005720e-03
2.550000000000000000e+02,2.369023220016781006e-01,3.647561508406212821e-02,6.833173719540577840e-03,-4.490325630100134441e-02,-7.665566562084133971e-03
2.560000000000000000e+02,2.368392404384229988e-01,3.650798305713787856e-02,7.768313538179708912e-03,-4.493500148835048724e-02,-7.618844963793869850e-03
2.570000000000000000e+02,2.367849306209420801e-01,3.653945854636123786e-02,7.554117413605874326e-03,-4.496339591254047002e-02,-6.814661805595567320e-03
2.580000000000000000e+02,2.367115496442470934e-01,3.657216424951720279e-02,7.849368757431703092e-03,-4.498993213809251990e-02,-6.368694132491850221e-03
2.590000000000000000e+02,2.368300116010374212e-01,3.660442122619927963e-02,7.741674403699146632e-03,-4.502779397616610974e-02,-9.086841137661300777e-03
2.600000000000000000e+02,2.368869169643401384e-01,3.663159064522109043e-02,6.520660565234670872e-03,-4.505878773997053915e-02,-7.438503313062700718e-03
2.610000000000000000e+02,2.368285177176487344e-01,3.666265322563252993e-02,7.455019298745406246e-03,-4.508971109970971031e-02,-7.421606337401379268e-03
2.620000000000000000e+02,2.367788532596984685e-01,3.669279631956783028e-02,7.234342544471943602e-03,-4.511739252130898131e-02,-6.643541183825420367e-03
2.630000000000000000e+02,2.367112921465722442e-01,3.672416304903548812e-02,7.528015072238255188e-03,-4.514332863915641869e-02,-6.224668283385493064e-03
2.640000000000000000e+02,2.368038214230541172e-01,3.675509437093884418e-02,7.423517256805011420e-03,-4.517883424271232351e-02,-8.521344853416670806e-03
2.650000000000000000e+02,2.368329221861861511e-01,3.678177308201256018e-02,6.402890657692316898e-03,-4.520730840224821551e-02,-6.833798288613420792e-03
2.660000000000000000e+02,2.367636836955614443e-01,3.681219962496592307e-02,7.302370308806306783e-03,-4.523536312831859946e-02,-6.733134256891977303e-03
2.670000000000000000e+02,2.367088432128610920e-01,3.684180270141358682e-02,7.104738347439533072e-03,-4.526016549678833767e-02,-5.952568432737442329e-03
2.680000000000000000e+02,2.367871198615645045e-01,3.687204993042608042e-02,7.259334962998974933e-03,-4.529462996337045577e-02,-8.271471979708334282e-03
2.690000000000000000e+02,2.368085260328681996e-01,3.689783383952539159e-02,6.188138183833897035e-03,-4.532172919474215800e-02,-6.503815529208135243e-03
2.700000000000000000e+02,2.367365359668957836e-01,3.692754446661124235e-02,7.130550500604930161e-03,-4.534850154986132253e-02,-6.425365228599966803e-03
2.710000000000000000e+02,2.366824963365585233e-01,3.695634193108548321e-02,6.911391473818443050e-03,-4.537198430672757105e-02,-5.635861647900018180e-03
2.720000000000000000e+02,2.367873840533137875e-01,3.698578815779763468e-02,7.067094410916305650e-03,-4.540685158173443647e-02,-8.368146001647890075e-03
2.730000000000000000e+02,2.368297900406523271e-01,3.700999505655707539e-02,5.809655702264978315e-03,-4.543456419511883448e-02,-6.651027212255755834e-03
2.740000000000000000e+02,2.367730725301272487e-01,3.703826318220519720e-02,6.784350155548760260e-03,-4.546240795621796921e-02,-6.682502663792305730e-03
2.750000000000000000e+02,2.367293028393619991e-01,3.706551814092356317e-02,6.541190092408475515e-03,-4.548711137175685815e-02,-5.928819729333319535e-03
2.760000000000000000e+02,2.366688324756711648e-01,3.709398961398031880e-02,6.833153533621176556e-03,-4.551028539996885419e-02,-5.561766770879853113e-03
2.770000000000000000e+02,2.367671294019335626e-01,3.712196045739390299e-02,6.713002419260415479e-03,-4.554304537672584918e-02,-7.862394421678201017e-03
2.780000000000000000e+02,2.367910412561462508e-01,3.714572358438145844e-02,5.703150477012664324e-03,-4.556898230810337014e-02,-6.224863530604691012e-03
2.790000000000000000e+02,2.367296625670110011e-01,3.717318769009091139e-02,6.591385370268112998e-03,-4.559468572425061372e-02,-6.168819875338545436e-03
2.800000000000000000e+02,2.366835533591211127e-01,3.719980367783642244e-02,6.387837058922262411e-03,-4.561735988482790854e-02,-5.441798538551508371e-03
2.810000000000000000e+02,2.367134641140029860e-01,3.722704753729252219e-02,6.538526269464243687e-03,-4.564555917115049183e-02,-6.767828717419499714e-03
2.820000000000000000e+02,2.366920571341756541e-01,3.725172698180439362e-02,5.923066682848446458e-03,-4.566762367337853790e-02,-5.295480534731160371e-03
2.830000000000000000e+02,2.367353072212218246e-01,3.727883494874020126e-02,6.505912064594008073e-03,-4.569817487500092701e-02,-7.332288389372611584e-03
2.840000000000000000e+02,2.367333472666004746e-01,3.730179051083535452e-02,5.509334902836322476e-03,-4.572119198629254200e-02,-5.524106709987347541e-03
2.850000000000000000e+02,2.366587386513041014e-01,3.732868565006234457e-02,6.454833414477926037e-03,-4.574388890873717223e-02,-5.447261386711527500e-03
2.860000000000000000e+02,2.367256203513393165e-01,3.735417104656334197e-02,6.116495160239196482e-03,-4.577248016077541115e-02,-6.861900489178061543e-03
2.870000000000000000e+02,2.367116563812201868e-01,3.737733369170412323e-02,5.559034833787923277e-03,-4.579496094864230621e-02,-5.395389088055087962e-03
2.880000000000000000e+02,2.366416059853542475e-01,3.740344259188044251e-02,6.266136042317273225e-03,-4.581651220038971545e-02,-5.172300419378008350e-03
2.890000000000000000e+02,2.367363941940139604e-01,3.742857103248305867e-02,6.030825744627464798e-03,-4.584649003553857571e-02,-7.194680435726889638e-03
2.900000000000000000e+02,2.367457054720281118e-01,3.745015248710695244e-02,5.179549109735273257e-03,-4.586995483940523727e-02,-5.631552927998995095e-03
2.910000000000000000e+02,2.366871367375680268e-01,3.747519715263229051e-02,6.010719726080670719e-03,-4.589308651430024782e-02,-5.551601974802855381e-03
2.920000000000000000e+02,2.366450360927101204e-01,3.749950171168451446e-02,5.833094172534166247e-03,-4.591340700072119030e-02,-4.876916741026283975e-03
2.930000000000000000e+02,2.366989427687788972e-01,3.752433210799329538e-02,5.959295114106985015e-03,-4.594075802613593884e-02,-6.564246099539691737e-03
2.940000000000000000e+02,2.366887849191303406e-01,3.754598648588328147e-02,5.197050693596954977e-03,-4.596161878494910147e-02,-5.006582115158269078e-03
2.950000000000000000e+02,2.366197614292269991e-01,3.757091551705449284e-02,5.982967481090732849e-03,-4.598191732318251262e-02,-4.871649176017950680e-03
2.960000000000000000e+02,2.367229500720409718e-01,3.759464510252034236e-02,5.695100511804129274e-03,-4.601086935697321079e-02,-6.948488109767695861e-03
2.970000000000000000e+02,2.367332690391040773e-01,3.761478705116890614e-02,4.834067675655983470e-03,-4.603347647346118371e-02,-5.425707957113055577e-03
2.980000000000000000e+02,2.366802585920292079e-01,3.763836038738137962e-02,5.657600690993655132e-03,-4.605588242172901914e-02,-5.377427584280207278e-03
2.990000000000000000e+02,2.366429970186837151e-01,3.766118266736211140e-02,5.477347195375940718e-03,-4.607560922826096916e-02,-4.734433567667891557e-03
3.000000000000000000e+02,2.365929867831527977e-01,3.768499131425345761e-02,5.714075253922627599e-03,-4.609397885879210066e-02,-4.408711327471328753e-03
3.010000000000000000e+02,2.367190834128975463e-01,3.770829398425819268e-02,5.592640801135979889e-03,-4.612338263650625492e-02,-7.056906651396289282e-03
3.020000000000000000e+02,2.367479899283582156e-01,3.772679781612770650e-02,4.440919648683349860e-03,-4.614641102537170303e-02,-5.526813327707090842e-03
3.030000000000000000e+02,2.367070544740246529e-01,3.774904100729453704e-02,5.338365880039912768e-03,-4.616983514542225692e-02,-5.621788812133658025e-03
3.040000000000000000e+02,2.366783071969471297e-01,3.777032665261585709e-02,5.108554877116677426e-03,-4.619066777306663624e-02,-4.999830634650356820e-03
3.050000000000000000e+02,2.366378664540366439e-01,3.779272891736742968e-02,5.376543540378044515e-03,-4.621040563210606494e-02,-4.737086169462494979e-03
3.060000000000000000e+02,2.365985136725807236e-01,3.781510089279695869e-02,5.369274103087467651e-03,-4.622825466417744555e-02,-4.283767697131833120e-03
3.070000000000000000e+02,2.366746648916170925e-01,3.783744735461869874e-02,5.363150837216855427e-03,-4.625401928526150924e-02,-6.183509060175904418e-03
3.080000000000000000e+02,2.366717042884316502e-01,3.785634537772852859e-02,4.535525546358724208e-03,-4.627336355381697630e-02,-4.642624453312831426e-03
3.090000000000000000e+02,2.366132370225560999e-01,3.787860953797993202e-02,5.343398460336406218e-03,-4.629245384209259434e-02,-4.581669186148901868e-03
3.100000000000000000e+02,2.365752557953930413e-01,3.790008761749121685e-02,5.154739082708871198e-03,-4.630889440146464947e-02,-3.945734249293880030e-03
3.110000000000000000e+02,2.366939301659511941e-01,3.792198502934374799e-02,5.255378844607989236e-03,-4.633676982719105164e-02,-6.690102174336267499e-03
3.120000000000000000e+02,2.367190216504808931e-01,3.793876897283993133e-02,4.028146439084778763e-03,-4.635802954528015635e-02,-5.102332341385196375e-03
3.130000000000000000e+02,2.366793435981465743e-01,3.795946842789281461e-02,4.967869212692687872e-03,-4.637987986146265701e-02,-5.244075883799366976e-03
3.140000000000000000e+02,2.366538217269082423e-01,3.797910611449940160e-02,4.713044785580257530e-03,-4.639918124773971531e-02,-4.632332706493586146e-03
3.150000000000000000e+02,2.366169755431382637e-01,3.799987380620110933e-02,4.984246008410012606e-03,-4.641752841632384996e-02,-4.403320460191584990e-03
3.160000000000000000e+02,2.365819006515426648e-01,3.802058127642433949e-02,4.969792853575913730e-03,-4.643409923491504526e-02,-3.976996461887228121e-03
3.170000000000000000e+02,2.366193688743306323e-01,3.804125975826690154e-02,4.962835642214210273e-03,-4.645529131368481696e-02,-5.086098904746027931e-03
3.180000000000000000e+02,2.365984516082600131e-01,3.805996228874940213e-02,4.488607315800738351e-03,-4.647151076023664507e-02,-3.892667172438860762e-03
3.190000000000000000e+02,2.366299586237908537e-01,3.808053595514687001e-02,4.937679935392913673e-03,-4.649390433685313129e-02,-5.374458387956648070e-03
3.200000000000000000e+02,2.366137552286616264e-01,3.809816419550391547e-02,4.230777685690701936e-03,-4.651028450522810137e-02,-3.931240409992179871e-03
3.210000000000000000e+02,2.365540055144604026e-01,3.811882644414879562e-02,4.958939674770831106e-03,-4.652627441840265915e-02,-3.837579161893105942e-03
3.220000000000000000e+02,2.366701832007407913e-01,3.813829203719922012e-02,4.671742332101191594e-03,-4.655150150119075764e-02,-6.054499869143980390e-03
3.230000000000000000e+02,2.366780942350457662e-01,3.815396424887145671e-02,3.761330801336639634e-03,-4.657068191989157530e-02,-4.603300488196794896e-03
3.240000000000000000e+02,2.366372925427303320e-01,3.817304815450460465e-02,4.580137351954964922e-03,-4.659005461555533467e-02,-4.649446959302631910e-03
3.250000000000000000e+02,2.366117454706782308e-01,3.819131492921679777e-02,4.384025930926774631e-03,-4.660709812885062420e-02,-4.090443190869886766e-03
3.260000000000000000e+02,2.365764247295201184e-01,3.821054977664056079e-02,4.616363381702789231e-03,-4.662316816061885805e-02,-3.856807624375924518e-03
3.270000000000000000e+02,2.365430195269222491e-01,3.822973956426138631e-02,4.605549028998521914e-03,-4.663757983687969594e-02,-3.458802302601900105e-03
3.280000000000000000e+02,2.366504433860660006e-01,3.824881839870518385e-02,4.578920266511685329e-03,-4.666185724021440495e-02,-5.826576800330624667e-03
3.290000000000000000e+02,2.366585547461136918e-01,3.826362651696170458e-02,3.553948381565639244e-03,-4.667976391263729818e-02,-4.297601381494098316e-03
3.300000000000000000e+02,2.366165782321936195e-01,3.828206377530194576e-02,4.424942001658504348e-03,-4.669805031814135143e-02,-4.388737320973370472e-03
3.310000000000000000e+02,2.365922954002981915e-01,3.829955727922009640e-02,4.198440940356899451e-03,-4.671396442273108990e-02,-3.819385101537614482e-03
3.320000000000000000e+02,2.365576666053967325e-01,3.831804201521545050e-02,4.436336638884181595e-03,-4.672898131164442831e-02,-3.604053339200637921e-03
3.330000000000000000e+02,2.365256897304182371e-01,3.833643677202993455e-02,4.414741635476639864e-03,-4.674237136353174421e-02,-3.213612452955915202e-03
3.340000000000000000e+02,2.366472012549444837e-01,3.835471128711177152e-02,4.385883619641141491e-03,-4.676656315366008870e-02,-5.806029630802927131e-03
3.350000000000000000e+02,2.366606238499642523e-01,3.836829740184957704e-02,3.260667537073739727e-03,-4.678448893040184492e-02,-4.302186418021138048e-03
3.360000000000000000e+02,2.366253705617417935e-01,3.838560167496001679e-02,4.153025546505571992e-03,-4.680306523281570208e-02,-4.458312579326534526e-03
3.370000000000000000e+02,2.366054421172215372e-01,3.840188693578840129e-02,3.908462598812884395e-03,-4.681937342959731352e-02,-3.913967227586053269e-03
3.380000000000000000e+02,2.365760592740826229e-01,3.841922089306869931e-02,4.160149747272050801e-03,-4.683493974618896383e-02,-3.735915981995841222e-03
3.390000000000000000e+02,2.365492478419408962e-01,3.843646872688767646e-02,4.139480116553686043e-03,-4.684899608945326116e-02,-3.373522383431311333e-03
3.400000000000000000e+02,2.365172970184260259e-01,3.845410687195189442e-02,4.233154815411536293e-03,-4.686185901436048379e-02,-3.087101977734196204e-03
3.410000000000000000e+02,2.366227559024509375e-01,3.847136573262454479e-02,4.142126561436650090e-03,-4.688400941823324397e-02,-5.316096929462801185e-03
3.420000000000000000e+02,2.366249391326455953e-01,3.848468198979137361e-02,3.195901720038864160e-03,-4.690001382607858482e-02,-3.841057882881163295e-03
3.430000000000000000e+02,2.365844095723087237e-01,3.850147681051481474e-02,4.030756973626686140e-03,-4.691636859944858101e-02,-3.925145608798440156e-03
3.440000000000000000e+02,2.365625091660510937e-01,3.851735921896087822e-02,3.811778027055477691e-03,-4.693049280435338672e-02,-3.389809177152961709e-03
3.450000000000000000e+02,2.365309615489639972e-01,3.853417731466352719e-02,4.036342968636420260e-03,-4.694380244613407388e-02,-3.194314027364625504e-03
3.460000000000000000e+02,2.365024479303949878e-01,3.855089699150648919e-02,4.012722442310149261e-03,-4.695561097185223243e-02,-2.834046172358880428e-03
3.470000000000000000e+02,2.366241688053827841e-01,3.856745438632087214e-02,3.973774755451137640e-03,-4.697807599350049823e-02,-5.391605195583210053e-03
3.480000000000000000e+02,2.366329318585805863e-01,3.857942675460893089e-02,2.873368389134698699e-03,-4.699438274449978942e-02,-3.913620239829969719e-03
3.490000000000000000e+02,2.365998286856013377e-01,3.859506777370247388e-02,3.753844582450891441e-03,-4.701140691249927617e-02,-4.085800319876896347e-03
3.500000000000000000e+02,2.365825125913488258e-01,3.860969277006239680e-02,3.509999126381941129e-03,-4.702628511532070538e-02,-3.570768677142911393e-03
3.510000000000000000e+02,2.365567812401988268e-01,3.862532713033189208e-02,3.752246464678215491e-03,-4.704053986265087361e-02,-3.421139359239788649e-03
3.520000000000000000e+02,2.365338167088567312e-01,3.864086361099654254e-02,3.728755359516193121e-03,-4.705341971621973540e-02,-3.091164856526698937e-03
3.530000000000000000e+02,2.365062351969566268e-01,3.865677962055888428e-02,3.819842294961612369e-03,-4.706523546219607695e-02,-2.835779034322777337e-03
3.540000000000000000e+02,2.365551594557099013e-01,3.867231034199767464e-02,3.727373145310260323e-03,-4.708169053819987598e-02,-3.949218240911058463e-03
3.550000000000000000e+02,2.365375157192196043e-01,3.868599817518490053e-02,3.285079964934406460e-03,-4.709371801314390926e-02,-2.886593986568103919e-03
3.560000000000000000e+02,2.364937292047609718e-01,3.870182533333123287e-02,3.798517955120410666e-03,-4.710527431464276577e-02,-2.773512359726099281e-03
3.570000000000000000e+02,2.366033217915922693e-01,3.871670572188630477e-02,3.571293253217555554e-03,-4.712555012044315761e-02,-4.866193392094601139e-03
3.580000000000000000e+02,2.365991217554602455e-01,3.872805919391184015e-02,2.724833286128324449e-03,-4.714003065190012359e-02,-3.475327549671739825e-03
3.590000000000000000e+02,2.365632176954791666e-01,3.874269040799332292e-02,3.511491379555807188e-03,-4.715486704040718763e-02,-3.560733241695707672e-03
3.600000000000000000e+02,2.365448891225017392e-01,3.875650274762029029e-02,3.314961510471999256e-03,-4.716769471585686296e-02,-3.078642107922488578e-03
3.610000000000000000e+02,2.365188816635738767e-01,3.877118549752512494e-02,3.523859977160340336e-03,-4.717984127114384363e-02,-2.915173268876136703e-03
3.620000000000000000e+02,2.364959183517568175e-01,3.878577644285433751e-02,3.501826879010271672e-03,-4.719067416627327483e-02,-2.599894831063544534e-03
3.630000000000000000e+02,2.365390273625330719e-01,3.880020878890533959e-02,3.463763052240328294e-03,-4.720580803751824039e-02,-3.632129098790947211e-03
3.640000000000000000e+02,2.365215951678698303e-01,3.881293049894991160e-02,3.053210410697801934e-03,-4.721683834108153510e-02,-2.647272855191266754e-03
3.650000000000000000e+02,2.364813048262438544e-01,3.882762411005255543e-02,3.526466664634392897e-03,-4.722742817237597646e-02,-2.541559510666395114e-03
3.660000000000000000e+02,2.365951995556562493e-01,3.884141057467949826e-02,3.308751510465819320e-03,-4.724702421157502691e-02,-4.703049407772700100e-03
3.670000000000000000e+02,2.365902436913355222e-01,3.885154789747263110e-02,2.432957470352066671e-03,-4.726087756413954039e-02,-3.324804615483652540e-03
3.680000000000000000e+02,2.365572052058476371e-01,3.886500469292449716e-02,3.229630908447259519e-03,-4.727522362077921786e-02,-3.443053593522094492e-03
3.690000000000000000e+02,2.365414701169639700e-01,3.887761437723557395e-02,3.026324234658169139e-03,-4.728764824017177987e-02,-2.981908654215005647e-03
3.700000000000000000e+02,2.365186981906613195e-01,3.889110470963249439e-02,3.237679775260225625e-03,-4.729950735991881455e-02,-2.846188739288307585e-03
3.710000000000000000e+02,2.364990245393872037e-01,3.890450634591723772e-02,3.216392708338261519e-03,-4.731016245738472320e-02,-2.557223391818513793e-03
3.720000000000000000e+02,2.364757566381419374e-01,3.891821190443668643e-02,3.289334044667201890e-03,-4.731988182280306293e-02,-2.332647700402040378e-03
3.730000000000000000e+02,2.365591426350709126e-01,3.893152059911520607e-02,3.194086722845319685e-03,-4.733682790349581088e-02,-4.067059366259130268e-03
3.740000000000000000e+02,2.365479633231112877e-01,3.894188413857329473e-02,2.487249469941133287e-03,-4.734842464557961067e-02,-2.783218100111811266e-03
3.750000000000000000e+02,2.365100060959748896e-01,3.895515994890311195e-02,3.186194479156342473e-03,-4.736018910905414464e-02,-2.823471233887968161e-03
3.760000000000000000e+02,2.364918273461516229e-01,3.896769351714427648e-02,3.008056377879309278e-03,-4.737008206121060688e-02,-2.374308517550456805e-03
3.770000000000000000e+02,2.364660663572185073e-01,3.898096333926650420e-02,3.184757309335169324e-03,-4.737929529736750744e-02,-2.211176677656520768e-03
3.780000000000000000e+02,2.365712818783631821e-01,3.899364872662361425e-02,3.044492965706787312e-03,-4.739718259200229739e-02,-4.292950712349356823e-03
3.790000000000000000e+02,2.365636549092219043e-01,3.900279151150470164e-02,2.194268371461801075e-03,-4.740941122425532117e-02,-2.934871740725272706e-03
3.800000000000000000e+02,2.365303603617692763e-01,3.901517376509057444e-02,2.971740860608990380e-03,-4.742213784794659104e-02,-3.054389685904149686e-03
3.810000000000000000e+02,2.365158528137926430e-01,3.902670238501088767e-02,2.766868780875141910e-03,-4.743301660779530859e-02,-2.610902363691787638e-03
3.820000000000000000e+02,2.364942328558492513e-01,3.903907579408578271e-02,2.969618177975566400e-03,-4.744338533648845280e-02,-2.488494886355432142e-03
3.830000000000000000e+02,2.364761796521537007e-01,3.905133403578293916e-02,2.941978007318006919e-03,-4.745261798118894508e-02,-2.215834728118874514e-03
3.840000000000000000e+02,2.364547971575584329e-01,3.906386623012595566e-02,3.007726642324440227e-03,-4.746098909603951865e-02,-2.009067564137514278e-03
3.850000000000000000e+02,2.365682725830604294e-01,3.907597469034392729e-02,2.906030452312892854e-03,-4.747881493877346981e-02,-4.278202256149066414e-03
3.860000000000000000e+02,2.365625379795800731e-01,3.908416835323469396e-02,1.966479093783857560e-03,-4.749089107903506357e-02,-2.898273662782400832e-03
3.870000000000000000e+02,2.365322258669516065e-01,3.909575388690272879e-02,2.780528080328526809e-03,-4.750368086703179310e-02,-3.069549119214702755e-03
3.880000000000000000e+02,2.365199931523945809e-01,3.910640203050094049e-02,2.555554463570231059e-03,-4.751465569412827161e-02,-2.633958503155239307e-03
3.890000000000000000e+02,2.365008745730217410e-01,3.911795077964150269e-02,2.771699793734564050e-03,-4.752523693775442815e-02,-2.539498470278184726e-03
3.900000000000000000e+02,2.364853889701536982e-01,3.912937483220328694e-02,2.741772614828723482e-03,-4.753475428081140042e-02,-2.284162333673952355e-03
3.910000000000000000e+02,2.364668654280516757e-01,3.914109997701260835e-02,2.814034754236544728e-03,-4.754350964597407747e-02,-2.101287639041720442e-03
3.920000000000000000e+02,2.364480839802656775e-01,3.915288285764203374e-02,2.827891351062035256e-03,-4.755131055675799329e-02,-1.872218588140511699e-03
3.930000000000000000e+02,2.365452641792810118e-01,3.916432587164344475e-02,2.746323360338893439e-03,-4.756736355898489449e-02,-3.852720534456007678e-03
3.940000000000000000e+02,2.365355196792789383e-01,3.917239136615154049e-02,1.935718681943084801e-03,-4.757793043870621463e-02,-2.536051133116918200e-03
3.950000000000000000e+02,2.365028832930451408e-01,3.918357663394281265e-02,2.684464269905562864e-03,-4.758899133870441583e-02,-2.654615999567496842e-03
3.960000000000000000e+02,2.364898105840984033e-01,3.919391971260040297e-02,2.482338877821941604e-03,-4.759830364484345794e-02,-2.234953473369353290e-03
3.970000000000000000e+02,2.364698438901115529e-01,3.920505803608129169e-02,2.673197635413610603e-03,-4.760716272321380976e-02,-2.126178808883847325e-03
3.980000000000000000e+02,2.364537203982842173e-01,3.921606029379758745e-02,2.640541851911570956e-03,-4.761496646074392380e-02,-1.872897007227732405e-03
3.990000000000000000e+02,2.364733948635573679e-01,3.922694666637211586e-02,2.612729417886018590e-03,-4.762485751324750660e-02,-2.373852600859673295e-03
4.000000000000000000e+02,2.364866572085615459e-01,3.923669012145120094e-02,2.338429218979704537e-03,-4.763465814097685158e-02,-2.352150655043324604e-03
4.010000000000000000e+02,2.364875609741425577e-01,3.924644781302238927e-02,2.341845977084727314e-03,-4.764467515832678662e-02,-2.404084163984309113e-03
4.020000000000000000e+02,2.364571827324966069e-01,3.925643711515906797e-02,2.397432512803562323e-03,-4.765225766244923084e-02,-1.819800989387254739e-03
4.030000000000000000e+02,2.365281035687155919e-01,3.926685173548565000e-02,2.499508878379536319e-03,-4.766672187272490840e-02,-3.471410466163176063e-03
4.040000000000000000e+02,2.365128188709016421e-01,3.927441627590166212e-02,1.815489699842649102e-03,-4.767598021871228414e-02,-2.222003036970701846e-03
4.050000000000000000e+02,2.364792157443256215e-01,3.928486457267492404e-02,2.507591225583285979e-03,-4.768555979178905335e-02,-2.299097538425339850e-03
4.060000000000000000e+02,2.364659894234208415e-01,3.929456252616974482e-02,2.327508838757198512e-03,-4.769348089867259111e-02,-1.901065652049835309e-03
4.070000000000000000e+02,2.364464735362662440e-01,3.930496520677283917e-02,2.496643344743473564e-03,-4.770093508339807303e-02,-1.789004334115844221e-03
4.080000000000000000e+02,2.364308512019862030e-01,3.931523378246365441e-02,2.464458165796350273e-03,-4.770738792621180557e-02,-1.548682275296563550e-03
4.090000000000000000e+02,2.365463931503817008e-01,3.932524263143796078e-02,2.402123753832955625e-03,-4.772350728973642764e-02,-3.868647245909527348e-03
4.100000000000000000e+02,2.365375494143938384e-01,3.933125198041080572e-02,1.442243753482895605e-03,-4.773399016937607958e-02,-2.515891113517290320e-03
4.110000000000000000e+02,2.365108015947593179e-01,3.934066520473526729e-02,2.259173837871303325e-03,-4.774537157664681536e-02,-2.731537744977285617e-03
4.120000000000000000e+02,2.365018831546790434e-01,3.934911577157801377e-02,2.028136042258754917e-03,-4.775510141567074207e-02,-2.335161365742148033e-03
4.130000000000000000e+02,2.364870791223454005e-01,3.935845585048540485e-02,2.241618937773166755e-03,-4.776461905372039046e-02,-2.284233131915359809e-03
4.140000000000000000e+02,2.364760130025897467e-01,3.936766096126732839e-02,2.209226587661052964e-03,-4.777326198900922610e-02,-2.074304469320603986e-03
4.150000000000000000e+02,2.364624104426746587e-01,3.937716960057147109e-02,2.282073432993726725e-03,-4.778133139036629812e-02,-1.936656325696513737e-03
4.160000000000000000e+02,2.364489924565200130e-01,3.938673789828167626e-02,2.296391450450043208e-03,-4.778864419806431313e-02,-1.755073847524270605e-03
4.170000000000000000e+02,2.364343635104910191e-01,3.939643873103293448e-02,2.328199860302720102e-03,-4.779524479365244299e-02,-1.584142941151384012e-03
4.180000000000000000e+02,2.364190522378800674e-01,3.940620640033261346e-02,2.344240631923467585e-03,-4.780107186555612037e-02,-1.398497256883069351e-03
4.190000000000000000e+02,2.365270584922978259e-01,3.941558121583198931e-02,2.249955719849736340e-03,-4.781581117160339095e-02,-3.537433451344246249e-03
4.200000000000000000e+02,2.365164342870192393e-01,3.942131938311284334e-02,1.377160147404956183e-03,-4.782510294159275643e-02,-2.230024797447088120e-03
4.210000000000000000e+02,2.364886855729399495e-01,3.943028047703192596e-02,2.150662540579670236e-03,-4.783515575728149866e-02,-2.412675765298798701e-03
4.220000000000000000e+02,2.364796936898724000e-01,3.943833678678408672e-02,1.933514340518388986e-03,-4.784361374474114387e-02,-2.029916990314221785e-03
4.230000000000000000e+02,2.364648636912494439e-01,3.944720929623912742e-02,2.129402269209844378e-03,-4.785183293362896273e-02,-1.972605333077055191e-03
4.240000000000000000e+02,2.364539574825145207e-01,3.945593446916016711e-02,2.094041501048745941e-03,-4.785919939524799910e-02,-1.767950788568372830e-03
4.250000000000000000e+02,2.364405288252967863e-01,3.946492807973937117e-02,2.158466539009624638e-03,-4.786600170449642477e-02,-1.632554219621766556e-03
4.260000000000000000e+02,2.364274736210187911e-01,3.947394965848851495e-02,2.165178899794132240e-03,-4.787206598839859051e-02,-1.455428136519676570e-03
4.270000000000000000e+02,2.364130854006897542e-01,3.948308113920342283e-02,2.191555371577621081e-03,-4.787743456721393204e-02,-1.288458915682689967e-03
4.280000000000000000e+02,2.365111745960497558e-01,3.949178915484688468e-02,2.089923754431393700e-03,-4.789086242746928151e-02,-3.222686461283795663e-03
4.290000000000000000e+02,2.364981814572428565e-01,3.949730564428185348e-02,1.323957464393127640e-03,-4.789913027701182130e-02,-1.984283890210224860e-03
4.300000000000000000e+02,2.364702596920377209e-01,3.950575743389016237e-02,2.028429505993831466e-03,-4.790798456494033825e-02,-2.125029102843869772e-03
4.310000000000000000e+02,2.364611931894868291e-01,3.951340353426074925e-02,1.835064088941303507e-03,-4.791534240095803032e-02,-1.765880644245361756e-03
4.320000000000000000e+02,2.364465585246923740e-01,3.952178188902831513e-02,2.010805144215180220e-03,-4.792243246317730299e-02,-1.701614932626210365e-03
4.330000000000000000e+02,2.364356929820196906e-01,3.953002681295005039e-02,1.978781741216984694e-03,-4.792870142575098025e-02,-1.504551017682936734e-03
4.340000000000000000e+02,2.364226240016595038e-01,3.953849889192202066e-02,2.033298953272623388e-03,-4.793441377278048754e-02,-1.370963287082086835e-03
4.350000000000000000e+02,2.364100665791813993e-01,3.954697361137055056e-02,2.033932667646662796e-03,-4.793941340087508329e-02,-1.199910742703079371e-03
4.360000000000000000e+02,2.364969504491945262e-01,3.955507326701731413e-02,1.943917355223698847e-03,-4.795158701751622149e-02,-2.921667993873230430e-03
4.370000000000000000e+02,2.364821628662813757e-01,3.956049708161689382e-02,1.301715503898888491e-03,-4.795903605208245990e-02,-1.787768295896410148e-03
4.380000000000000000e+02,2.364555581775835413e-01,3.956842418461637562e-02,1.902504719876086650e-03,-4.796684833043918239e-02,-1.874946805614172976e-03
4.390000000000000000e+02,2.364458404627622357e-01,3.957575948323215076e-02,1.760471667785346115e-03,-4.797333916808717291e-02,-1.557801035517445906e-03
4.400000000000000000e+02,2.364321683005211339e-01,3.958364344185460321e-02,1.892150069388222377e-03,-4.797947682398395058e-02,-1.473037415226462112e-03
4.410000000000000000e+02,2.364214315764736341e-01,3.959145540602890950e-02,1.874871401834242706e-03,-4.798487971900678578e-02,-1.296694805479815587e-03
4.420000000000000000e+02,2.364091532570083420e-01,3.959941246089026395e-02,1.909693166725716200e-03,-4.798970962712278271e-02,-1.159177947839321304e-03
4.430000000000000000e+02,2.364747176313870269e-01,3.960692194860336579e-02,1.802277051144386818e-03,-4.799984616782895092e-02,-2.432769769479851789e-03
4.440000000000000000e+02,2.364589088086625768e-01,3.961264912997183862e-02,1.374523528433192277e-03,-4.800620832098815433e-02,-1.526916758208421085e-03
4.450000000000000000e+02,2.364342785222030840e-01,3.962023598621521731e-02,1.820845498410560192e-03,-4.801260313114816963e-02,-1.534754438404406247e-03
4.460000000000000000e+02,2.364236422979552055e-01,3.962744531053882108e-02,1.730237837664822627e-03,-4.801787340119947900e-02,-1.264864812314096722e-03
4.470000000000000000e+02,2.364101757386179170e-01,3.963503801120667885e-02,1.822248160285588892e-03,-4.802270082339626933e-02,-1.158581327230290932e-03
4.480000000000000000e+02,2.364508375766797010e-01,3.964211865729782430e-02,1.699355061874432710e-03,-4.803065786494794404e-02,-1.909689972401740730e-03
4.490000000000000000e+02,2.364358347729248189e-01,3.964830582369507223e-02,1.484919935339091245e-03,-4.803605235738824669e-02,-1.294678185673346768e-03
4.500000000000000000e+02,2.364152569500468648e-01,3.965563371447056867e-02,1.758693786118471292e-03,-4.804117848054097889e-02,-1.230269556655162917e-03
4.510000000000000000e+02,2.364040569640761258e-01,3.966276028229763495e-02,1.710376278495761172e-03,-4.804538210888836813e-02,-1.008870803372890600e-03
4.520000000000000000e+02,2.365095238157189639e-01,3.966964169862916695e-02,1.651539919567694822e-03,-4.805830961541581597e-02,-3.102601566587733731e-03
4.530000000000000000e+02,2.364919021549274636e-01,3.967337823298414112e-02,8.967682451940914203e-04,-4.806618866306889420e-02,-1.890971436739314390e-03
4.540000000000000000e+02,2.364686606177390238e-01,3.967989551251505792e-02,1.564147087420210500e-03,-4.807472258641986435e-02,-2.048141604233577519e-03
4.550000000000000000e+02,2.364612608430369800e-01,3.968582602643172530e-02,1.423323340000941673e-03,-4.808204790059062567e-02,-1.758075400983002880e-03
4.560000000000000000e+02,2.364508226948509040e-01,3.969238125381028409e-02,1.573254570854353430e-03,-4.808919337841402464e-02,-1.714914677616502514e-03
4.570000000000000000e+02,2.364430088228305082e-01,3.969891496702976363e-02,1.568091172674934003e-03,-4.809575449431754968e-02,-1.574667816845489333e-03
4.580000000000000000e+02,2.364339379545894182e-01,3.970566302237251571e-02,1.619533282259952647e-03,-4.810189971859427094e-02,-1.474853826413342634e-03
4.590000000000000000e+02,2.364252011412262544e-01,3.971247363847055928e-02,1.634547863529755380e-03,-4.810752727881096452e-02,-1.350614452006234289e-03
4.600000000000000000e+02,2.364157536104296298e-01,3.971938922546339873e-02,1.659740878281181116e-03,-4.811265414872660517e-02,-1.230448779753137364e-03
4.610000000000000000e+02,2.364059849799058644e-01,3.972636439962160676e-02,1.674041797970348029e-03,-4.811723710300563894e-02,-1.099909026967632163e-03
4.620000000000000000e+02,2.363957952566758114e-01,3.973338812157355127e-02,1.685693268467221588e-03,-4.812126392041884970e-02,-9.664361791712664613e-04
4.630000000000000000e+02,2.364419486060636288e-01,3.973998004419817404e-02,1.582061429909913065e-03,-4.812895344349849003e-02,-1.845485539113746925e-03
4.640000000000000000e+02,2.364275625502834377e-01,3.974545414103893004e-02,1.313783241780766857e-03,-4.813385612028173166e-02,-1.176642427977870036e-03
4.650000000000000000e+02,2.364070737967761127e-01,3.975221091108944310e-02,1.621624812123402710e-03,-4.813860035738895538e-02,-1.138616905733071723e-03
4.660000000000000000e+02,2.363970789469012346e-01,3.975871504736760986e-02,1.560992706760526167e-03,-4.814242339802216747e-02,-9.175297519713733431e-04
4.670000000000000000e+02,2.364616336349550652e-01,3.976499865881828744e-02,1.508066748161851879e-03,-4.815165421191045653e-02,-2.215395333189812757e-03
4.680000000000000000e+02,2.364457309677074626e-01,3.976946083443095442e-02,1.070922147039701355e-03,-4.815718023399542108e-02,-1.326245300391746835e-03
4.690000000000000000e+02,2.364231359910622665e-01,3.977578767131783460e-02,1.518440852850712602e-03,-4.816284551928968344e-02,-1.359668470622647264e-03
4.700000000000000000e+02,2.364144250846370865e-01,3.978174134054898031e-02,1.428880615474290450e-03,-4.816748696610579500e-02,-1.113947235866434137e-03
4.710000000000000000e+02,2.364033367030689281e-01,3.978807022448257319e-02,1.518932144062639170e-03,-4.817178564695772519e-02,-1.031683404463500271e-03
4.720000000000000000e+02,2.363946069164446495e-01,3.979434382518565183e-02,1.505664168739051035e-03,-4.817548869182314286e-02,-8.887307677007052088e-04
4.730000000000000000e+02,2.364508088983119372e-01,3.980023490541085424e-02,1.413859254048881490e-03,-4.818369863621044941e-02,-1.970386652953481400e-03
4.740000000000000000e+02,2.364355715791099100e-01,3.980470484763007355e-02,1.072786132612084126e-03,-4.818874360120016520e-02,-1.210791597531703494e-03
4.750000000000000000e+02,2.364150941826363705e-01,3.981072256216705574e-02,1.444251488876276612e-03,-4.819381405511177774e-02,-1.216908938787761123e-03
4.760000000000000000e+02,2.364066086138949252e-01,3.981643981806481242e-02,1.372141415461423843e-03,-4.819796501428696284e-02,-9.962302020436663783e-04
4.770000000000000000e+02,2.363961176015460519e-01,3.982247235084829945e-02,1.447807868036618019e-03,-4.820176476119115982e-02,-9.119392570071519540e-04
4.780000000000000000e+02,2.364183188324038842e-01,3.982799188514392352e-02,1.324688230950278080e-03,-4.820705132969179546e-02,-1.268776440152328969e-03
4.790000000000000000e+02,2.364032944661964841e-01,3.983331199872609807e-02,1.276827259722578640e-03,-4.821078805150998126e-02,-8.968132363641651049e-04
4.800000000000000000e+02,2.364425483900920721e-01,3.983875082068341622e-02,1.305317269756202034e-03,-4.821814305022923547e-02,-1.765199692621309546e-03
