# Time, SliderHeight, Motor1Pos, Motor1Vel, Motor2Pos, Motor2Vel
0.000000000000000000e+00,2.600000000000000089e-01,0.000000000000000000e+00,0.000000000000000000e+00,0.000000000000000000e+00,0.000000000000000000e+00
1.000000000000000000e+00,4.215608064366621610e-02,1.903057098388671983e-04,4.567337036132812500e-02,1.039855342266126845e-02,2.495652821438704372e+00
2.000000000000000000e+00,1.562065891356487768e-01,3.583182096481323659e-03,8.142903327941894975e-01,1.771301502768186584e-02,1.755470785204943152e+00
3.000000000000000000e+00,2.831320174383894495e-01,5.908205389976502186e-03,5.580055904388427912e-01,2.625190668317663872e-02,2.049333997318745659e+00
4.000000000000000000e+00,2.566325428016318910e-01,8.725560557842255288e-03,6.761652402877809109e-01,3.378907273647416970e-02,1.808919852791408101e+00
5.000000000000000000e+00,2.711674952113112824e-01,1.132968978762626672e-02,6.249910151481627985e-01,4.120481428843338068e-02,1.779777972470209857e+00
6.000000000000000000e+00,2.637997578377831998e-01,1.402262374770641383e-02,6.463041504192351683e-01,4.812596514364197997e-02,1.661076205250062943e+00
7.000000000000000000e+00,2.653852218582415934e-01,1.665054135035276550e-02,6.307002246351242070e-01,5.476430684524552506e-02,1.593202008384849933e+00
8.000000000000000000e+00,2.626662366630436174e-01,1.925940250615000918e-02,6.261266773913383155e-01,6.108262035290497327e-02,1.516395241838267127e+00
9.000000000000000000e+00,2.605512016512096518e-01,2.182602526479709287e-02,6.159894620753000316e-01,6.716182569503817423e-02,1.459009282111968675e+00
1.000000000000000000e+01,2.574375177373908752e-01,2.441221155286206132e-02,6.206847091355925938e-01,7.293801843195386880e-02,1.386286256859767585e+00
1.100000000000000000e+01,-1.656695769847585376e-01,2.701445529663896658e-02,6.245384985064571515e-01,7.840474849107170741e-02,1.312015214188282819e+00
1.200000000000000000e+01,-1.572888466684386199e-01,2.964018681470456315e-02,6.301755643357428438e-01,8.352851037826214409e-02,1.229702852925703915e+00
1.300000000000000000e+01,-8.745137357117127586e-02,3.228635995528610775e-02,6.350815537395710919e-01,8.842028228622145214e-02,1.174025257910234155e+00
1.400000000000000000e+01,-8.210577820146325312e-02,3.499515720255534645e-02,6.501113393446178446e-01,9.309109790487408997e-02,1.120995748476632636e+00
1.500000000000000000e+01,-8.015760105507696576e-02,3.775682927412415263e-02,6.628012971765137040e-01,9.764537879851448166e-02,1.093027414473695558e+00
1.600000000000000000e+01,2.615332752627250734e-01,4.061179949182960880e-02,6.851928522493087037e-01,1.020685101089434110e-01,1.061551514502941718e+00
1.700000000000000000e+01,3.591296419780543037e-01,4.355833762888932509e-02,7.071691528943315763e-01,1.064603207261970164e-01,1.054034548140865279e+00
1.800000000000000000e+01,2.176529662884812699e-01,4.667486995322713689e-02,7.479677578410756089e-01,1.108655835670426387e-01,1.057263081802948257e+00
1.900000000000000000e+01,1.520987730751747480e-01,5.001004559596058247e-02,8.004421542560266056e-01,1.152748659353818594e-01,1.058227768401413638e+00
2.000000000000000000e+01,1.477230151870888575e-01,5.356066841278120383e-02,8.521494760369491273e-01,1.197013590317288767e-01,1.062358343123285920e+00
2.100000000000000000e+01,1.394801833224922905e-01,5.731303765686798779e-02,9.005686185808283728e-01,1.242067254743716292e-01,1.081287946234259500e+00
2.200000000000000000e+01,1.330608927672813913e-01,6.126976554167761629e-02,9.496146923543101748e-01,1.288260945098158305e-01,1.108648568506605203e+00
2.300000000000000000e+01,1.276978541278816492e-01,6.547292359442027920e-02,1.008757932658238543e+00,1.335337905201490760e-01,1.129847042479979580e+00
2.400000000000000000e+01,1.248908290323766934e-01,6.994912879327361277e-02,1.074289247724801610e+00,1.382887644444020792e-01,1.141193741820719865e+00
2.500000000000000000e+01,1.363613631806440407e-01,7.467813957613536613e-02,1.134962587886820140e+00,1.429331996977021013e-01,1.114664460792002876e+00
2.600000000000000000e+01,1.451599074891452013e-01,7.958534061938069004e-02,1.177728250378876407e+00,1.474324633325097000e-01,1.079823272353823249e+00
2.700000000000000000e+01,1.384100263766223082e-01,8.464283970929017964e-02,1.213799781578277948e+00,1.517663473961623766e-01,1.040132175276640147e+00
2.800000000000000000e+01,1.553835130893534422e-01,8.982113503760026652e-02,1.242790878794419740e+00,1.559391642723476079e-01,1.001476050284453079e+00
2.900000000000000000e+01,1.551652112582175280e-01,9.510214478965975382e-02,1.267442340494277619e+00,1.599430420752252224e-01,9.609306726906249319e-01
3.000000000000000000e+01,1.589725587417651353e-01,1.004663528434055902e-01,1.287409932899000742e+00,1.637666161047065805e-01,9.176577670755287075e-01
3.100000000000000000e+01,1.637659233491245980e-01,1.058759171882476258e-01,1.298295442762088081e+00,1.674101486054940524e-01,8.744478001889957053e-01
3.200000000000000000e+01,1.676362390578578221e-01,1.113142918590166591e-01,1.305209920984568672e+00,1.708626580224137936e-01,8.286022600607348965e-01
3.300000000000000000e+01,1.755259016238808201e-01,1.168185428567374701e-01,1.321020239452995293e+00,1.739894785753898776e-01,7.504369327142591528e-01
3.400000000000000000e+01,1.754288703959518136e-01,1.223796447173603058e-01,1.334664446549481021e+00,1.768373293960769088e-01,6.834841969648899340e-01
3.500000000000000000e+01,1.807322425110736430e-01,1.279380416775409424e-01,1.334015270443352330e+00,1.794328378379526079e-01,6.229220260501662221e-01
3.600000000000000000e+01,1.853011729744353520e-01,1.334783043637996491e-01,1.329663044702091845e+00,1.817581082355487210e-01,5.580648954230651437e-01
3.700000000000000000e+01,1.884394001275985220e-01,1.389818733356944225e-01,1.320856553254746046e+00,1.838244883941147767e-01,4.959312380558522637e-01
3.800000000000000000e+01,1.931789396849318274e-01,1.444292734813679147e-01,1.307376034961639455e+00,1.856166507216650829e-01,4.301189586120721109e-01
3.900000000000000000e+01,1.981584955013581673e-01,1.497949246123741196e-01,1.287756271441490963e+00,1.871233514762260519e-01,3.616081810946292219e-01
4.000000000000000000e+01,2.079643448897563751e-01,1.550675883981914860e-01,1.265439308596169266e+00,1.882203402841428619e-01,2.632773139000346152e-01
4.100000000000000000e+01,2.165706272272803767e-01,1.602448929835967595e-01,1.242553100497266305e+00,1.887955236329453834e-01,1.380440037126054176e-01
4.200000000000000000e+01,2.209402718630594786e-01,1.653005101729640713e-01,1.213348125448155068e+00,1.888674174041707066e-01,1.725450509408077426e-02
4.300000000000000000e+01,2.274702964533239224e-01,1.702794091424753020e-01,1.194935752682693808e+00,1.883000860254946951e-01,-1.361595308822452499e-01
4.400000000000000000e+01,2.329171212179473593e-01,1.751597693354777219e-01,1.171286446320583430e+00,1.870822905724311702e-01,-2.922709087352450830e-01
4.500000000000000000e+01,2.365320833277040624e-01,1.798959944280643652e-01,1.136694022220794187e+00,1.852988304513137063e-01,-4.280304290681922197e-01
4.600000000000000000e+01,2.371502829404689150e-01,1.843817210376230420e-01,1.076574386294085084e+00,1.832389806144914812e-01,-4.943639608373323613e-01
4.700000000000000000e+01,2.334371018581572754e-01,1.884803690962415235e-01,9.836755340684324445e-01,1.813753525795132049e-01,-4.472707283947874313e-01
4.800000000000000000e+01,2.312854490666200746e-01,1.922656701498115239e-01,9.084722528567973354e-01,1.797248975285061778e-01,-3.961092122416853822e-01
4.900000000000000000e+01,2.311187892514804942e-01,1.957698827714183520e-01,8.410110291856381926e-01,1.782674067914873373e-01,-3.497977768845211832e-01
5.000000000000000000e+01,2.312132526396383780e-01,1.990173070675013700e-01,7.793818310599224253e-01,1.769831190196482218e-01,-3.082290652413848253e-01
5.100000000000000000e+01,2.315709535850266898e-01,2.020272799364509486e-01,7.223934885479011969e-01,1.758494865880352587e-01,-2.720717835871104273e-01
5.200000000000000000e+01,2.319637995153911447e-01,2.048174489657920150e-01,6.696405670418530409e-01,1.748481835895880077e-01,-2.403127196273411592e-01
5.300000000000000000e+01,2.323592423870884383e-01,2.074047221841885669e-01,6.209455724151717870e-01,1.739640876147212356e-01,-2.121830339680226274e-01
5.400000000000000000e+01,2.327866074888136905e-01,2.098044896709240492e-01,5.759441968165129877e-01,1.731837911501147853e-01,-1.872711515055500986e-01
5.500000000000000000e+01,2.337729141248899856e-01,2.120226691192545754e-01,5.323630675993270556e-01,1.724798911551881087e-01,-1.689359987824000098e-01
5.600000000000000000e+01,2.345089934353724037e-01,2.140691223663215570e-01,4.911487792960735344e-01,1.718422624737549476e-01,-1.530308835439611326e-01
5.700000000000000000e+01,2.351565746835548310e-01,2.159560331234422759e-01,4.528585817089705312e-01,1.712638667038025031e-01,-1.388149847885879473e-01
5.800000000000000000e+01,2.356716194254717123e-01,2.176975317374637009e-01,4.179596673651402861e-01,1.707414866057299085e-01,-1.253712235374215278e-01
5.900000000000000000e+01,2.361468931214518174e-01,2.193185663936936536e-01,3.890483174951882006e-01,1.702566400481952125e-01,-1.163631738083278078e-01
6.000000000000000000e+01,2.367820873028790296e-01,2.208680131979396943e-01,3.718672330190511688e-01,1.697492174850568358e-01,-1.217814151532112810e-01
6.100000000000000000e+01,2.375783190776443177e-01,2.223362164650325989e-01,3.523687841022942191e-01,1.692298509718271615e-01,-1.246479631751248734e-01
6.200000000000000000e+01,2.381875904541455868e-01,2.237293693580173215e-01,3.343566943163352456e-01,1.687004859272064616e-01,-1.270476107089692497e-01
6.300000000000000000e+01,2.387735497039158161e-01,2.250509297588258739e-01,3.171744961940523577e-01,1.681637672953887608e-01,-1.288124716362503974e-01
6.400000000000000000e+01,2.393121661914920095e-01,2.263045342820435013e-01,3.008650855722331263e-01,1.676219861199069738e-01,-1.300274821156283123e-01
6.500000000000000000e+01,2.398099200053419033e-01,2.274935870109998370e-01,2.853726549495178011e-01,1.670772162612702283e-01,-1.307447660728182637e-01
6.600000000000000000e+01,2.401230865374038570e-01,2.286280180757281066e-01,2.722634555347838714e-01,1.665332613460072386e-01,-1.305491796631156609e-01
6.700000000000000000e+01,2.404841880598334591e-01,2.297102140429388983e-01,2.597270321305881757e-01,1.659911604482945391e-01,-1.301042154510486382e-01
6.800000000000000000e+01,2.408167830229605844e-01,2.307424360713428713e-01,2.477332868169511704e-01,1.654521288809321922e-01,-1.293675761669631219e-01
6.900000000000000000e+01,2.411234987213520531e-01,2.317268860967351962e-01,2.362680060941583227e-01,1.649172365849344568e-01,-1.283741510394549312e-01
7.000000000000000000e+01,2.414060115910717508e-01,2.326656829519424541e-01,2.253112452497394447e-01,1.643874345882493371e-01,-1.271524792044282093e-01
7.100000000000000000e+01,2.416659560515996008e-01,2.335608527957173663e-01,2.148407625059791382e-01,1.638635668973046355e-01,-1.257282458267296454e-01
7.200000000000000000e+01,2.419044339929192211e-01,2.344143503010183149e-01,2.048394012722271618e-01,1.633463871611827711e-01,-1.241231366692476246e-01
7.300000000000000000e+01,2.421233911565405794e-01,2.352280240803052702e-01,1.952817070288677404e-01,1.628365498268472544e-01,-1.223609602405212188e-01
7.400000000000000000e+01,2.423234285399043231e-01,2.360036749752049412e-01,1.861562147759195374e-01,1.623346319830394624e-01,-1.204602825138731403e-01
7.500000000000000000e+01,2.425060999343068568e-01,2.367430071893038002e-01,1.774397313837269841e-01,1.618411470595893797e-01,-1.184363816280210591e-01
7.600000000000000000e+01,2.426725392622320343e-01,2.374476677541051406e-01,1.691185355523213141e-01,1.613565154351792874e-01,-1.163115898584188568e-01
7.700000000000000000e+01,2.428239202595554314e-01,2.381192105226286326e-01,1.611702644456379230e-01,1.608811154755253603e-01,-1.140959903169436185e-01
7.800000000000000000e+01,2.429609499088813962e-01,2.387591591310077310e-01,1.535876660109856406e-01,1.604152460233052024e-01,-1.118086685328382457e-01
7.900000000000000000e+01,2.430848162677475555e-01,2.393689444542251021e-01,1.463484775721717035e-01,1.599591760969472087e-01,-1.094567823259188777e-01
8.000000000000000000e+01,2.431964777479599382e-01,2.399499436830110355e-01,1.394398149086227001e-01,1.595131061921913618e-01,-1.070567771414011743e-01
8.100000000000000000e+01,2.432968553174415516e-01,2.405034737688731272e-01,1.328472206069026273e-01,1.590771871233292167e-01,-1.046205765269136168e-01
8.200000000000000000e+01,2.433864236419564786e-01,2.410307974431286360e-01,1.265576818213199617e-01,1.586515549285879012e-01,-1.021517267379181554e-01
8.300000000000000000e+01,2.434663173016313742e-01,2.415331226692359612e-01,1.205580542657594401e-01,1.582362789582637264e-01,-9.966623287780471130e-02
8.400000000000000000e+01,2.435370887385588101e-01,2.420115961796732440e-01,1.148336425049468618e-01,1.578314167516974842e-01,-9.716692957589841140e-02
8.500000000000000000e+01,2.435994937792489712e-01,2.424673214814050681e-01,1.093740724156350708e-01,1.574369805223143071e-01,-9.466469505196460632e-02
8.600000000000000000e+01,2.436538193865087076e-01,2.429013571336176291e-01,1.041685565310151995e-01,1.570529857489596226e-01,-9.215874560512600511e-02
8.700000000000000000e+01,2.437011141842164719e-01,2.433147091301307574e-01,9.920447916314976966e-02,1.566793965501958041e-01,-8.966140770331547383e-02
8.800000000000000000e+01,2.437418183830797613e-01,2.437083297599439424e-01,9.446895115516761032e-02,1.563161846281809486e-01,-8.717086128356607566e-02
8.900000000000000000e+01,2.437757338007651153e-01,2.440831519038637598e-01,8.995731454075785172e-02,1.559633647890839858e-01,-8.467676138327111246e-02
9.000000000000000000e+01,2.438022150128285326e-01,2.444401017568734735e-01,8.566796472232841853e-02,1.556210224562470379e-01,-8.216215988086680855e-02
9.100000000000000000e+01,2.438085559305216143e-01,2.447805804797182627e-01,8.171489348274951769e-02,1.552896867867669950e-01,-7.952056067520914262e-02
9.200000000000000000e+01,2.438116659525093599e-01,2.451053993611914394e-01,7.795653155356255248e-02,1.549690889417808803e-01,-7.694348279666766988e-02
9.300000000000000000e+01,2.438124646245248550e-01,2.454152610977090310e-01,7.436681676422293719e-02,1.546589816221575486e-01,-7.442575670960219214e-02
9.400000000000000000e+01,2.438119027320540255e-01,2.457108443470088777e-01,7.093997983195997337e-02,1.543591585720799630e-01,-7.195753201862090109e-02
9.500000000000000000e+01,2.438085487540232188e-01,2.459927980265773362e-01,6.766888309642701826e-02,1.540693204375002956e-01,-6.956115229911954967e-02
9.600000000000000000e+01,2.438041669171934489e-01,2.462617324194316115e-01,6.454425428502906514e-02,1.537893017510018334e-01,-6.720448475962793877e-02
9.700000000000000000e+01,2.437961428154255261e-01,2.465182648674359711e-01,6.156778752104371394e-02,1.535186638550065930e-01,-6.495309503885474123e-02
9.800000000000000000e+01,2.437906823212163399e-01,2.467629091435203093e-01,5.871462626024272907e-02,1.532576767021624486e-01,-6.263691668259761813e-02
9.900000000000000000e+01,2.437733440941522167e-01,2.469963510668281848e-01,5.602606159389302010e-02,1.530044476269922515e-01,-6.077497804084744382e-02
1.000000000000000000e+02,2.438151665731830287e-01,2.472191419381462862e-01,5.346980911634568318e-02,1.527616703639400053e-01,-5.826654313254088502e-02
1.010000000000000000e+02,2.437086339275660318e-01,2.474316479510077771e-01,5.100144308675635951e-02,1.525218327885756175e-01,-5.756101808745233556e-02
1.020000000000000000e+02,2.439775017541314095e-01,2.476335358030564981e-01,4.845308449169136167e-02,1.522943617706962183e-01,-5.459304429105332063e-02
1.030000000000000000e+02,2.437302485826630671e-01,2.478268792067039872e-01,4.640241687539544552e-02,1.520759899461403553e-01,-5.240923789340508343e-02
1.040000000000000000e+02,2.436917456531252912e-01,2.480111013680877663e-01,4.421331873211029745e-02,1.518599067035363570e-01,-5.185997822496088427e-02
1.050000000000000000e+02,2.439237509669691661e-01,2.481860033802937571e-01,4.197648292943675918e-02,1.516549568316787333e-01,-4.918796924583086760e-02
1.060000000000000000e+02,2.437562673018683346e-01,2.483534860523295695e-01,4.019584128859508831e-02,1.514581596206024949e-01,-4.723133065829990263e-02
1.070000000000000000e+02,2.436514504853878882e-01,2.485128701609727320e-01,3.825218607435643819e-02,1.512681505697329454e-01,-4.560217220869399596e-02
1.080000000000000000e+02,2.437157883066770614e-01,2.486652061326843910e-01,3.656063321079625061e-02,1.510850434845048829e-01,-4.394570045473800146e-02
1.090000000000000000e+02,2.436203003356012531e-01,2.488099969859369209e-01,3.474980478060660932e-02,1.509093682180993323e-01,-4.216206393732991470e-02
1.100000000000000000e+02,2.436504958987346370e-01,2.489486505616789747e-01,3.327685817809516999e-02,1.507393248042646627e-01,-4.081041932032184599e-02
1.110000000000000000e+02,2.435977016120890737e-01,2.490802621447808785e-01,3.158677994445538428e-02,1.505745783986877639e-01,-3.953913733845688949e-02
1.120000000000000000e+02,2.436639352410546466e-01,2.492059584292092844e-01,3.016710826281851845e-02,1.504159365334184206e-01,-3.807404766464139723e-02
1.130000000000000000e+02,2.436006667485260957e-01,2.493258021042799033e-01,2.876248201694658890e-02,1.502637989888958303e-01,-3.651301068542198852e-02
1.140000000000000000e+02,2.435511931128974961e-01,2.494401796536099558e-01,2.745061183921251521e-02,1.501178236176584635e-01,-3.503408909697030421e-02
1.150000000000000000e+02,2.435385398839322868e-01,2.495488562843017621e-01,2.608239136603620473e-02,1.499750390444464232e-01,-3.426829757089141365e-02
1.160000000000000000e+02,2.435967151139776521e-01,2.496523039215987338e-01,2.482743295127087108e-02,1.498382641799595738e-01,-3.282596747684220911e-02
1.170000000000000000e+02,2.435494421613978999e-01,2.497509743601109555e-01,2.368090524293269342e-02,1.497071877614369051e-01,-3.145834044544001257e-02
1.180000000000000000e+02,2.435141871667673985e-01,2.498450576882836893e-01,2.257999876145554141e-02,1.495815551566836710e-01,-3.015182514077758766e-02
1.190000000000000000e+02,2.434821660632998930e-01,2.499347668210339934e-01,2.153019186007265606e-02,1.494611338210237728e-01,-2.890112055837541077e-02
1.200000000000000000e+02,2.434528322908809661e-01,2.500203054105500367e-01,2.052926148384480107e-02,1.493457169928155692e-01,-2.770003876996777331e-02
1.210000000000000000e+02,2.434261423498947363e-01,2.501018567864978226e-01,1.957233022747444096e-02,1.492350838029220528e-01,-2.655196557444390940e-02
1.220000000000000000e+02,2.434015089465396409e-01,2.501796098901468701e-01,1.866074487576884280e-02,1.491290379008659572e-01,-2.545101649346377323e-02
1.230000000000000000e+02,2.433840256350540132e-01,2.502532571962844954e-01,1.767535347302469015e-02,1.490271418070004128e-01,-2.445506252773061232e-02
1.240000000000000000e+02,2.433964568911752280e-01,2.503238577086895900e-01,1.694412297722510188e-02,1.489279864780513052e-01,-2.379727894778272887e-02
1.250000000000000000e+02,2.433737110973597240e-01,2.503908616456071989e-01,1.608094486023256206e-02,1.488330786554061813e-01,-2.277787743483168995e-02
1.260000000000000000e+02,2.433532682942943504e-01,2.504547590919376510e-01,1.533538711931018914e-02,1.487420661961761370e-01,-2.184299021521154960e-02
1.270000000000000000e+02,2.433342465010000233e-01,2.505156512652482181e-01,1.461412159453942192e-02,1.486548081681451083e-01,-2.094192672744585315e-02
1.280000000000000000e+02,2.433164619505385762e-01,2.505736710187098648e-01,1.392474083079392119e-02,1.485711308283233500e-01,-2.008256155722464367e-02
1.290000000000000000e+02,2.432995324208057364e-01,2.506289499088062422e-01,1.326693362312452058e-02,1.484908913420434351e-01,-1.925747670718240198e-02
1.300000000000000000e+02,2.432832758723005584e-01,2.506816242909808423e-01,1.264185172190882347e-02,1.484139509917033473e-01,-1.846568408162189978e-02
1.310000000000000000e+02,2.432678232844786292e-01,2.507318109490479507e-01,1.204479793610103468e-02,1.483401676305661498e-01,-1.770800667292583147e-02
1.320000000000000000e+02,2.432530806263940026e-01,2.507796209852060088e-01,1.147440867792869079e-02,1.482694082351816434e-01,-1.698225489228380805e-02
1.330000000000000000e+02,2.432389623904607778e-01,2.508251663534633025e-01,1.093088838174853181e-02,1.482015421499298657e-01,-1.628786046042419999e-02
1.340000000000000000e+02,2.432253966336412887e-01,2.508685478482337583e-01,1.041155874490782771e-02,1.481364526449065189e-01,-1.562148120560095423e-02
1.350000000000000000e+02,2.432123164950475147e-01,2.509098681471470527e-01,9.916871739185487838e-03,1.480740237463416265e-01,-1.498293565557640324e-02
1.360000000000000000e+02,2.431996662248704366e-01,2.509492256612493866e-01,9.445803384566690136e-03,1.480141460982411505e-01,-1.437063554411500098e-02
1.370000000000000000e+02,2.431875667682656394e-01,2.509867089718301192e-01,8.995994539370319454e-03,1.479567036714875827e-01,-1.378618242085540534e-02
1.380000000000000000e+02,2.431758512070049394e-01,2.510223978356199148e-01,8.565327309556220250e-03,1.479016047701501579e-01,-1.322373632098385564e-02
1.390000000000000000e+02,2.431644202201634630e-01,2.510563879280527932e-01,8.157622183887781528e-03,1.478487502542725485e-01,-1.268508381062755444e-02
1.400000000000000000e+02,2.431533593817379602e-01,2.510887534527412313e-01,7.767725925223794778e-03,1.477980513007146612e-01,-1.216774885389080088e-02
1.410000000000000000e+02,2.431427966639524707e-01,2.511195671542752472e-01,7.395288368164502218e-03,1.477494041481285936e-01,-1.167531662065845674e-02
1.420000000000000000e+02,2.431324149536984724e-01,2.511489005155994603e-01,7.040006717806259438e-03,1.477027405179807684e-01,-1.119927123547844773e-02
1.430000000000000000e+02,2.431225217478505951e-01,2.511768238225411953e-01,6.701593666018179456e-03,1.476579570131450470e-01,-1.074804116057356991e-02
1.440000000000000000e+02,2.431127022885342659e-01,2.512034063588800548e-01,6.379808721320499691e-03,1.476149979360734388e-01,-1.031017849718749574e-02
1.450000000000000000e+02,2.431032716385470027e-01,2.512287104748684441e-01,6.072987837211635265e-03,1.475737772736233910e-01,-9.892958988011584312e-03
1.460000000000000000e+02,2.430941958475101583e-01,2.512527863287896124e-01,5.778204941075312621e-03,1.475342236605972635e-01,-9.492867126272081651e-03
1.470000000000000000e+02,2.430852962044236509e-01,2.512757029518066232e-01,5.499989524077739805e-03,1.474962680410636384e-01,-9.109348688071984557e-03
1.480000000000000000e+02,2.430766632743226741e-01,2.512975105582357926e-01,5.233825542994273786e-03,1.474598484406542676e-01,-8.740704098249231849e-03
1.490000000000000000e+02,2.430684261029588678e-01,2.513182543287673099e-01,4.978504927559014755e-03,1.474248909076704417e-01,-8.389807916116123060e-03
1.500000000000000000e+02,2.430603582258235584e-01,2.513379868842604559e-01,4.735813318354903378e-03,1.473913417093312417e-01,-8.051807601409470203e-03
1.510000000000000000e+02,2.430524563982070507e-01,2.513567615721830628e-01,4.505925101421474552e-03,1.473591472098143007e-01,-7.726679884064380048e-03
1.520000000000000000e+02,2.430448546033569801e-01,2.513746204402506623e-01,4.286128336228907723e-03,1.473282471079934430e-01,-7.416024437009107947e-03
1.530000000000000000e+02,2.430374436925208381e-01,2.513916132809931869e-01,4.078281778202420479e-03,1.472985878269081339e-01,-7.118227460472718524e-03
1.540000000000000000e+02,2.430303444356874398e-01,2.514077729729975452e-01,3.878326081040700708e-03,1.472701148558239748e-01,-6.833513060197772375e-03
1.550000000000000000e+02,2.430233997591071948e-01,2.514231350927557673e-01,3.686908741970747888e-03,1.472427916686896432e-01,-6.557564912238645835e-03
1.560000000000000000e+02,2.430167477033423340e-01,2.514377435794674098e-01,3.506036810798552564e-03,1.472165555772983192e-01,-6.296661933919285928e-03
1.570000000000000000e+02,2.430102357220848552e-01,2.514516380072467916e-01,3.334662667054015713e-03,1.471913687421322336e-01,-6.044840439862551006e-03
1.580000000000000000e+02,2.430039773886863430e-01,2.514648420583235344e-01,3.168972258416121769e-03,1.471671908211383550e-01,-5.802701038531189043e-03
1.590000000000000000e+02,2.429978881774224053e-01,2.514773949538540165e-01,3.012694927314713954e-03,1.471439801696687588e-01,-5.570556352701210197e-03
1.600000000000000000e+02,2.429920374889596169e-01,2.514893260276201969e-01,2.863457703880573427e-03,1.471216932324862781e-01,-5.348864923792355161e-03
1.610000000000000000e+02,2.429863746069672870e-01,2.515006676540834651e-01,2.721990351182838105e-03,1.471002911395407620e-01,-5.136502306922086959e-03
1.620000000000000000e+02,2.429808820304929229e-01,2.515114430148405189e-01,2.586086581687551452e-03,1.470797449913548993e-01,-4.931075564604828210e-03
1.630000000000000000e+02,2.429755975011704816e-01,2.515216789354574600e-01,2.456620948066626578e-03,1.470600168986211376e-01,-4.734742256102367729e-03
1.640000000000000000e+02,2.429704780597501668e-01,2.515314055347054878e-01,2.334383819520755715e-03,1.470410731317546293e-01,-4.546504047962492308e-03
1.650000000000000000e+02,2.429655811284343603e-01,2.515406439488174217e-01,2.217219386864426219e-03,1.470228771280364943e-01,-4.367040892352999637e-03
1.660000000000000000e+02,2.429608259908473955e-01,2.515494191778805400e-01,2.106054975151226260e-03,1.470054023535753152e-01,-4.193945870685888110e-03
1.670000000000000000e+02,2.429562430816959717e-01,2.515577537239955808e-01,2.000291067611214332e-03,1.469886190171371676e-01,-4.028000745156212238e-03
1.680000000000000000e+02,2.429517982153532318e-01,2.515656738162264094e-01,1.900822135397965337e-03,1.469725007113950876e-01,-3.868393378100062029e-03
1.690000000000000000e+02,2.429475896741896679e-01,2.515731851449662382e-01,1.802718897555605172e-03,1.469570168788127684e-01,-3.716119819753981209e-03
1.700000000000000000e+02,2.429434509911599371e-01,2.515803226858966402e-01,1.713009823292112798e-03,1.469421472360453174e-01,-3.568714264190311295e-03
1.710000000000000000e+02,2.429395372358630345e-01,2.515870940375187770e-01,1.625124389309674051e-03,1.469278606950120691e-01,-3.428769847977973344e-03
1.720000000000000000e+02,2.429357739885160683e-01,2.515935120021637883e-01,1.540311514805355834e-03,1.469141353148925022e-01,-3.294091228696279221e-03
1.730000000000000000e+02,2.429320959932698976e-01,2.515996060192236539e-01,1.462564094371789861e-03,1.469009522176251692e-01,-3.163943344158875234e-03
1.740000000000000000e+02,2.429285888615660693e-01,2.516053846797411953e-01,1.386878524205116840e-03,1.468882878965388772e-01,-3.039437060709339333e-03
1.750000000000000000e+02,2.429252183271331800e-01,2.516108736172507077e-01,1.317345002282564693e-03,1.468761157240232595e-01,-2.921321403745533694e-03
1.760000000000000000e+02,2.429219667938317395e-01,2.516160780103534056e-01,1.249054344652391355e-03,1.468644234103022306e-01,-2.806155293045846117e-03
1.770000000000000000e+02,2.429188539234735655e-01,2.516210144453169262e-01,1.184744391245073610e-03,1.468531880850688642e-01,-2.696478056007132508e-03
1.780000000000000000e+02,2.429158962759773444e-01,2.516256859054590844e-01,1.121150434113128919e-03,1.468423885995593370e-01,-2.591876522287138353e-03
1.790000000000000000e+02,2.429130165734342262e-01,2.516301129885487042e-01,1.062499941513445501e-03,1.468320126396540082e-01,-2.490230377281026260e-03
1.800000000000000000e+02,2.429102171948188116e-01,2.516343142499153918e-01,1.008302728003901937e-03,1.468220495423931682e-01,-2.391143342600848820e-03
1.810000000000000000e+02,2.429075933903174223e-01,2.516382944337306471e-01,9.552441156562409361e-04,1.468124709908969761e-01,-2.298852359086086053e-03
1.820000000000000000e+02,2.429050681041193538e-01,2.516420637804044902e-01,9.046432017247192908e-04,1.468032636674363456e-01,-2.209757630554536230e-03
1.830000000000000000e+02,2.429026595513333053e-01,2.516456314999191979e-01,8.562526835358916797e-04,1.467944094713116709e-01,-2.125007069924690541e-03
1.840000000000000000e+02,2.429003127652109295e-01,2.516490058942839614e-01,8.098546475441135333e-04,1.467859043479979309e-01,-2.041229595297988295e-03
1.850000000000000000e+02,2.428980616174635787e-01,2.516522063727198999e-01,7.681148246308594453e-04,1.467777331263660501e-01,-1.961093191652906777e-03
1.860000000000000000e+02,2.428959564282237860e-01,2.516552384533572440e-01,7.276993529588066589e-04,1.467698695244898932e-01,-1.887264450279846004e-03
1.870000000000000000e+02,2.428938963572865595e-01,2.516581071197244168e-01,6.884799281240846190e-04,1.467623141467982173e-01,-1.813290645999831056e-03
1.880000000000000000e+02,2.428919213728266413e-01,2.516608228208660480e-01,6.517682739975664413e-04,1.467550556988105603e-01,-1.742027517036925802e-03
1.890000000000000000e+02,2.428900494092035012e-01,2.516633889834722915e-01,6.158790254982342239e-04,1.467480776443223223e-01,-1.674733077174418413e-03
1.900000000000000000e+02,2.428882690285390777e-01,2.516658146543688801e-01,5.821610151756326538e-04,1.467413651573785949e-01,-1.610996866495933337e-03
1.910000000000000000e+02,2.428865547239039413e-01,2.516681079830867529e-01,5.503988922920841987e-04,1.467349110338432017e-01,-1.548989648494521936e-03
1.920000000000000000e+02,2.428849217825116424e-01,2.516702703273085984e-01,5.189626132389876757e-04,1.467287024322113387e-01,-1.490064391644396529e-03
1.930000000000000000e+02,2.428833298007993247e-01,2.516723148622934114e-01,4.906883963610916008e-04,1.467227405000829932e-01,-1.430863710803132599e-03
1.940000000000000000e+02,2.428818513919536182e-01,2.516742534314936885e-01,4.652566080693730033e-04,1.467170020831500832e-01,-1.377220063895385474e-03
1.950000000000000000e+02,2.428804168674660313e-01,2.516760787948563727e-01,4.380872070440586913e-04,1.467114837942496974e-01,-1.324389336093335055e-03
1.960000000000000000e+02,2.428790452806589006e-01,2.516777963611701030e-01,4.122159152966926149e-04,1.467061767189586086e-01,-1.273698069864448619e-03
1.970000000000000000e+02,2.428777416137777867e-01,2.516794229440972308e-01,3.903799025158603830e-04,1.467010734347030665e-01,-1.224788221329812859e-03
1.980000000000000000e+02,2.428764991852133126e-01,2.516809497912581017e-01,3.664433186064604839e-04,1.466961602651787044e-01,-1.179160685844421247e-03
1.990000000000000000e+02,2.428753174280233185e-01,2.516823929020408079e-01,3.463465878452927143e-04,1.466914317007080582e-01,-1.134855472951980899e-03
2.000000000000000000e+02,2.428741546298551490e-01,2.516837547634860894e-01,3.268467468730074446e-04,1.466868949096181984e-01,-1.088829861567417378e-03
2.010000000000000000e+02,2.428730828405653575e-01,2.516850375819074115e-01,3.078764211138721851e-04,1.466825257665862192e-01,-1.048594327671907968e-03
2.020000000000000000e+02,2.428720498587847165e-01,2.516862433491592888e-01,2.893841404538098302e-04,1.466783205894870989e-01,-1.009242503787143985e-03
2.030000000000000000e+02,2.428710496949713915e-01,2.516873798389202554e-01,2.727575426352739992e-04,1.466742825217544899e-01,-9.691362558255247174e-04
2.040000000000000000e+02,2.428701245863668090e-01,2.516884480543361002e-01,2.563716998023713540e-04,1.466703897597537998e-01,-9.342628801682564691e-04
2.050000000000000000e+02,2.428692159259309702e-01,2.516894489132795454e-01,2.402061464304071033e-04,1.466666468858470185e-01,-8.982897376243299207e-04
2.060000000000000000e+02,2.428683585992631455e-01,2.516903892036991830e-01,2.256697007135230774e-04,1.466630461370496130e-01,-8.641797113778588221e-04
2.070000000000000000e+02,2.428675487910466058e-01,2.516912750370609020e-01,2.126000068149311783e-04,1.466595805825819387e-01,-8.317330722411841451e-04
2.080000000000000000e+02,2.428667715706449570e-01,2.516921059426138196e-01,1.994173327021984108e-04,1.466562437282273035e-01,-8.008450451114181891e-04
2.090000000000000000e+02,2.428660257952406920e-01,2.516928874716897191e-01,1.875669782102048003e-04,1.466530360413651202e-01,-7.698448469268997021e-04
2.100000000000000000e+02,2.428653215395159826e-01,2.516936246202188254e-01,1.769156469856096548e-04,1.466499519756527259e-01,-7.401757709734343256e-04
2.110000000000000000e+02,2.428646388980637838e-01,2.516943099315702148e-01,1.644747243374467503e-04,1.466469798040417327e-01,-7.133211866373463618e-04
2.120000000000000000e+02,2.428639963356893083e-01,2.516949546101000523e-01,1.547228471668508443e-04,1.466441217137285369e-01,-6.859416751691708135e-04
2.130000000000000000e+02,2.428633831087803063e-01,2.516955567940690197e-01,1.445241525472122082e-04,1.466413671541071384e-01,-6.610943091386736270e-04
2.140000000000000000e+02,2.428627777121102338e-01,2.516961148124710612e-01,1.339244164910291654e-04,1.466387186608359983e-01,-6.356383850739701080e-04
2.150000000000000000e+02,2.428622442257875047e-01,2.516966450641999753e-01,1.272604149428120147e-04,1.466361671127430488e-01,-6.123715423108027191e-04
2.160000000000000000e+02,2.428616979182151303e-01,2.516971384466792916e-01,1.184117950331397743e-04,1.466337157446452599e-01,-5.883283434681234585e-04
2.170000000000000000e+02,2.428611964080133190e-01,2.516975986790871422e-01,1.104557778840053230e-04,1.466313493584031624e-01,-5.679326981001665917e-04
2.180000000000000000e+02,2.428606947752578737e-01,2.516980231519400646e-01,1.018734846958695324e-04,1.466290722470630914e-01,-5.465067216185968968e-04
2.190000000000000000e+02,2.428602435738346221e-01,2.516984214466040926e-01,9.559071937304181900e-05,1.466268765704121235e-01,-5.269623962348271356e-04
2.200000000000000000e+02,2.428597828887096854e-01,2.516987902712537473e-01,8.851791591217259578e-05,1.466247732956482142e-01,-5.047859433393488008e-04
2.210000000000000000e+02,2.428593673026514521e-01,2.516991325998799156e-01,8.215887027400163470e-05,1.466227419145985367e-01,-4.875314519248574317e-04
2.220000000000000000e+02,2.428589647481297353e-01,2.516994511280417068e-01,7.644675883082023495e-05,1.466207882704767262e-01,-4.688745892358574100e-04
2.230000000000000000e+02,2.428585824474983335e-01,2.516997482824364640e-01,7.131705474427345402e-05,1.466189116784439028e-01,-4.503820878805973697e-04
2.240000000000000000e+02,2.428582115208207937e-01,2.517000202598058678e-01,6.527456865471180510e-05,1.466170989525576729e-01,-4.350542126933848084e-04
2.250000000000000000e+02,2.428578774139025787e-01,2.517002755830732852e-01,6.127758417657477906e-05,1.466153507492611585e-01,-4.195687911633697812e-04
2.260000000000000000e+02,2.428575381041390979e-01,2.517005099889021991e-01,5.625739893678697982e-05,1.466136673439603910e-01,-4.040172721822814922e-04
2.270000000000000000e+02,2.428572199707393353e-01,2.517007255994132553e-01,5.174652265131906979e-05,1.466120429916458745e-01,-3.898445554836048365e-04
2.280000000000000000e+02,2.428569114518467909e-01,2.517009243390176398e-01,4.769750505112542026e-05,1.466104847934386890e-01,-3.739675697277891489e-04
2.290000000000000000e+02,2.428566060880291144e-01,2.517011019504317715e-01,4.262673939103061508e-05,1.466089805627013576e-01,-3.610153769621116571e-04
2.300000000000000000e+02,2.428563405591449564e-01,2.517012665398302151e-01,3.950145562820394171e-05,1.466075256982812824e-01,-3.491674608151604979e-04
2.310000000000000000e+02,2.428560555637286344e-01,2.517014134886361720e-01,3.526771343275406930e-05,1.466061341047882605e-01,-3.339824383254612968e-04
2.320000000000000000e+02,2.428558156262295709e-01,2.517015505592332114e-01,3.289694329474917417e-05,1.466047944103253953e-01,-3.215266710871343605e-04
2.330000000000000000e+02,2.428555705500205497e-01,2.517016727917076868e-01,2.933579387495440454e-05,1.466034957724430821e-01,-3.116730917552127441e-04
2.340000000000000000e+02,2.428553282139372660e-01,2.517017817121539047e-01,2.614090709876500882e-05,1.466022529895110171e-01,-2.982679036923969107e-04
2.350000000000000000e+02,2.428551309623103172e-01,2.517018846408987098e-01,2.470289874741596862e-05,1.466010492482293648e-01,-2.888979075996474374e-04
2.360000000000000000e+02,2.428548930994497423e-01,2.517019702666011827e-01,2.055016859594746976e-05,1.465998868568888780e-01,-2.789739217190447982e-04
2.370000000000000000e+02,2.428547107552635476e-01,2.517020522966927354e-01,1.968722197349635636e-05,1.465987749605681123e-01,-2.668551169830313133e-04
2.380000000000000000e+02,2.428545201779709894e-01,2.517021251420296646e-01,1.748288086165755408e-05,1.465976968731775298e-01,-2.587409737402649400e-04
2.390000000000000000e+02,2.428543338005224594e-01,2.517021897561643740e-01,1.550739232843779584e-05,1.465966619830687823e-01,-2.483736260990938773e-04
2.400000000000000000e+02,2.428541333166378824e-01,2.517022410172012892e-01,1.230264886416909909e-05,1.465956663441228547e-01,-2.389533470207634981e-04
2.410000000000000000e+02,2.428539713780562270e-01,2.517022862426983587e-01,1.085411930276212881e-05,1.465947005976248607e-01,-2.317791595186161893e-04
2.420000000000000000e+02,2.428538125321623442e-01,2.517023260720695488e-01,9.559049087848541678e-06,1.465937745424651384e-01,-2.222532383361541992e-04
2.430000000000000000e+02,2.428536367948830044e-01,2.517023551006347670e-01,6.966855655421359846e-06,1.465928846005637443e-01,-2.135860563358180477e-04
2.440000000000000000e+02,2.428534998005922318e-01,2.517023803829785411e-01,6.067762502561727140e-06,1.465920155792273250e-01,-2.085651207426372355e-04
2.450000000000000000e+02,2.428533369291398236e-01,2.517023963597394554e-01,3.834422614352149877e-06,1.465911839081915358e-01,-1.996010485900081991e-04
2.460000000000000000e+02,2.428532093362191779e-01,2.517024099560162265e-01,3.263106430638827982e-06,1.465903866764627084e-01,-1.913356149179887581e-04
2.470000000000000000e+02,2.428530627197992564e-01,2.517024154565247196e-01,1.320122043172928861e-06,1.465896146520610233e-01,-1.852858564068429422e-04
2.480000000000000000e+02,2.428529493141452777e-01,2.517024196559237703e-01,1.007855769215305906e-06,1.465888659096019342e-01,-1.796981901821654258e-04
2.490000000000000000e+02,2.428528109608961150e-01,2.517024167474923302e-01,-6.980235451522729076e-07,1.465881506132701295e-01,-1.716711196317426938e-04
2.500000000000000000e+02,2.428527077572417148e-01,2.517024134276140690e-01,-7.967707806847697349e-07,1.465874600658106097e-01,-1.657313902830365908e-04
2.510000000000000000e+02,2.428525808689610821e-01,2.517024037863594410e-01,-2.313901114979803249e-06,1.465867920193590634e-01,-1.603311483691064636e-04
2.520000000000000000e+02,2.428524866754400158e-01,2.517023944409308434e-01,-2.242902865183036901e-06,1.465861448187145699e-01,-1.553281546807846612e-04
2.530000000000000000e+02,2.428523943303178279e-01,2.517023853896918073e-01,-2.172297364658974385e-06,1.465855230154831657e-01,-1.492327755373469718e-04
2.540000000000000000e+02,2.428522497807516778e-01,2.517023646805184867e-01,-4.970201602759475957e-06,1.465849240269076204e-01,-1.437572581279285364e-04
2.550000000000000000e+02,2.428521408089475142e-01,2.517023394571424322e-01,-6.053610253019086802e-06,1.465843459941482407e-01,-1.387278622511605016e-04
2.560000000000000000e+02,2.428520639559578753e-01,2.517023161655543295e-01,-5.589981145000606849e-06,1.465837936068049019e-01,-1.325729623991938840e-04
2.570000000000000000e+02,2.428519610495767367e-01,2.517022886571672613e-01,-6.602012894435274176e-06,1.465832584620316570e-01,-1.284347455760229822e-04
2.580000000000000000e+02,2.428518618671099139e-01,2.517022573636201188e-01,-7.510451310796938687e-06,1.465827390764053995e-01,-1.246525503032077319e-04
2.590000000000000000e+02,2.428517945371116427e-01,2.517022286542450193e-01,-6.890250017945440570e-06,1.465822405684156782e-01,-1.196419175307572385e-04
2.600000000000000000e+02,2.428516995934984213e-01,2.517021963201614421e-01,-7.760180061847468566e-06,1.465817610920301106e-01,-1.150743325376578407e-04
2.610000000000000000e+02,2.428516082308166124e-01,2.517021607362630586e-01,-8.540135609273499825e-06,1.465812990444713415e-01,-1.108914141066886838e-04
2.620000000000000000e+02,2.428515488508756204e-01,2.517021282122109405e-01,-7.805772506025465920e-06,1.465808532683812726e-01,-1.069862616132792664e-04
2.630000000000000000e+02,2.428514316285437513e-01,2.517020865147863162e-01,-1.000738190565490640e-05,1.465804219840585176e-01,-1.035082374595327895e-04
2.640000000000000000e+02,2.428513782482958072e-01,2.517020485082878678e-01,-9.121559629913434433e-06,1.465800043718894774e-01,-1.002269205715952840e-04
2.650000000000000000e+02,2.428512950237070034e-01,2.517020078680872186e-01,-9.753648155394954069e-06,1.465795991837462175e-01,-9.724515438285592697e-05
2.660000000000000000e+02,2.428512140995607582e-01,2.517019648652928376e-01,-1.032067065113608228e-05,1.465792053643429349e-01,-9.451665679088013352e-05
2.670000000000000000e+02,2.428511655609711106e-01,2.517019257249291653e-01,-9.393687278415273323e-06,1.465788284215903681e-01,-9.046626061413587372e-05
2.680000000000000000e+02,2.428511164750378482e-01,2.517018900816015425e-01,-8.554398623454242148e-06,1.465784671718209919e-01,-8.669994464809313800e-05
2.690000000000000000e+02,2.428510064931063139e-01,2.517018456500368928e-01,-1.066357551296706002e-05,1.465781137311481797e-01,-8.482576147454834882e-05
2.700000000000000000e+02,2.428509632637662619e-01,2.517018052672492789e-01,-9.691869033009590229e-06,1.465777801406900616e-01,-8.006170994566400218e-05
2.710000000000000000e+02,2.428509183510384473e-01,2.517017685437840102e-01,-8.813631666235981769e-06,1.465774588277415635e-01,-7.711510763981296607e-05
2.720000000000000000e+02,2.428508411882404627e-01,2.517017291484377473e-01,-9.454883109343190141e-06,1.465771424877593543e-01,-7.592159572908320411e-05
2.730000000000000000e+02,2.428507682669429901e-01,2.517016873660726239e-01,-1.002776762401351803e-05,1.465768429717710930e-01,-7.188383718032177348e-05
2.740000000000000000e+02,2.428506964221245346e-01,2.517016434390959012e-01,-1.054247441179702571e-05,1.465765527264646650e-01,-6.965887354572790271e-05
2.750000000000000000e+02,2.428506551116066114e-01,2.517016035522877671e-01,-9.572833949816730631e-06,1.465762651025893648e-01,-6.902973007162047396e-05
2.760000000000000000e+02,2.428505843483883542e-01,2.517015613532675444e-01,-1.012776485671443696e-05,1.465759920514685399e-01,-6.553226900035818438e-05
2.770000000000000000e+02,2.428505446828963243e-01,2.517015230482065880e-01,-9.193214633738279378e-06,1.465757265055908087e-01,-6.373101065569960642e-05
2.780000000000000000e+02,2.428504727988627376e-01,2.517014822867980062e-01,-9.782738063612541257e-06,1.465754677035494002e-01,-6.211248993595689391e-05
2.790000000000000000e+02,2.428504042493566939e-01,2.517014393258625304e-01,-1.031062450891756409e-05,1.465752212019155454e-01,-5.916039212813079765e-05
2.800000000000000000e+02,2.428503666216076107e-01,2.517014003583750714e-01,-9.352196992722230373e-06,1.465749801138011843e-01,-5.786114744922066683e-05
2.810000000000000000e+02,2.428502980677810785e-01,2.517013590307112803e-01,-9.918639308792774630e-06,1.465747500077914656e-01,-5.522544233111776571e-05
2.820000000000000000e+02,2.428502623145500916e-01,2.517013215588905228e-01,-8.993236983313151193e-06,1.465745302580648557e-01,-5.273993438816854123e-05
2.830000000000000000e+02,2.428501940816775173e-01,2.517012815989800312e-01,-9.590378520038202580e-06,1.465743198800468772e-01,-5.049072431728831656e-05
2.840000000000000000e+02,2.428501567945003381e-01,2.517012453697233254e-01,-8.695021613864869895e-06,1.465741122050786271e-01,-4.984199237953205130e-05
2.850000000000000000e+02,2.428501195080287056e-01,2.517012125141300238e-01,-7.885342397726643386e-06,1.465739133119454973e-01,-4.773435194791821100e-05
2.860000000000000000e+02,2.428500496364117134e-01,2.517011767343710349e-01,-8.587142158723241786e-06,1.465737223224088115e-01,-4.583748880458062832e-05
2.870000000000000000e+02,2.428500129962016252e-01,2.517011442992569403e-01,-7.784427383019703125e-06,1.465735388312857657e-01,-4.403786953321410042e-05
2.880000000000000000e+02,2.428499122347004269e-01,2.517011029394367050e-01,-9.926356857347279315e-06,1.465733617511547904e-01,-4.249923143587046212e-05
2.890000000000000000e+02,2.428498815978770153e-01,2.517010654956871041e-01,-8.986499902188082101e-06,1.465731970634622516e-01,-3.952504621117379529e-05
2.900000000000000000e+02,2.428498135777129863e-01,2.517010256031799731e-01,-9.574201711160686937e-06,1.465730312994523721e-01,-3.978336236814393630e-05
2.910000000000000000e+02,2.428497827262597331e-01,2.517009894924319147e-01,-8.666579536650695419e-06,1.465728770964949690e-01,-3.700870977525645429e-05
2.920000000000000000e+02,2.428497119156222406e-01,2.517009508026844533e-01,-9.285539390296159381e-06,1.465727148821597825e-01,-3.893144044180894370e-05
2.930000000000000000e+02,2.428496805545366788e-01,2.517009157793475560e-01,-8.405600861187926211e-06,1.465725639930280655e-01,-3.621339161425571996e-05
2.940000000000000000e+02,2.428496136416659623e-01,2.517008780896451969e-01,-9.045528565444860232e-06,1.465724171988819213e-01,-3.523059507658393583e-05
2.950000000000000000e+02,2.428495800794919501e-01,2.517008439734722547e-01,-8.187881512586803938e-06,1.465722743995942490e-01,-3.427182904089261489e-05
2.960000000000000000e+02,2.428495152743876118e-01,2.517008071173113537e-01,-8.845478614100074383e-06,1.465721412600414775e-01,-3.195349266343700727e-05
2.970000000000000000e+02,2.428494793379760708e-01,2.517007737565979952e-01,-8.006571199425905903e-06,1.465720049168164618e-01,-3.272237400660095403e-05
2.980000000000000000e+02,2.428493823716277866e-01,2.517007316141168793e-01,-1.011419546659967301e-05,1.465718774481777342e-01,-3.059247329345548790e-05
2.990000000000000000e+02,2.428493865804818574e-01,2.517006994836035738e-01,-7.711323187070187387e-06,1.465717587928571097e-01,-2.847727695015436381e-05
3.000000000000000000e+02,2.428493163577338798e-01,2.517006644226199574e-01,-8.414636064643634327e-06,1.465716356572361878e-01,-2.955254901907865422e-05
3.010000000000000000e+02,2.428492847087939388e-01,2.517006327060619109e-01,-7.611973927222327618e-06,1.465715209274185693e-01,-2.753515622987808407e-05
3.020000000000000000e+02,2.428492488599972854e-01,2.517006040034325820e-01,-6.888631041083590129e-06,1.465714078976580736e-01,-2.712714251838679435e-05
3.030000000000000000e+02,2.428491818219865317e-01,2.517005720542920266e-01,-7.667793733943297093e-06,1.465713023926302483e-01,-2.532120667790279598e-05
3.040000000000000000e+02,2.428491464063047278e-01,2.517005431504778512e-01,-6.936915399240474434e-06,1.465711978619388955e-01,-2.508736592680463047e-05
3.050000000000000000e+02,2.428490797154441161e-01,2.517005110277882873e-01,-7.709445499894204446e-06,1.465711001877924025e-01,-2.344179515570851772e-05
3.060000000000000000e+02,2.428490446270842873e-01,2.517004819747227229e-01,-6.972735732250143847e-06,1.465710028727238712e-01,-2.335561644706763611e-05
3.070000000000000000e+02,2.428490077087516741e-01,2.517004556889129718e-01,-6.308594342719197947e-06,1.465709059918598733e-01,-2.325140736262047459e-05
3.080000000000000000e+02,2.428489719238044187e-01,2.517004319062885465e-01,-5.707829867228121893e-06,1.465708157681906987e-01,-2.165368060030278106e-05
3.090000000000000000e+02,2.428489349209567993e-01,2.517004103861157915e-01,-5.164841464015972224e-06,1.465707317676696042e-01,-2.016012506158326823e-05
3.100000000000000000e+02,2.428488292222876765e-01,2.517003789561774174e-01,-7.543185207319773851e-06,1.465706468019158104e-01,-2.039178091015198454e-05
3.110000000000000000e+02,2.428487968455236012e-01,2.517003505476209102e-01,-6.818053557988796592e-06,1.465705673933472286e-01,-1.905805645850355170e-05
3.120000000000000000e+02,2.428487600139992708e-01,2.517003248591916931e-01,-6.165223007823841174e-06,1.465704870470610766e-01,-1.928310867613328635e-05
3.130000000000000000e+02,2.428487243910086302e-01,2.517003016302081231e-01,-5.574956058192091443e-06,1.465704120912336150e-01,-1.798939858853948676e-05
3.140000000000000000e+02,2.428486520670856685e-01,2.517002746414694347e-01,-6.477297288298049845e-06,1.465703357169861332e-01,-1.832981939607347067e-05
3.150000000000000000e+02,2.428486172985028224e-01,2.517002502440445766e-01,-5.855381962239575099e-06,1.465702643804174810e-01,-1.712077647907688302e-05
3.160000000000000000e+02,2.428485811663027572e-01,2.517002281870238667e-01,-5.293684975809279894e-06,1.465701977764770070e-01,-1.598494571214515250e-05
3.170000000000000000e+02,2.428485408270669166e-01,2.517002082355478954e-01,-4.788354232368791970e-06,1.465701294515670272e-01,-1.639797839290903738e-05
3.180000000000000000e+02,2.428484694898850882e-01,2.517001842156147418e-01,-5.764783952754469687e-06,1.465700654661013236e-01,-1.535651176558273121e-05
3.190000000000000000e+02,2.428484333157555630e-01,2.517001625056047298e-01,-5.210402404526151405e-06,1.465700056538415674e-01,-1.435494233948231320e-05
3.200000000000000000e+02,2.428483958978604196e-01,2.517001428815631714e-01,-4.709769977643434214e-06,1.465699497675658214e-01,-1.341270617970105275e-05
3.210000000000000000e+02,2.428483543154355828e-01,2.517001251329807898e-01,-4.259659775114520912e-06,1.465698914079100745e-01,-1.400631737940531341e-05
3.220000000000000000e+02,2.428483145404590204e-01,2.517001090810603858e-01,-3.852460892769961394e-06,1.465698369942007306e-01,-1.305929023947208737e-05
3.230000000000000000e+02,2.428482380483548697e-01,2.517000885804946964e-01,-4.920135762972922838e-06,1.465697798043668620e-01,-1.372556013019022786e-05
3.240000000000000000e+02,2.428482029743464221e-01,2.517000700574512084e-01,-4.445530432194367277e-06,1.465697325409017759e-01,-1.134323162329211808e-05
3.250000000000000000e+02,2.428481608595051133e-01,2.517000533092070835e-01,-4.019578584307439764e-06,1.465696821699541130e-01,-1.208902743695343278e-05
3.260000000000000000e+02,2.428480878352641814e-01,2.517000321931034956e-01,-5.067864863287394385e-06,1.465696348487380007e-01,-1.135709186425435065e-05
3.270000000000000000e+02,2.428480831334710321e-01,2.517000190890679168e-01,-3.144968538423614697e-06,1.465695908094152844e-01,-1.056943745524194564e-05
3.280000000000000000e+02,2.428480080622389681e-01,2.517000012636234629e-01,-4.278106667675177907e-06,1.465695494494210493e-01,-9.926398619146621952e-06
3.290000000000000000e+02,2.428479655657024838e-01,2.516999851496033447e-01,-3.867364822598785482e-06,1.465695045459298740e-01,-1.077683787935697586e-05
3.300000000000000000e+02,2.428479250519578192e-01,2.516999705834043199e-01,-3.495887765200518789e-06,1.465694625960419772e-01,-1.006797309242704967e-05
3.310000000000000000e+02,2.428478836862703327e-01,2.516999574151042585e-01,-3.160392015811877052e-06,1.465694234218613556e-01,-9.401803350979365755e-06
3.320000000000000000e+02,2.428478086297846394e-01,2.516999395361956271e-01,-4.290938068219888371e-06,1.465693865462221190e-01,-8.850153419638875549e-06
3.330000000000000000e+02,2.428478022964538907e-01,2.516999293597155796e-01,-2.442355213224083585e-06,1.465693522482388877e-01,-8.231515975903309728e-06
3.340000000000000000e+02,2.428477223231721993e-01,2.516999141736627754e-01,-3.644652673709695208e-06,1.465693138058959399e-01,-9.226162306631274305e-06
3.350000000000000000e+02,2.428476813434944925e-01,2.516999004498508552e-01,-3.293714861168927091e-06,1.465692778454740774e-01,-8.630501247426710390e-06
3.360000000000000000e+02,2.428476395441112323e-01,2.516998880463641175e-01,-2.976836817741773924e-06,1.465692442229123704e-01,-8.069414810324786655e-06
3.370000000000000000e+02,2.428475970051521549e-01,2.516998768351491056e-01,-2.690691604774990635e-06,1.465692128005964823e-01,-7.541355816243825358e-06
3.380000000000000000e+02,2.428475207866931107e-01,2.516998607274474331e-01,-3.865848403151235868e-06,1.465691831392420263e-01,-7.118725066545479267e-06
3.390000000000000000e+02,2.428474805485541232e-01,2.516998461809265009e-01,-3.491165024691053837e-06,1.465691552454793656e-01,-6.694503037228884320e-06
3.400000000000000000e+02,2.428474361413449634e-01,2.516998330348466650e-01,-3.155059163622521641e-06,1.465691228703011884e-01,-7.770042759924522839e-06
3.410000000000000000e+02,2.428473972683317106e-01,2.516998211638225569e-01,-2.849045780025875377e-06,1.465690987372206822e-01,-5.791939321526675975e-06
3.420000000000000000e+02,2.428473513121023608e-01,2.516998104328569963e-01,-2.575431739425752200e-06,1.465690699198789471e-01,-6.916162016883461525e-06
3.430000000000000000e+02,2.428473077852227602e-01,2.516998007336428977e-01,-2.327811386096348286e-06,1.465690429849718923e-01,-6.464377692199595127e-06
3.440000000000000000e+02,2.428472636758795544e-01,2.516997919661654315e-01,-2.104194586887324356e-06,1.465690178206394967e-01,-6.039439775460858039e-06
3.450000000000000000e+02,2.428471826332060657e-01,2.516997780585515376e-01,-3.337827338249115675e-06,1.465689878484282560e-01,-7.193330697875164698e-06
3.460000000000000000e+02,2.428471773472202222e-01,2.516997714764993010e-01,-1.579692534139173138e-06,1.465689662138149607e-01,-5.192307189702010701e-06
3.470000000000000000e+02,2.428471281457517672e-01,2.516997655152485303e-01,-1.430700181507750130e-06,1.465689398780767871e-01,-6.320577159916062678e-06
3.480000000000000000e+02,2.428470485952139990e-01,2.516997541444749298e-01,-2.728985666863668603e-06,1.465689150837077848e-01,-5.950648563184867819e-06
3.490000000000000000e+02,2.428470054617732354e-01,2.516997438722352598e-01,-2.465337520551809436e-06,1.465688918372026472e-01,-5.579161233825325363e-06
3.500000000000000000e+02,2.428469616943297049e-01,2.516997345916223150e-01,-2.227347102057603130e-06,1.465688700549816481e-01,-5.227733041877447194e-06
3.510000000000000000e+02,2.428469173551739135e-01,2.516997262061944629e-01,-2.012502687290527544e-06,1.465688496563801735e-01,-4.895664356417079305e-06
3.520000000000000000e+02,2.428468393250922674e-01,2.516997126557400377e-01,-3.252109061020760676e-06,1.465688302556937272e-01,-4.656164745299379460e-06
3.530000000000000000e+02,2.428467975952073310e-01,2.516997004237073732e-01,-2.935687840220660181e-06,1.465688119099209652e-01,-4.402985464348905390e-06
3.540000000000000000e+02,2.428467550834155775e-01,2.516996893810537483e-01,-2.650236868623229440e-06,1.465687945812290949e-01,-4.158886049153347487e-06
3.550000000000000000e+02,2.428467118668869440e-01,2.516996794114267355e-01,-2.392710478464099599e-06,1.465687782303969899e-01,-3.924199705040701352e-06
3.560000000000000000e+02,2.428466680152003287e-01,2.516996704099115356e-01,-2.160363643284925826e-06,1.465687628173493184e-01,-3.699131443804831758e-06
3.570000000000000000e+02,2.428466235910816673e-01,2.516996622819023255e-01,-1.950722213968705228e-06,1.465687483016070158e-01,-3.483778153930189403e-06
3.580000000000000000e+02,2.428465786510755342e-01,2.516996549420851825e-01,-1.761556108313403272e-06,1.465687346426648996e-01,-3.278146110568582493e-06
3.590000000000000000e+02,2.428465332461519077e-01,2.516996483135220397e-01,-1.590855157215171092e-06,1.465687218003056402e-01,-3.082166223848123377e-06
3.600000000000000000e+02,2.428464874222533709e-01,2.516996423268247352e-01,-1.436807355812173359e-06,1.465687097348586099e-01,-2.895707285568575662e-06
3.610000000000000000e+02,2.428464412207894663e-01,2.516996369194111627e-01,-1.297779259238134979e-06,1.465686984074108523e-01,-2.718587460170804555e-06
3.620000000000000000e+02,2.428463946790823114e-01,2.516996320348348082e-01,-1.172298331695956326e-06,1.465686877799766141e-01,-2.550584219422820019e-06
3.630000000000000000e+02,2.428463478307690548e-01,2.516996276221804552e-01,-1.059037041636466008e-06,1.465686778156311543e-01,-2.391442911344694556e-06
3.640000000000000000e+02,2.428463007061644752e-01,2.516996236355198979e-01,-9.567985306671185494e-07,1.465686684786139393e-01,-2.240884129418336796e-06
3.650000000000000000e+02,2.428462533325885520e-01,2.516996200334211120e-01,-8.645037094100812074e-07,1.465686597344054987e-01,-2.098610025114880916e-06
3.660000000000000000e+02,2.428462057346614245e-01,2.516996167785059968e-01,-7.811796245754203154e-07,1.465686515497817421e-01,-1.964309702180806193e-06
3.670000000000000000e+02,2.428461579345698451e-01,2.516996138370519165e-01,-7.059489799317450239e-07,1.465686438928492930e-01,-1.837663790558857876e-06
3.680000000000000000e+02,2.428461065368356375e-01,2.516996111702202166e-01,-6.400396066929957766e-07,1.465686305692041891e-01,-3.197674826842626525e-06
3.690000000000000000e+02,2.428460616407635830e-01,2.516996087625559819e-01,-5.778394213249150181e-07,1.465686243568049829e-01,-1.490975811208121315e-06
3.700000000000000000e+02,2.428460099395514660e-01,2.516996065782018954e-01,-5.242449761997416840e-07,1.465686123831931864e-01,-2.873666831890545634e-06
3.710000000000000000e+02,2.428459613565941699e-01,2.516996045982641816e-01,-4.751850489356111978e-07,1.465686012680986194e-01,-2.667622693790051488e-06
3.720000000000000000e+02,2.428459126655399813e-01,2.516996028033727795e-01,-4.307739350910391201e-07,1.465685909515697660e-01,-2.475966925171560460e-06
3.730000000000000000e+02,2.428458305847518706e-01,2.516995952028066030e-01,-1.824135877632057733e-06,1.465685810695915858e-01,-2.371674763827502195e-06
3.740000000000000000e+02,2.428458186130186824e-01,2.516995943158780169e-01,-2.128628544024539850e-07,1.465685720095759870e-01,-2.174403740479130860e-06
3.750000000000000000e+02,2.428457692903973619e-01,2.516995935080986735e-01,-1.938670426445877235e-07,1.465685636248857671e-01,-2.012325651922292428e-06
3.760000000000000000e+02,2.428457199326642946e-01,2.516995927722830984e-01,-1.765957353415600208e-07,1.465685558656205645e-01,-1.862223650245261951e-06
3.770000000000000000e+02,2.428456705432044116e-01,2.516995921019086757e-01,-1.608898635198212472e-07,1.465685486855222985e-01,-1.723223586737757736e-06
3.780000000000000000e+02,2.428456211250530072e-01,2.516995914910534760e-01,-1.466052439637892289e-07,1.465685420417139617e-01,-1.594514003694884036e-06
3.790000000000000000e+02,2.428455716809546638e-01,2.516995909343403004e-01,-1.336111651053205870e-07,1.465685358944566474e-01,-1.475341753061323313e-06
3.800000000000000000e+02,2.428455222133909797e-01,2.516995904268856665e-01,-1.217891164577223409e-07,1.465685302069236751e-01,-1.365007914138606111e-06
3.810000000000000000e+02,2.428454658377689479e-01,2.516995899474296361e-01,-1.150694470600886130e-07,1.465685126172697472e-01,-4.221516940592808908e-06
3.820000000000000000e+02,2.428453826750459899e-01,2.516995835259107084e-01,-1.541164541152427787e-06,1.465684960723706021e-01,-3.970775793045292463e-06
3.830000000000000000e+02,2.428453766851796924e-01,2.516995837124745838e-01,4.477533305065931262e-08,1.465684932352898096e-01,-6.808993888629906436e-07
3.840000000000000000e+02,2.428452865908457547e-01,2.516995778880082857e-01,-1.397871913074468874e-06,1.465684779894720624e-01,-3.658996256127122710e-06
3.850000000000000000e+02,2.428452400297403946e-01,2.516995726239104059e-01,-1.263383485898386825e-06,1.465684637346173491e-01,-3.421165133908741841e-06
3.860000000000000000e+02,2.428452000696790791e-01,2.516995678826560168e-01,-1.137901056399372181e-06,1.465684627401380447e-01,-2.386750311100495825e-07
3.870000000000000000e+02,2.428451796369665849e-01,2.516995695644094755e-01,4.036208282291653955e-07,1.465684496442250240e-01,-3.143019125590652213e-06
3.880000000000000000e+02,2.428450952110570993e-01,2.516995650951041608e-01,-1.072633278837201988e-06,1.465684373159003850e-01,-2.958797914606060757e-06
3.890000000000000000e+02,2.428450478760132702e-01,2.516995610552103524e-01,-9.695745095863570396e-07,1.465684257969820103e-01,-2.764540408624014257e-06
3.900000000000000000e+02,2.428450002928716212e-01,2.516995574031260507e-01,-8.765002275484083813e-07,1.465684150388947005e-01,-2.581940954229366269e-06
3.910000000000000000e+02,2.428449524860550601e-01,2.516995541013070659e-01,-7.924365513737220037e-07,1.465684049954468493e-01,-2.410427487394547637e-06
3.920000000000000000e+02,2.428449044776028465e-01,2.516995511158691134e-01,-7.165051090402554999e-07,1.465683956227811502e-01,-2.249439764551714323e-06
3.930000000000000000e+02,2.428448562873838923e-01,2.516995484162289909e-01,-6.479136322218548456e-07,1.465683868793159206e-01,-2.098431652980713104e-06
3.940000000000000000e+02,2.428448079333097864e-01,2.516995459747811692e-01,-5.859474765667615294e-07,1.465683787256787385e-01,-1.956872920752068990e-06
3.950000000000000000e+02,2.428447594315274183e-01,2.516995437666062485e-01,-5.299619828127404531e-07,1.465683711246345278e-01,-1.824250609926083917e-06
3.960000000000000000e+02,2.428447107965922558e-01,2.516995417692079462e-01,-4.793755924950982681e-07,1.465683640410093691e-01,-1.700070037110297750e-06
3.970000000000000000e+02,2.428446620416251367e-01,2.516995399622761198e-01,-4.336636400670071906e-07,1.465683574416114798e-01,-1.583855491675236241e-06
3.980000000000000000e+02,2.428446131784532669e-01,2.516995383274729381e-01,-3.923527622554879040e-07,1.465683512951503620e-01,-1.475150671207730353e-06
3.990000000000000000e+02,2.428445642177379238e-01,2.516995368482402018e-01,-3.550158547345678901e-07,1.465683455721549788e-01,-1.373518891274321871e-06
4.000000000000000000e+02,2.428445151690890869e-01,2.516995355096254827e-01,-3.212675305626862146e-07,1.465683402448920147e-01,-1.278543112242384644e-06
4.010000000000000000e+02,2.428444660411690770e-01,2.516995342981253603e-01,-2.907600231592258573e-07,1.465683352872844680e-01,-1.189825812043118486e-06
4.020000000000000000e+02,2.428444168417860094e-01,2.516995332015441456e-01,-2.631794943695277275e-07,1.465683306748314374e-01,-1.106988729817211495e-06
4.030000000000000000e+02,2.428443675779778654e-01,2.516995322088662057e-01,-2.382427085428520049e-07,1.465683263845293238e-01,-1.029672505627460371e-06
4.040000000000000000e+02,2.428443182560887093e-01,2.516995313101411114e-01,-2.156940281880759579e-07,1.465683223947950031e-01,-9.575362370292611683e-07
4.050000000000000000e+02,2.428442688818368278e-01,2.516995304963798308e-01,-1.953027128315391524e-07,1.465683186853909692e-01,-8.902569707644501460e-07
4.060000000000000000e+02,2.428441860614422854e-01,2.516995237862550416e-01,-1.610429944670663810e-06,1.465683149292744403e-01,-9.014679639198953640e-07
4.070000000000000000e+02,2.428441736189568545e-01,2.516995237075805303e-01,-1.888187887403450879e-08,1.465683115482671051e-01,-8.114417609727955791e-07
4.080000000000000000e+02,2.428440903457571853e-01,2.516995176603564199e-01,-1.451333784045302632e-06,1.465683081196701154e-01,-8.228632781162177681e-07
4.090000000000000000e+02,2.428440775038940846e-01,2.516995181795139702e-01,1.245978117677697657e-07,1.465683050629497108e-01,-7.336128969670665546e-07
4.100000000000000000e+02,2.428439938631748729e-01,2.516995126714667852e-01,-1.321931324629471176e-06,1.465683019534739784e-01,-7.462741787628156243e-07
4.110000000000000000e+02,2.428439472883422712e-01,2.516995077037192940e-01,-1.192259397963250731e-06,1.465682989010634318e-01,-7.325785321454856722e-07
4.120000000000000000e+02,2.428439003805521468e-01,2.516995032230445184e-01,-1.075361943162567245e-06,1.465682959194175294e-01,-7.155950159709091844e-07
4.130000000000000000e+02,2.428438531729190664e-01,2.516994991814768268e-01,-9.699762445989796015e-07,1.465682930193824562e-01,-6.960084183828806259e-07
4.140000000000000000e+02,2.428438056952526014e-01,2.516994955357904629e-01,-8.749647326205366092e-07,1.465682902093498052e-01,-6.744078347330394580e-07
4.150000000000000000e+02,2.428437579743981389e-01,2.516994922470298102e-01,-7.893025547396437351e-07,1.465682874956067971e-01,-6.512983211442072133e-07
4.160000000000000000e+02,2.428437100345312294e-01,2.516994892800865635e-01,-7.120663811473899242e-07,1.465682848826433959e-01,-6.271112159514821901e-07
4.170000000000000000e+02,2.428436618974229022e-01,2.516994866033185341e-01,-6.424243304304333862e-07,1.465682823734213713e-01,-6.022132882731136571e-07
4.180000000000000000e+02,2.428436135826790021e-01,2.516994841882064793e-01,-5.796268886637260675e-07,1.465682799696095828e-01,-5.769148322130530863e-07
4.190000000000000000e+02,2.428435651079553503e-01,2.516994820090450724e-01,-5.229987360733831018e-07,1.465682776717894820e-01,-5.514768274436562072e-07
4.200000000000000000e+02,2.428435164891517284e-01,2.516994800426642920e-01,-4.719313878954073364e-07,1.465682754796341913e-01,-5.261172689133791237e-07
4.210000000000000000e+02,2.428434677405866826e-01,2.516994782681786225e-01,-4.258765613677378898e-07,1.465682733920643799e-01,-5.010167555798447192e-07
4.220000000000000000e+02,2.428434188751546485e-01,2.516994766667611239e-01,-3.843402058099282074e-07,1.465682714073834603e-01,-4.763234231033066220e-07
4.230000000000000000e+02,2.428433699044676986e-01,2.516994752214397613e-01,-3.468771258003331025e-07,1.465682695233947452e-01,-4.521572904672883405e-07
4.240000000000000000e+02,2.428433208389832176e-01,2.516994739169142181e-01,-3.130861352463017907e-07,1.465682677375027276e-01,-4.286140871556763710e-07
4.250000000000000000e+02,2.428432716881185338e-01,2.516994727393904729e-01,-2.826056998250372779e-07,1.465682660468001219e-01,-4.057686255188238813e-07
4.260000000000000000e+02,2.428432224603545853e-01,2.516994716764321405e-01,-2.551100023885986720e-07,1.465682644481428043e-01,-3.836777532891117277e-07
4.270000000000000000e+02,2.428431731633290402e-01,2.516994707168262457e-01,-2.303054088147442309e-07,1.465682629382138169e-01,-3.623829568209664305e-07
4.280000000000000000e+02,2.428431238039201467e-01,2.516994698504625982e-01,-2.079272768223990867e-07,1.465682615135778244e-01,-3.419126354924125440e-07
4.290000000000000000e+02,2.428430743883223386e-01,2.516994690682247127e-01,-1.877370893831820492e-07,1.465682601707274380e-01,-3.222840924764455694e-07
4.300000000000000000e+02,2.428430249221142090e-01,2.516994683618919426e-01,-1.695198627316484790e-07,1.465682589061221286e-01,-3.035052744839764198e-07
4.310000000000000000e+02,2.428429754103197946e-01,2.516994677240509959e-01,-1.530818220126212244e-07,1.465682577162208955e-01,-2.855762939659126381e-07
4.320000000000000000e+02,2.428429258574637817e-01,2.516994671480163870e-01,-1.382482997101440131e-07,1.465682565975094387e-01,-2.684907474107894866e-07
4.330000000000000000e+02,2.428428762676211328e-01,2.516994666277587167e-01,-1.248618470934709568e-07,1.465682555465225023e-01,-2.522368650879497576e-07
4.340000000000000000e+02,2.428428266444618844e-01,2.516994661578398351e-01,-1.127805320126736831e-07,1.465682545598620545e-01,-2.367985081784397098e-07
4.350000000000000000e+02,2.428427769912913370e-01,2.516994657333548324e-01,-1.018764002453807203e-07,1.465682536342119424e-01,-2.221560271861850279e-07
4.360000000000000000e+02,2.428427273110864149e-01,2.516994653498794143e-01,-9.203409956522745862e-08,1.465682527663494106e-01,-2.082870059814808550e-07
4.370000000000000000e+02,2.428426776065282788e-01,2.516994650034226066e-01,-8.314963165866496769e-08,1.465682519531539829e-01,-1.951668997349591534e-07
4.380000000000000000e+02,2.428426278800317473e-01,2.516994646903841226e-01,-7.512923095914760240e-08,1.465682511916140407e-01,-1.827695831319272187e-07
4.390000000000000000e+02,2.428425781337718026e-01,2.516994644075160048e-01,-6.788835414530607268e-08,1.465682504788314855e-01,-1.710678158952839649e-07
4.400000000000000000e+02,2.428425283697073778e-01,2.516994641518877640e-01,-6.135077126708271758e-08,1.465682498120246535e-01,-1.600336384670479048e-07
4.410000000000000000e+02,2.428424785896029781e-01,2.516994639208555151e-01,-5.544774018774663064e-08,1.465682491885300365e-01,-1.496387079127430138e-07
4.420000000000000000e+02,2.428424287950478044e-01,2.516994637120335554e-01,-5.011727566084109932e-08,1.465682486058026146e-01,-1.398545793352195742e-07
4.430000000000000000e+02,2.428423789874734617e-01,2.516994635232690514e-01,-4.530347660442883267e-08,1.465682480614153571e-01,-1.306529398263789380e-07
4.440000000000000000e+02,2.428423291681693075e-01,2.516994633526193348e-01,-4.095592716415736695e-08,1.465682475530578344e-01,-1.220058038014596241e-07
4.450000000000000000e+02,2.428422793382968570e-01,2.516994631983311415e-01,-3.702915992624601394e-08,1.465682470785341918e-01,-1.138856720342568375e-07
4.460000000000000000e+02,2.428422294989022456e-01,2.516994630588221260e-01,-3.348216444672371490e-08,1.465682466357606240e-01,-1.062656560641934933e-07
4.470000000000000000e+02,2.428421796509279140e-01,2.516994629326639865e-01,-3.027795087859122317e-08,1.465682462227623495e-01,-9.911958535067768212e-08
4.480000000000000000e+02,2.428421297952228775e-01,2.516994628185675320e-01,-2.738315104374616758e-08,1.465682458376703357e-01,-9.242208345783735066e-08
4.490000000000000000e+02,2.428420764006483656e-01,2.516994627069568113e-01,-2.678657356387938506e-08,1.465682393148578233e-01,-1.565475005571050077e-06
4.500000000000000000e+02,2.428420299091459400e-01,2.516994626087803444e-01,-2.356234739960251098e-08,1.465682394598024352e-01,3.478670657435305486e-08
4.510000000000000000e+02,2.428419765133777997e-01,2.516994625120059781e-01,-2.322584344442996714e-08,1.465682334263104236e-01,-1.448038085219051326e-06
4.520000000000000000e+02,2.428419300228389921e-01,2.516994624276517878e-01,-2.024500932179482108e-08,1.465682340229917946e-01,1.432035308062576866e-07
4.530000000000000000e+02,2.428418801596922694e-01,2.516994623521631724e-01,-1.811726471750063644e-08,1.465682345704036327e-01,1.313788436473553732e-07
4.540000000000000000e+02,2.428418302901452219e-01,2.516994622846207563e-01,-1.621018539097202550e-08,1.465682350726780769e-01,1.205458640808971349e-07
4.550000000000000000e+02,2.428417804148466641e-01,2.516994622241994772e-01,-1.450110317680848118e-08,1.465682355335947429e-01,1.106200020522301703e-07
4.560000000000000000e+02,2.428417305343770760e-01,2.516994621701592050e-01,-1.296965948019982101e-08,1.465682359566114756e-01,1.015240132844858858e-07
4.570000000000000000e+02,2.428416806492585400e-01,2.516994621218359707e-01,-1.159757670578032133e-08,1.465682363448920777e-01,9.318734668574323336e-08
4.580000000000000000e+02,2.428416307599604029e-01,2.516994620786341397e-01,-1.036844439667351300e-08,1.465682367013318999e-01,8.554555794298237609e-08
4.590000000000000000e+02,2.428415808669048548e-01,2.516994620400194171e-01,-9.267528491957217940e-09,1.465682370285809333e-01,7.853976669325485555e-08
4.600000000000000000e+02,2.428415309704716474e-01,2.516994620055127418e-01,-8.281600518717745003e-09,1.465682373290649876e-01,7.211617199018153547e-08
4.610000000000000000e+02,2.428414810710020078e-01,2.516994619746844575e-01,-7.398788785610238137e-09,1.465682376050050084e-01,6.622560235761888437e-08
4.620000000000000000e+02,2.428414311688029958e-01,2.516994619471493166e-01,-6.608435767531815431e-09,1.465682378584346468e-01,6.082311213168958615e-08
4.630000000000000000e+02,2.428413812641506409e-01,2.516994619225619290e-01,-5.900976195972054817e-09,1.465682380912163574e-01,5.586761352097655448e-08
4.640000000000000000e+02,2.428413313572930499e-01,2.516994619006126532e-01,-5.267825897796633555e-09,1.465682383050560811e-01,5.132153394299051193e-08
4.650000000000000000e+02,2.428412814484534610e-01,2.516994618810239892e-01,-4.701281042048255331e-09,1.465682385015165679e-01,4.715051597078846182e-08
4.660000000000000000e+02,2.428412315378324082e-01,2.516994618635471914e-01,-4.194430090498473253e-09,1.465682386820296168e-01,4.332313368806295144e-08
4.670000000000000000e+02,2.428411816256103861e-01,2.516994618479593826e-01,-3.741070939185213693e-09,1.465682388479072895e-01,3.981063859201824199e-08
4.680000000000000000e+02,2.428411317119495150e-01,2.516994618340608891e-01,-3.335639895865934354e-09,1.465682390003519853e-01,3.658672832441071503e-08
4.690000000000000000e+02,2.428410817969955671e-01,2.516994618216727986e-01,-2.973146737469447060e-09,1.465682391404658780e-01,3.362733448415241362e-08
4.700000000000000000e+02,2.428410318808796597e-01,2.516994618106347947e-01,-2.649114404096908034e-09,1.465682392692593261e-01,3.091042952891130552e-08
4.710000000000000000e+02,2.428409819637196709e-01,2.516994618008034368e-01,-2.359526435084860417e-09,1.465682393876586997e-01,2.841585011777284367e-08
4.720000000000000000e+02,2.428409320456214326e-01,2.516994617920501609e-01,-2.100784059018075143e-09,1.465682394965134305e-01,2.612513645834919251e-08
4.730000000000000000e+02,2.428408821266802298e-01,2.516994617842599480e-01,-1.869657622002332617e-09,1.465682395966025342e-01,2.402138740685626343e-08
4.740000000000000000e+02,2.428408322069816050e-01,2.516994617773297138e-01,-1.663253558548193550e-09,1.465682396886405503e-01,2.208912445446784164e-08
4.750000000000000000e+02,2.428407822866025523e-01,2.516994617711673099e-01,-1.478974778999253843e-09,1.465682397732829267e-01,2.031417209202403938e-08
4.760000000000000000e+02,2.428407323656121830e-01,2.516994617656902467e-01,-1.314496182177756968e-09,1.465682398511310436e-01,1.868354486479054364e-08
4.770000000000000000e+02,2.428406824440726419e-01,2.516994617608246942e-01,-1.167733178905869964e-09,1.465682399227366539e-01,1.718534410572608189e-08
4.780000000000000000e+02,2.428406325220398010e-01,2.516994617565046499e-01,-1.036816905039012639e-09,1.465682399886061027e-01,1.580867040768301264e-08
4.790000000000000000e+02,2.428405825995638423e-01,2.516994617526709943e-01,-9.200738886482771406e-10,1.465682400492041570e-01,1.454353346118405966e-08
4.800000000000000000e+02,2.428405326766899242e-01,2.516994617492709918e-01,-8.160025915749807686e-10,1.465682401049573924e-01,1.338077681190168393e-08
