# Time, SliderHeight, Motor1Pos, Motor1Vel, Motor2Pos, Motor2Vel
0.000000000000000000e+00,2.600000000000000089e-01,0.000000000000000000e+00,0.000000000000000000e+00,0.000000000000000000e+00,0.000000000000000000e+00
1.000000000000000000e+00,4.674091282483475163e-02,6.042635440826417230e-03,1.450232505798340066e+00,-4.385713601927527204e-03,-1.052571264462606626e+00
2.000000000000000000e+00,1.553398043505795356e-01,1.412277460098266754e-02,1.939233398437500089e+00,-9.741773391655324937e-03,-1.285454349534671525e+00
3.000000000000000000e+00,2.089486878082337240e-01,2.315602636337280723e-02,2.167980422973633026e+00,-1.570684806828877983e-02,-1.431617922392029563e+00
4.000000000000000000e+00,2.756364557581668095e-01,3.191886487007142281e-02,2.103081241607666740e+00,-2.160295693754696322e-02,-1.415066128621963681e+00
5.000000000000000000e+00,3.037039209324097766e-01,3.969803579807282268e-02,1.867001022720336856e+00,-2.695686405665081997e-02,-1.284937708584925176e+00
6.000000000000000000e+00,3.001083620928701734e-01,4.631027395868302088e-02,1.586937158546447568e+00,-3.158961950856996326e-02,-1.111861308460594611e+00
7.000000000000000000e+00,2.939852599317379078e-01,5.159093870530129244e-02,1.267359539188384954e+00,-3.552167638244859565e-02,-9.436936497308719973e-01
8.000000000000000000e+00,2.802487976223586585e-01,5.555113494822026127e-02,9.504470983005521845e-01,-3.871636126030214564e-02,-7.667243706848525520e-01
9.000000000000000000e+00,2.677233856653732369e-01,5.816552943374491552e-02,6.274546765259170211e-01,-4.114900303741961252e-02,-5.838340265081918279e-01
1.000000000000000000e+01,2.552539904224017664e-01,5.958775198208490081e-02,3.413334116015966924e-01,-4.284808863849722677e-02,-4.077805442586281970e-01
1.100000000000000000e+01,2.470020960650310127e-01,6.005420847905158094e-02,1.119495592720033961e-01,-4.374522635379768376e-02,-2.153130516721105114e-01
1.200000000000000000e+01,2.393000912917610523e-01,5.953280834113787445e-02,-1.251360330992887515e-01,-4.407149734872545244e-02,-7.830503878266370510e-02
1.300000000000000000e+01,2.375063081762947281e-01,5.854126251717118451e-02,-2.379709977520063080e-01,-4.428796257493389926e-02,-5.195165429002695373e-02
1.400000000000000000e+01,2.404551116323350723e-01,5.772779974621273374e-02,-1.952310650300283779e-01,-4.464227840837626388e-02,-8.503580002616686895e-02
1.500000000000000000e+01,1.860453114173548084e-01,5.681159430696105378e-02,-2.198893054204039965e-01,-4.491924839202002945e-02,-6.647279607450445882e-02
1.600000000000000000e+01,2.220115544517487771e-01,5.596243441659392442e-02,-2.037983736881111008e-01,-4.525909957572916281e-02,-8.156428409019182701e-02
1.700000000000000000e+01,2.328108089933255409e-01,5.512190849087996586e-02,-2.017262221713501391e-01,-4.555959526257307574e-02,-7.211896484253860207e-02
1.800000000000000000e+01,2.334273442929678255e-01,5.434205225559201463e-02,-1.871654964691077394e-01,-4.587740919193560030e-02,-7.627534304700546441e-02
1.900000000000000000e+01,2.333195727147700516e-01,5.358808122383468958e-02,-1.809530476217574568e-01,-4.617718655944707401e-02,-7.194656820275451004e-02
2.000000000000000000e+01,2.336301113871830371e-01,5.287885262644511503e-02,-1.702148633734976713e-01,-4.648108600748340757e-02,-7.293586752871943080e-02
2.100000000000000000e+01,2.336520957226373429e-01,5.219794148870905010e-02,-1.634186730566556667e-01,-4.677412199234452783e-02,-7.032863636666802920e-02
2.200000000000000000e+01,2.338335534181742725e-01,5.155176670553028584e-02,-1.550819479629041986e-01,-4.706529635717412313e-02,-6.988184755910287205e-02
2.300000000000000000e+01,2.339076069079238651e-01,5.093329624415999374e-02,-1.484329107288697436e-01,-4.734890334483930069e-02,-6.806567703964304383e-02
2.400000000000000000e+01,2.340447394361518108e-01,5.034511812998264391e-02,-1.411627474025647921e-01,-4.762904947409288270e-02,-6.723507102085958531e-02
2.500000000000000000e+01,2.341313398182821026e-01,4.978348191207715434e-02,-1.347926922973180786e-01,-4.790312444039517004e-02,-6.577799191254823929e-02
2.600000000000000000e+01,2.342546340545655081e-01,4.925032295846404340e-02,-1.279581488671469036e-01,-4.817269499482217110e-02,-6.469693306248006093e-02
2.700000000000000000e+01,2.344369955046320952e-01,4.875225279983992632e-02,-1.195368380697877098e-01,-4.844353427333986106e-02,-6.500142684424489725e-02
2.800000000000000000e+01,2.346800898745987629e-01,4.829826165071531008e-02,-1.089578757899085093e-01,-4.872224178770206970e-02,-6.688980344692978253e-02
2.900000000000000000e+01,2.348528801585271220e-01,4.788485952166977866e-02,-9.921651097092748506e-02,-4.900641840868317362e-02,-6.820238903546435583e-02
3.000000000000000000e+01,2.350125909406684532e-01,4.750935841752525896e-02,-9.012026499468436813e-02,-4.929536523377710255e-02,-6.934723802254302849e-02
3.100000000000000000e+01,2.351713789899213536e-01,4.717075177270266262e-02,-8.126559475742291261e-02,-4.958813138564661244e-02,-7.026387644868263560e-02
3.200000000000000000e+01,2.353059399104439620e-01,4.686599983189784768e-02,-7.314046579315522378e-02,-4.988391173863623851e-02,-7.098728471751078462e-02
3.300000000000000000e+01,2.354225991033047916e-01,4.659187209678545410e-02,-6.579065642697444483e-02,-5.018179988548950032e-02,-7.149315524478334904e-02
3.400000000000000000e+01,2.355240417701522926e-01,4.634538959329892460e-02,-5.915580083676722639e-02,-5.048101582246242863e-02,-7.181182487350341870e-02
3.500000000000000000e+01,2.356116954010805675e-01,4.612384144245596646e-02,-5.317155620230926832e-02,-5.078084264502426282e-02,-7.195843741483970435e-02
3.600000000000000000e+01,2.356868601643688776e-01,4.592477593224357502e-02,-4.777572245097476411e-02,-5.108065898095521390e-02,-7.195592062342906492e-02
3.700000000000000000e+01,2.357507304698107375e-01,4.574598056138554775e-02,-4.291088900592619076e-02,-5.137990261502525108e-02,-7.181847217680886741e-02
3.800000000000000000e+01,2.357835210575185136e-01,4.558546714568979807e-02,-3.852321976697965084e-02,-5.167817853227976710e-02,-7.158622014108373399e-02
3.900000000000000000e+01,2.358104850113601769e-01,4.544141331826178493e-02,-3.457291858272375229e-02,-5.197501919606827697e-02,-7.124175930924282751e-02
4.000000000000000000e+01,2.358494733766144935e-01,4.531267678340357430e-02,-3.089676836597054707e-02,-5.226999587478394632e-02,-7.079440289176132384e-02
4.100000000000000000e+01,2.358917190661637686e-01,4.519859608054140054e-02,-2.737936868692093101e-02,-5.256332218641623921e-02,-7.039831479175077955e-02
4.200000000000000000e+01,2.359212433448648893e-01,4.509777715241871515e-02,-2.419654274944419564e-02,-5.285457009072454249e-02,-6.989949703399324366e-02
4.300000000000000000e+01,2.359442090931454517e-01,4.500888190063200706e-02,-2.133486042881062306e-02,-5.314344674940785218e-02,-6.933039808399488191e-02
4.400000000000000000e+01,2.359607634502890738e-01,4.493065239243829861e-02,-1.877508196648960265e-02,-5.342967072662031108e-02,-6.869375453099089979e-02
4.500000000000000000e+01,2.359716842813280868e-01,4.486197436976245567e-02,-1.648272544220219515e-02,-5.371299767079646542e-02,-6.799846660227717998e-02
4.600000000000000000e+01,2.359774573646577778e-01,4.480183307940791004e-02,-1.443390968509076708e-02,-5.399322256668838416e-02,-6.725397501406041312e-02
4.700000000000000000e+01,2.359787014852919584e-01,4.474932120396223068e-02,-1.260285010696231278e-02,-5.427016686103735416e-02,-6.646663064375359087e-02
4.800000000000000000e+01,2.359775562934801896e-01,4.470385461586886405e-02,-1.091198114240848373e-02,-5.454383376868365829e-02,-6.568005783511360329e-02
4.900000000000000000e+01,2.359783327305138012e-01,4.466551556770360920e-02,-9.201371559661790725e-03,-5.481461659340682024e-02,-6.498787793355954856e-02
5.000000000000000000e+01,2.359748594750655237e-01,4.463361514733156510e-02,-7.656100889291369595e-03,-5.508227624239289688e-02,-6.423831575665868432e-02
5.100000000000000000e+01,2.359678412889237575e-01,4.460746180825758689e-02,-6.276801377754908338e-03,-5.534669289954097932e-02,-6.345999771553917368e-02
5.200000000000000000e+01,2.359575767639666977e-01,4.458639739584918660e-02,-5.055458978016558885e-03,-5.560773786873456775e-02,-6.265079260646116976e-02
5.300000000000000000e+01,2.359444000571224997e-01,4.456981765000816303e-02,-3.979139001845865067e-03,-5.586530426416554118e-02,-6.181593490343321312e-02
5.400000000000000000e+01,2.359287574094842965e-01,4.455719065757509506e-02,-3.030478183936744820e-03,-5.611931078976777759e-02,-6.096156614453609318e-02
5.500000000000000000e+01,2.359110072066797348e-01,4.454804961763545595e-02,-2.193849585513879454e-03,-5.636968427908176787e-02,-6.008963743535713359e-02
5.600000000000000000e+01,2.358913801477172945e-01,4.454196844890169482e-02,-1.459480496103262399e-03,-5.661637974391962175e-02,-5.920691156108572051e-02
5.700000000000000000e+01,2.358701979166002716e-01,4.453857559914396747e-02,-8.142839418544043197e-04,-5.685935669491225253e-02,-5.831446823823079745e-02
5.800000000000000000e+01,2.358476614437648444e-01,4.453753667135541827e-02,-2.493426692510964347e-04,-5.709859061255641993e-02,-5.741614023460019783e-02
5.900000000000000000e+01,2.358239987793480652e-01,4.453855666869435681e-02,2.447993613458358743e-04,-5.733406538976369704e-02,-5.651394652974615906e-02
6.000000000000000000e+01,2.357993739632761876e-01,4.454137009400326030e-02,6.752220741369451256e-04,-5.756577547085121177e-02,-5.561041946100275801e-02
6.100000000000000000e+01,2.357739762690964913e-01,4.454574396030483441e-02,1.049727912377399191e-03,-5.779372479640108862e-02,-5.470783813197088036e-02
6.200000000000000000e+01,2.357480008283504846e-01,4.455148050024846512e-02,1.376769586471459847e-03,-5.801792287340173243e-02,-5.380753848015415453e-02
6.300000000000000000e+01,2.357214817752306679e-01,4.455838980228964824e-02,1.658232489884653178e-03,-5.823838719883941278e-02,-5.291143810504307654e-02
6.400000000000000000e+01,2.356946003678361268e-01,4.456631286696729338e-02,1.901535522634305829e-03,-5.845513650023401175e-02,-5.201983233470415524e-02
6.500000000000000000e+01,2.356674436911134485e-01,4.457510659476640602e-02,2.110494671786570901e-03,-5.866820253351462400e-02,-5.113584798734706338e-02
6.600000000000000000e+01,2.356400478176683133e-01,4.458463623565901701e-02,2.287113814226689884e-03,-5.887761089878518900e-02,-5.025800766493634941e-02
6.700000000000000000e+01,2.356125608013941441e-01,4.459479243554891059e-02,2.437487973575157025e-03,-5.908339655706821431e-02,-4.938855798792660123e-02
6.800000000000000000e+01,2.355850347733375039e-01,4.460547677574949743e-02,2.564241648141116388e-03,-5.928559693374843564e-02,-4.852809040325248291e-02
6.900000000000000000e+01,2.355575628934663268e-01,4.461660663990731773e-02,2.671167397877361599e-03,-5.948425763260106053e-02,-4.767856772462947257e-02
7.000000000000000000e+01,2.355300639894834236e-01,4.462808979191083131e-02,2.755956480843056288e-03,-5.967941075632706566e-02,-4.683674969424091866e-02
7.100000000000000000e+01,2.355027503985004378e-01,4.463986706111755520e-02,2.826544609613603366e-03,-5.987110903921524091e-02,-4.600758789316203995e-02
7.200000000000000000e+01,2.354755550213918081e-01,4.465187327302030246e-02,2.881490856659362811e-03,-6.005939100142878434e-02,-4.518767093124977097e-02
7.300000000000000000e+01,2.354485903633216359e-01,4.466406169149156336e-02,2.925220433102024807e-03,-6.024430621227576388e-02,-4.437965060327443700e-02
7.400000000000000000e+01,2.354218040646563759e-01,4.467637833308761575e-02,2.955993983052597300e-03,-6.042590226436567874e-02,-4.358305250157969157e-02
7.500000000000000000e+01,2.353952941125148912e-01,4.468878653363807241e-02,2.977968132109591604e-03,-6.060422795151156061e-02,-4.279816491501244741e-02
7.600000000000000000e+01,2.353690272472803990e-01,4.470124733492510799e-02,2.990592308887717304e-03,-6.077932718814514634e-02,-4.202381679206004805e-02
7.700000000000000000e+01,2.353432309056772975e-01,4.471375547687505420e-02,3.001954067987739824e-03,-6.095127526004184837e-02,-4.126753725520922178e-02
7.800000000000000000e+01,2.353185718090511913e-01,4.472640755331774853e-02,3.036498346246003545e-03,-6.112022635113448232e-02,-4.054826186223253054e-02
7.900000000000000000e+01,2.352941157756354706e-01,4.473917128941047594e-02,3.063296662254225058e-03,-6.128620597813750487e-02,-3.983511048072519573e-02
8.000000000000000000e+01,2.352698851517948664e-01,4.475201167733031810e-02,3.081693100762904897e-03,-6.144926094795183369e-02,-3.913319275543872960e-02
8.100000000000000000e+01,2.352458954002043523e-01,4.476489721003665961e-02,3.092527849522055429e-03,-6.160943040655605940e-02,-3.844067006501393491e-02
8.200000000000000000e+01,2.352224574233360288e-01,4.477785913583771232e-02,3.110862192252324566e-03,-6.176673766440196611e-02,-3.775374188301810346e-02
8.300000000000000000e+01,2.351999405728062431e-01,4.479100306424907418e-02,3.154542818726264498e-03,-6.192120966136065857e-02,-3.707327927008610691e-02
8.400000000000000000e+01,2.351778022898730891e-01,4.480433463686761542e-02,3.199577428450341935e-03,-6.207290044563850556e-02,-3.640578822668373571e-02
8.500000000000000000e+01,2.351558137655643255e-01,4.481781124741471278e-02,3.234386531302771862e-03,-6.222184971992452546e-02,-3.574782582864539232e-02
8.600000000000000000e+01,2.351339685904137722e-01,4.483138858977511049e-02,3.258562166495786346e-03,-6.236809023640659672e-02,-3.509772395569667192e-02
8.700000000000000000e+01,2.351123363512123421e-01,4.484503274890956626e-02,3.274598192269921430e-03,-6.251166637321499409e-02,-3.445827283401568797e-02
8.800000000000000000e+01,2.350908558692850481e-01,4.485870128035380350e-02,3.280447546617702628e-03,-6.265261509043472399e-02,-3.382769213273653652e-02
8.900000000000000000e+01,2.350696475652985784e-01,4.487237386548340728e-02,3.281420431105236749e-03,-6.279097561260676974e-02,-3.320652532129162587e-02
9.000000000000000000e+01,2.350486079762070246e-01,4.488601433614296948e-02,3.273712958294513857e-03,-6.292678324181799621e-02,-3.259383101069508043e-02
9.100000000000000000e+01,2.350278725489486076e-01,4.489960802238604498e-02,3.262484698338883205e-03,-6.306008465110775341e-02,-3.199233822954273415e-02
9.200000000000000000e+01,2.350072909993614900e-01,4.491311787940294176e-02,3.242365684054570023e-03,-6.319091290551469287e-02,-3.139878105766660127e-02
9.300000000000000000e+01,2.349870571940400610e-01,4.492654036918729971e-02,3.221397548246600004e-03,-6.331930968450252828e-02,-3.081522695707925030e-02
9.400000000000000000e+01,2.349670664048887914e-01,4.493985442613998571e-02,3.195373668643991787e-03,-6.344531846005295461e-02,-3.024210613210317686e-02
9.500000000000000000e+01,2.349473530303843316e-01,4.495304705168623460e-02,3.166230131100344902e-03,-6.356897537671717113e-02,-2.967765999941137864e-02
9.600000000000000000e+01,2.349279186247661966e-01,4.496610654710878063e-02,3.134278901410263597e-03,-6.369031892505552794e-02,-2.912245160120447915e-02
9.700000000000000000e+01,2.349087742594920536e-01,4.497902238356206450e-02,3.099800748788705731e-03,-6.380939268726878999e-02,-2.857770293118356425e-02
9.800000000000000000e+01,2.348899469533039519e-01,4.499179104554958120e-02,3.064478877004585093e-03,-6.392623588733725715e-02,-2.804236801643361643e-02
9.900000000000000000e+01,2.348713561791438698e-01,4.500439744819552390e-02,3.025536635027001146e-03,-6.404088084661042901e-02,-2.751479022556155632e-02
1.000000000000000000e+02,2.348530907133655754e-01,4.501683993604063683e-02,2.986197082827689916e-03,-6.415337155546323167e-02,-2.699777012467253004e-02
1.010000000000000000e+02,2.348351339021396700e-01,4.502911701917160919e-02,2.946499951434030512e-03,-6.426374462499966078e-02,-2.648953668874225870e-02
1.020000000000000000e+02,2.348174477529769433e-01,4.504122139620202192e-02,2.905050487298943118e-03,-6.437203598544398442e-02,-2.598992650663669787e-02
1.030000000000000000e+02,2.348000380731833092e-01,4.505314649588414849e-02,2.862023923710807060e-03,-6.447828393446008999e-02,-2.549950776386661691e-02
1.040000000000000000e+02,2.347829397598545087e-01,4.506489236455960001e-02,2.819008482107949933e-03,-6.458252890040679095e-02,-2.501879182720706876e-02
1.050000000000000000e+02,2.347660939687438442e-01,4.507645308347146829e-02,2.774572538848760640e-03,-6.468479832810515584e-02,-2.454466264760642516e-02
1.060000000000000000e+02,2.347496232479512335e-01,4.508784120713217602e-02,2.733149678569624357e-03,-6.478513777951251662e-02,-2.408146833776575457e-02
1.070000000000000000e+02,2.347333630549298111e-01,4.509904419274527593e-02,2.688716547144733449e-03,-6.488357633945179836e-02,-2.362525438542876707e-02
1.080000000000000000e+02,2.347173922437996996e-01,4.511006267272334169e-02,2.644435194735739354e-03,-6.498014912494638751e-02,-2.317746851870302119e-02
1.090000000000000000e+02,2.347017399408930227e-01,4.512090317670285067e-02,2.601720955081366499e-03,-6.507489370175922883e-02,-2.273869843508162167e-02
1.100000000000000000e+02,2.346863188356734520e-01,4.513155966042860928e-02,2.557556094181776853e-03,-6.516783791858363206e-02,-2.230661203785783489e-02
1.110000000000000000e+02,2.346712078198593121e-01,4.514203860500144716e-02,2.514946697481001015e-03,-6.525901876012522862e-02,-2.188340196998419043e-02
1.120000000000000000e+02,2.346563662514946635e-01,4.515233988294974077e-02,2.472306707591203582e-03,-6.534847249278977199e-02,-2.146889583948915700e-02
1.130000000000000000e+02,2.346417701068267692e-01,4.516246337955251433e-02,2.429639184665508510e-03,-6.543622281554499487e-02,-2.106007746125394126e-02
1.140000000000000000e+02,2.346274406249995448e-01,4.517240899156536871e-02,2.386946883085640670e-03,-6.552230893873164930e-02,-2.066066956479659100e-02
1.150000000000000000e+02,2.346133808260228437e-01,4.518218258654106007e-02,2.345662794165583216e-03,-6.560675423049752708e-02,-2.026687002380990477e-02
1.160000000000000000e+02,2.345995451004867227e-01,4.519177752435751122e-02,2.302785075948761504e-03,-6.568959760332707121e-02,-1.988240947909174910e-02
1.170000000000000000e+02,2.345860043805348960e-01,4.520120571031821521e-02,2.262764630568585636e-03,-6.577086215699179395e-02,-1.950349287953452235e-02
1.180000000000000000e+02,2.345726661204357300e-01,4.521045997782462134e-02,2.221024201538187009e-03,-6.585058060167668648e-02,-1.913242672437419356e-02
1.190000000000000000e+02,2.345596133528388694e-01,4.521955175837742702e-02,2.182027332674187255e-03,-6.592877641490653418e-02,-1.876699517516482521e-02
1.200000000000000000e+02,2.345468277726725226e-01,4.522848537991894929e-02,2.144069169965668892e-03,-6.600548860648809690e-02,-1.841092597957648749e-02
1.210000000000000000e+02,2.345342184678255726e-01,4.523725281675212290e-02,2.104184839962304401e-03,-6.608074036232150505e-02,-1.806042140001837271e-02
1.220000000000000000e+02,2.345218182848913258e-01,4.524585280635064211e-02,2.063997503644657370e-03,-6.615455552673248085e-02,-1.771563945863319223e-02
1.230000000000000000e+02,2.345097275921470825e-01,4.525430209408911469e-02,2.027829057233288945e-03,-6.622696449435748478e-02,-1.737815223000196974e-02
1.240000000000000000e+02,2.344986037746087104e-01,4.526275284277365973e-02,2.028179684290232730e-03,-6.629797968868803015e-02,-1.704364663933112187e-02
1.250000000000000000e+02,2.344884341540529327e-01,4.527135392258585522e-02,2.064259154926844936e-03,-6.636763607150486521e-02,-1.671753187604092111e-02
1.260000000000000000e+02,2.344784995859407750e-01,4.528011415103078141e-02,2.102454826782861920e-03,-6.643596800358431143e-02,-1.639966369906545665e-02
1.270000000000000000e+02,2.344686233599786451e-01,4.528901167011373935e-02,2.135404579909073054e-03,-6.650298537554762135e-02,-1.608416927119367748e-02
1.280000000000000000e+02,2.344588114672304935e-01,4.529802086345814660e-02,2.162206402657071598e-03,-6.656871167905649422e-02,-1.577431284212827203e-02
1.290000000000000000e+02,2.344489963785773290e-01,4.530710678570351591e-02,2.180621338888609657e-03,-6.663315857208933213e-02,-1.546725432788024698e-02
1.300000000000000000e+02,2.344392329363775285e-01,4.531624400296926231e-02,2.192932143779675533e-03,-6.669634156212224385e-02,-1.516391760789768429e-02
1.310000000000000000e+02,2.344295279112008357e-01,4.532540972419701886e-02,2.199773094662063264e-03,-6.675827309550241839e-02,-1.486356801124245550e-02
1.320000000000000000e+02,2.344199341214627252e-01,4.533458955931574802e-02,2.203160428494252247e-03,-6.681897120959007230e-02,-1.456754738103553486e-02
1.330000000000000000e+02,2.344104422108273245e-01,4.534377077510713672e-02,2.203491789933813370e-03,-6.687844404398050890e-02,-1.427348025370474630e-02
1.340000000000000000e+02,2.344010368832489810e-01,4.535293606385190635e-02,2.199669298744126675e-03,-6.693670552245582772e-02,-1.398275483407486128e-02
1.350000000000000000e+02,2.343918018610183507e-01,4.536208166999251834e-02,2.194945473746094666e-03,-6.699377809347267787e-02,-1.369741704404246925e-02
1.360000000000000000e+02,2.343826287387411056e-01,4.537118579578407890e-02,2.184990189974166542e-03,-6.704968056951696176e-02,-1.341659425062943084e-02
1.370000000000000000e+02,2.343735852074872172e-01,4.538023463833857490e-02,2.171722213079102601e-03,-6.710444015511880800e-02,-1.314230054444275216e-02
1.380000000000000000e+02,2.343646506141631725e-01,4.538921583788339126e-02,2.155487890755936227e-03,-6.715807154540655299e-02,-1.287153366905950842e-02
1.390000000000000000e+02,2.343558391769607896e-01,4.539811795857200127e-02,2.136508965266506119e-03,-6.721060426198001425e-02,-1.260785197763132116e-02
1.400000000000000000e+02,2.343472030867723432e-01,4.540693724518457541e-02,2.116628787017101401e-03,-6.726206210421017961e-02,-1.234988213524063419e-02
1.410000000000000000e+02,2.343386045079340618e-01,4.541565715380405099e-02,2.092778068673819668e-03,-6.731246293815289217e-02,-1.209620014624943583e-02
1.420000000000000000e+02,2.343302670412749367e-01,4.542427752084692016e-02,2.068888090289133872e-03,-6.736183275463925035e-02,-1.184875595672507491e-02
1.430000000000000000e+02,2.343217921687504590e-01,4.543278542498353084e-02,2.041896992787187604e-03,-6.741018302162193887e-02,-1.160406407584392389e-02
1.440000000000000000e+02,2.343143102804985667e-01,4.544119392326030626e-02,2.018039586426586662e-03,-6.745761917983120193e-02,-1.138467797022436716e-02
1.450000000000000000e+02,2.343047438961112228e-01,4.544943293672688844e-02,1.977363231979148341e-03,-6.750402745524354542e-02,-1.113798609896357247e-02
1.460000000000000000e+02,2.343070540737082208e-01,4.545747976749228703e-02,1.931239383694969419e-03,-6.755227778232010538e-02,-1.158007849837421749e-02
1.470000000000000000e+02,2.342805597455678013e-01,4.546463854814393468e-02,1.718107356396256875e-03,-6.759602054859148446e-02,-1.049826390512986762e-02
1.480000000000000000e+02,2.342866790693194368e-01,4.547264059039476253e-02,1.920490140199414535e-03,-6.764024364634191322e-02,-1.061354346010303339e-02
1.490000000000000000e+02,2.342721443606533283e-01,4.548030034382421344e-02,1.838340823067695969e-03,-6.768283036412307829e-02,-1.022081226747944931e-02
1.500000000000000000e+02,2.342793033312516038e-01,4.548794211088628969e-02,1.834024094897901240e-03,-6.772719323716325235e-02,-1.064708952964054517e-02
1.510000000000000000e+02,2.342519651033837247e-01,4.549477266251648888e-02,1.639332391248391179e-03,-6.776740308063715357e-02,-9.650362433734764253e-03
1.520000000000000000e+02,2.342643463134065351e-01,4.550225253538048298e-02,1.795169487358590655e-03,-6.781022515684380358e-02,-1.027729828959728781e-02
1.530000000000000000e+02,2.342377719342224884e-01,4.550885605538290690e-02,1.584844800582218757e-03,-6.784867050521437015e-02,-9.226883608937046580e-03
1.540000000000000000e+02,2.342511468413057407e-01,4.551616322052206426e-02,1.753719633397716592e-03,-6.788976346680555829e-02,-9.862310781883501520e-03
1.550000000000000000e+02,2.342245992739759863e-01,4.552260357188422923e-02,1.545684326919338249e-03,-6.792658998271128290e-02,-8.838363817372801509e-03
1.560000000000000000e+02,2.342385625069954846e-01,4.552972483461597414e-02,1.709103055619058415e-03,-6.796596028143865598e-02,-9.448871694571106539e-03
1.570000000000000000e+02,2.342119404578445196e-01,4.553600126276249188e-02,1.506342755163643131e-03,-6.800124377151797739e-02,-8.468037619036385827e-03
1.580000000000000000e+02,2.342263121360958211e-01,4.554292398461795566e-02,1.661453245311705646e-03,-6.803895015499973609e-02,-9.049532035622932444e-03
1.590000000000000000e+02,2.341997108672647931e-01,4.554903131614646689e-02,1.465759566843239953e-03,-6.807274049838966945e-02,-8.109682413584074975e-03
1.600000000000000000e+02,2.342143533033600733e-01,4.555575036374880094e-02,1.612571424560685796e-03,-6.810884930613367305e-02,-8.666113858561228650e-03
1.610000000000000000e+02,2.341878791638543067e-01,4.556167905665674256e-02,1.422886297905232977e-03,-6.814119431111954894e-02,-7.762801196610214817e-03
1.620000000000000000e+02,2.342026114644005508e-01,4.556818456630132297e-02,1.561322314699001203e-03,-6.817578492367996901e-02,-8.301747014501082572e-03
1.630000000000000000e+02,2.341763996700585437e-01,4.557392219492847896e-02,1.377030870517974336e-03,-6.820671395002017579e-02,-7.422966321650808011e-03
1.640000000000000000e+02,2.341910952495328269e-01,4.558022405399635157e-02,1.512446176290169501e-03,-6.823988423640806045e-02,-7.960868733092808097e-03
1.650000000000000000e+02,2.341653240572008632e-01,4.558577110714834985e-02,1.331292756479838819e-03,-6.826941731494833021e-02,-7.087938849664803150e-03
1.660000000000000000e+02,2.341796337505985537e-01,4.559186570670944322e-02,1.462703894662215499e-03,-6.830128394608986353e-02,-7.647991473969108570e-03
1.670000000000000000e+02,2.341544991646906659e-01,4.559718916510120679e-02,1.277630014023860717e-03,-6.832948251656706384e-02,-6.767656914528652826e-03
1.680000000000000000e+02,2.341685797107380396e-01,4.560307766014286973e-02,1.413238809999881225e-03,-6.836010007350472317e-02,-7.348213665037361259e-03
1.690000000000000000e+02,2.341441058056264735e-01,4.560817892693525694e-02,1.224304030172677785e-03,-6.838703031615284145e-02,-6.463258235547220988e-03
1.700000000000000000e+02,2.341578703553041096e-01,4.561386205519173814e-02,1.363950781556088569e-03,-6.841646568630002645e-02,-7.064488835324480437e-03
1.710000000000000000e+02,2.341341607480167675e-01,4.561875271043268343e-02,1.173757257826989892e-03,-6.844219237506357634e-02,-6.174405303251358917e-03
1.720000000000000000e+02,2.341476203742984818e-01,4.562423059773050571e-02,1.314692951477928681e-03,-6.847047135810535590e-02,-6.786955930027803799e-03
1.730000000000000000e+02,2.341246815353146271e-01,4.562891834506601491e-02,1.125059360521876543e-03,-6.849506341361605299e-02,-5.902093322567085638e-03
1.740000000000000000e+02,2.341375126829595421e-01,4.563418907354047788e-02,1.264974833871476516e-03,-6.852227096245756821e-02,-6.529811721963332816e-03
1.750000000000000000e+02,2.341153223686482376e-01,4.563865963584241847e-02,1.072934952466335617e-03,-6.854574534907814654e-02,-5.633852788937747554e-03
1.760000000000000000e+02,2.341286042268469758e-01,4.564373898415013953e-02,1.219043593853196168e-03,-6.857181277073570724e-02,-6.256181197813478687e-03
1.770000000000000000e+02,2.341080464476306688e-01,4.564805930240567466e-02,1.036876381328927363e-03,-6.859472718698624016e-02,-5.499459900129322586e-03
1.780000000000000000e+02,2.341154332852606046e-01,4.565279234555590787e-02,1.135930356056513756e-03,-6.862018897469579493e-02,-6.110829050293961617e-03
1.790000000000000000e+02,2.340970565798507763e-01,4.565671715826406796e-02,9.419550499590676612e-04,-6.864166388143967679e-02,-5.153977618531854765e-03
1.800000000000000000e+02,2.341123043756152267e-01,4.566139390925034319e-02,1.122420236705273930e-03,-6.866533544093025854e-02,-5.681174277739112731e-03
1.810000000000000000e+02,2.340990067492272897e-01,4.566536714612169645e-02,9.535768491242264770e-04,-6.868862861101135420e-02,-5.590360819462862965e-03
1.820000000000000000e+02,2.340856988286710294e-01,4.566915670059917831e-02,9.094930745955107998e-04,-6.870879724171981284e-02,-4.840471370030463572e-03
1.830000000000000000e+02,2.340999098750997098e-01,4.567359857592570571e-02,1.066050078367319822e-03,-6.873096581850646203e-02,-5.320458428797331975e-03
1.840000000000000000e+02,2.340880018592146339e-01,4.567737980172355272e-02,9.074941914839039373e-04,-6.875278361706947672e-02,-5.236271655124224642e-03
1.850000000000000000e+02,2.340745260118972659e-01,4.568098922642161580e-02,8.662619275354733464e-04,-6.877154985981305535e-02,-4.503898258459063282e-03
1.860000000000000000e+02,2.340882554765423840e-01,4.568523745915099854e-02,1.019575855052642834e-03,-6.879241343874384351e-02,-5.007258943387960307e-03
1.870000000000000000e+02,2.340771043866903822e-01,4.568880393962274078e-02,8.559553132175856975e-04,-6.881287810051160692e-02,-4.911518824261827329e-03
1.880000000000000000e+02,2.340640322835830511e-01,4.569223012226228398e-02,8.222838334899219793e-04,-6.883033123356226135e-02,-4.188751932158364492e-03
1.890000000000000000e+02,2.340769797940512043e-01,4.569627579511356674e-02,9.709614843074784556e-04,-6.885006638202814666e-02,-4.736435631813902189e-03
1.900000000000000000e+02,2.340661560770622707e-01,4.569958937732927079e-02,7.952597317696885560e-04,-6.886933796988761736e-02,-4.625181086271811653e-03
1.910000000000000000e+02,2.340538370705740612e-01,4.570278113194514713e-02,7.660211078103917751e-04,-6.888558960088335403e-02,-3.900391438975612819e-03
1.920000000000000000e+02,2.340668140412861531e-01,4.570662598732236348e-02,9.227652905314054441e-04,-6.890408116651067227e-02,-4.437975750554747079e-03
1.930000000000000000e+02,2.340568291411085355e-01,4.570976004518789021e-02,7.521738877260128941e-04,-6.892211030579323272e-02,-4.326993427815506443e-03
1.940000000000000000e+02,2.340460424605674550e-01,4.571281338222590168e-02,7.328008891222489475e-04,-6.893777355530616990e-02,-3.759179883104664562e-03
1.950000000000000000e+02,2.340541128608216725e-01,4.571629277828349186e-02,8.350550538217465591e-04,-6.895572537109558031e-02,-4.308435789458680935e-03
1.960000000000000000e+02,2.340386923089823046e-01,4.571913775588677675e-02,6.827946247886054233e-04,-6.897021218623060335e-02,-3.476835632404176937e-03
1.970000000000000000e+02,2.340497408598258555e-01,4.572260634828038267e-02,8.324621744646130712e-04,-6.898730392065241523e-02,-4.102016261234390886e-03
1.980000000000000000e+02,2.340396773859637625e-01,4.572527741257634976e-02,6.410554310318476593e-04,-6.900382301987069422e-02,-3.964583812386840780e-03
1.990000000000000000e+02,2.340295140489118964e-01,4.572787187865529068e-02,6.226718589457299604e-04,-6.901728579357367666e-02,-3.231065688716797980e-03
2.000000000000000000e+02,2.340421573322746251e-01,4.573118672473907437e-02,7.955630601074127530e-04,-6.903272555015745049e-02,-3.705541580106326387e-03
2.010000000000000000e+02,2.340344569455546087e-01,4.573392433212725150e-02,6.570257731619403869e-04,-6.904775034150630042e-02,-3.605949923722531845e-03
2.020000000000000000e+02,2.340300005435345110e-01,4.573648746634476764e-02,6.151522122037608514e-04,-6.906299176133803841e-02,-3.657940759617270710e-03
2.030000000000000000e+02,2.340191621611630857e-01,4.573892325428259575e-02,5.845891050791300180e-04,-6.907512728594096540e-02,-2.912525904701777479e-03
2.040000000000000000e+02,2.340309808777337464e-01,4.574205498456883345e-02,7.516152686963392324e-04,-6.908969642964774005e-02,-3.496594489625485559e-03
2.050000000000000000e+02,2.340227535183580510e-01,4.574447330134710776e-02,5.803960267854325460e-04,-6.910370954247356534e-02,-3.363147078196896365e-03
2.060000000000000000e+02,2.340187342449737418e-01,4.574674966819452376e-02,5.463280433798630743e-04,-6.911796888676155493e-02,-3.422242629117255939e-03
2.070000000000000000e+02,2.340088769923570344e-01,4.574888968312157411e-02,5.136035824914750390e-04,-6.912897257397071504e-02,-2.640884930197752618e-03
2.080000000000000000e+02,2.340210150176659232e-01,4.575182167209532191e-02,7.036773536986660506e-04,-6.914198430782927951e-02,-3.122816126056832120e-03
2.090000000000000000e+02,2.340144652679038428e-01,4.575419921665994233e-02,5.706106955095340124e-04,-6.915454586727193265e-02,-3.014774266235477253e-03
2.100000000000000000e+02,2.340113053290423517e-01,4.575644082334483914e-02,5.379856043754833008e-04,-6.916729868368357015e-02,-3.060675938794636761e-03
2.110000000000000000e+02,2.340072629143541694e-01,4.575847602017887178e-02,4.884472401677307897e-04,-6.918012344292036320e-02,-3.077942216831073240e-03
2.120000000000000000e+02,2.339978275540431918e-01,4.576043052106019970e-02,4.690802115189454538e-04,-6.918975602340599051e-02,-2.311819316550189386e-03
2.130000000000000000e+02,2.340094955458468240e-01,4.576316695279381008e-02,6.567436160665915098e-04,-6.920155629673875597e-02,-2.832065599864284043e-03
2.140000000000000000e+02,2.340031463475835405e-01,4.576530998355471391e-02,5.143273826172510034e-04,-6.921284348412788667e-02,-2.708924973389950815e-03
2.150000000000000000e+02,2.340005489203358935e-01,4.576733571511183707e-02,4.861755737100927110e-04,-6.922432864047575740e-02,-2.756437523488964019e-03
2.160000000000000000e+02,2.339970559594227728e-01,4.576917189817292925e-02,4.406839346628783796e-04,-6.923586146980680034e-02,-2.767879039450406049e-03
2.170000000000000000e+02,2.339882784292474649e-01,4.577096824227806782e-02,4.311225852340773825e-04,-6.924441127248069650e-02,-2.051952641734479908e-03
2.180000000000000000e+02,2.339988878906115177e-01,4.577346443154292621e-02,5.990854235665469228e-04,-6.925539230867826246e-02,-2.635448687415306405e-03
2.190000000000000000e+02,2.339922017120213693e-01,4.577528429623065054e-02,4.367675250543803052e-04,-6.926578246515119330e-02,-2.493637553501779937e-03
2.200000000000000000e+02,2.339898645069215799e-01,4.577700766255875242e-02,4.136079187446297712e-04,-6.927639333897893381e-02,-2.546609718658937073e-03
2.210000000000000000e+02,2.339859898952529049e-01,4.577868244912822876e-02,4.019487766748419612e-04,-6.928644065589009693e-02,-2.411356058679826539e-03
2.220000000000000000e+02,2.339805620206390491e-01,4.578042856315099607e-02,4.190673654642173922e-04,-6.929421248231076857e-02,-1.865238340961317305e-03
2.230000000000000000e+02,2.339892094706821635e-01,4.578269042035427311e-02,5.428457287862693131e-04,-6.930421640204097178e-02,-2.400940735247755319e-03
2.240000000000000000e+02,2.339829446216175890e-01,4.578429413173396717e-02,3.848907311259276319e-04,-6.931366295722266035e-02,-2.267173243604996349e-03
2.250000000000000000e+02,2.339809083133238543e-01,4.578581179295568987e-02,3.642386932138732582e-04,-6.932332270455625334e-02,-2.318339360063782165e-03
2.260000000000000000e+02,2.339742556087676673e-01,4.578729563652553236e-02,3.561224567619645175e-04,-6.933081100978838451e-02,-1.797193255711002600e-03
2.270000000000000000e+02,2.339812174949462698e-01,4.578922967809243016e-02,4.641699760552391897e-04,-6.934030602498732210e-02,-2.278803647744003218e-03
2.280000000000000000e+02,2.339754396688559224e-01,4.579058002715000880e-02,3.240837738195956070e-04,-6.934932945374509827e-02,-2.165622901865555620e-03
2.290000000000000000e+02,2.339685105213654415e-01,4.579197869734037696e-02,3.356808456876780736e-04,-6.935572599421450934e-02,-1.535169712658024897e-03
2.300000000000000000e+02,2.339776047116385316e-01,4.579400912797004092e-02,4.873033511199081251e-04,-6.936444810974272401e-02,-2.093307726771446390e-03
2.310000000000000000e+02,2.339717464135120384e-01,4.579539383341555553e-02,3.323293069227599623e-04,-6.937258841967089418e-02,-1.953674382761669878e-03
2.320000000000000000e+02,2.339702285897217737e-01,4.579671566234520125e-02,3.172389431157852978e-04,-6.938093183562026034e-02,-2.002419827848859850e-03
2.330000000000000000e+02,2.339678773295368330e-01,4.579789705604435379e-02,2.835344877958511831e-04,-6.938931623287480921e-02,-2.012255341091266463e-03
2.340000000000000000e+02,2.339601459933307592e-01,4.579907156642701316e-02,2.818824918389561279e-04,-6.939450871874205951e-02,-1.246196608139388869e-03
2.350000000000000000e+02,2.339700799307485035e-01,4.580108229187331709e-02,4.825741071128002288e-04,-6.940187624727453541e-02,-1.768206847794303975e-03
2.360000000000000000e+02,2.339652525848570086e-01,4.580254667348494790e-02,3.514515867908887944e-04,-6.940867926053449766e-02,-1.632723182390087178e-03
2.370000000000000000e+02,2.339643060199655678e-01,4.580396018683097203e-02,3.392432030454044689e-04,-6.941563629241734312e-02,-1.669687651882997880e-03
2.380000000000000000e+02,2.339625628773836785e-01,4.580523816788486385e-02,3.067154529338452082e-04,-6.942259382768029008e-02,-1.669808463106299892e-03
2.390000000000000000e+02,2.339609683005037799e-01,4.580640573545800148e-02,2.802162175538134669e-04,-6.942960787933784295e-02,-1.683372397811855542e-03
2.400000000000000000e+02,2.339593190930455147e-01,4.580747361864418582e-02,2.562919646846188249e-04,-6.943667645678210099e-02,-1.696458586623415506e-03
2.410000000000000000e+02,2.339576267800705656e-01,4.580844547958251578e-02,2.332466251990870498e-04,-6.944381998507050124e-02,-1.714446789215942927e-03
2.420000000000000000e+02,2.339506014459978578e-01,4.580945164926288754e-02,2.414807232885169959e-04,-6.944799365836647198e-02,-1.001681591032874477e-03
2.430000000000000000e+02,2.339600552216467289e-01,4.581121380069572840e-02,4.229163438819455575e-04,-6.945456506410577213e-02,-1.577137377431159400e-03
2.440000000000000000e+02,2.339548712542136311e-01,4.581235342272681893e-02,2.735092874615744143e-04,-6.946050896381919526e-02,-1.426535931221927954e-03
2.450000000000000000e+02,2.339541221354156375e-01,4.581345710341686028e-02,2.648833656097511241e-04,-6.946662874526750298e-02,-1.468747547594383748e-03
2.460000000000000000e+02,2.339525796496882137e-01,4.581444469311869022e-02,2.370215284399973467e-04,-6.947275788731552271e-02,-1.470994091525993806e-03
2.470000000000000000e+02,2.339512135931282322e-01,4.581534538325716249e-02,2.161656332334384106e-04,-6.947894924739018985e-02,-1.485926417921104668e-03
2.480000000000000000e+02,2.339498109205674081e-01,4.581616758838406855e-02,1.973292304580651416e-04,-6.948520473894301275e-02,-1.501317972677145268e-03
2.490000000000000000e+02,2.339432792005824990e-01,4.581703208991521475e-02,2.074803674743517959e-04,-6.948862277801277909e-02,-8.203293767424605374e-04
2.500000000000000000e+02,2.339521929250396315e-01,4.581861788452445267e-02,3.805907062165152666e-04,-6.949440673526852130e-02,-1.388149741378410899e-03
2.510000000000000000e+02,2.339472088347794021e-01,4.581959346589332266e-02,2.341395285289764598e-04,-6.949956244193497557e-02,-1.237369599948811650e-03
2.520000000000000000e+02,2.339466631144694886e-01,4.582054422032601909e-02,2.281810638478878493e-04,-6.950489215586672098e-02,-1.279131343620106085e-03
2.530000000000000000e+02,2.339453175513701300e-01,4.582138892650989420e-02,2.027294841298990828e-04,-6.951022197845847794e-02,-1.279157422020972589e-03
2.540000000000000000e+02,2.339442084995240756e-01,4.582216177162223153e-02,1.854828269615986969e-04,-6.951561303698643168e-02,-1.293854046709494660e-03
2.550000000000000000e+02,2.339430243201935100e-01,4.582286373791164685e-02,1.684719094602448591e-04,-6.952105711099981766e-02,-1.306577763214299224e-03
2.560000000000000000e+02,2.339390452972700540e-01,4.582362977082250072e-02,1.838478986041894346e-04,-6.952484497754536641e-02,-9.090879709319858986e-04
2.570000000000000000e+02,2.339441311595488182e-01,4.582475360101830736e-02,2.697192469934569072e-04,-6.953020198946012476e-02,-1.285682859541498104e-03
2.580000000000000000e+02,2.339403565947044128e-01,4.582544411576130322e-02,1.657235383191127279e-04,-6.953517256035859906e-02,-1.192937015632872851e-03
2.590000000000000000e+02,2.339396385078871821e-01,4.582610807896542182e-02,1.593511689886896454e-04,-6.954029039160698755e-02,-1.228279499614476833e-03
2.600000000000000000e+02,2.339335548325125469e-01,4.582681042686494871e-02,1.685634958868893231e-04,-6.954267899643712392e-02,-5.732651592340453229e-04
2.610000000000000000e+02,2.339418183197381207e-01,4.582820341080266063e-02,3.343161450503725129e-04,-6.954737235250860183e-02,-1.126405457155331413e-03
2.620000000000000000e+02,2.339371338950185786e-01,4.582900648419224038e-02,1.927376134986142774e-04,-6.955143974438288135e-02,-9.761740498278406470e-04
2.630000000000000000e+02,2.339368209840210766e-01,4.582979709996765766e-02,1.897477861000018630e-04,-6.955566300520454881e-02,-1.013582597199810939e-03
2.640000000000000000e+02,2.339357833421133182e-01,4.583049880501952056e-02,1.684092124473806035e-04,-6.955988314907149417e-02,-1.012834528066604550e-03
2.650000000000000000e+02,2.339349399358981729e-01,4.583113815769739724e-02,1.534446426897799790e-04,-6.956414787357048657e-02,-1.023533879756620933e-03
2.660000000000000000e+02,2.339340728718357354e-01,4.583172120864692500e-02,1.399322278869718269e-04,-6.956845123117517959e-02,-1.032805825125767546e-03
2.670000000000000000e+02,2.339332192170223423e-01,4.583225339098888351e-02,1.277237620696923678e-04,-6.957280625336387248e-02,-1.045205325285103112e-03
2.680000000000000000e+02,2.339305957839827310e-01,4.583285998400560279e-02,1.455823240126659845e-04,-6.957603963583237905e-02,-7.760117924399819681e-04
2.690000000000000000e+02,2.339337059041205202e-01,4.583367018918651364e-02,1.944492434181544426e-04,-6.958034656512886162e-02,-1.033663031156649946e-03
2.700000000000000000e+02,2.339310305060005313e-01,4.583418057924266292e-02,1.224936134766264537e-04,-6.958440198192340775e-02,-9.733000306918096305e-04
2.710000000000000000e+02,2.339304231932949896e-01,4.583477667050948889e-02,1.430619040386427925e-04,-6.958829211819476945e-02,-9.336327051268873212e-04
2.720000000000000000e+02,2.339298360368613772e-01,4.583536071636184345e-02,1.401710045654391964e-04,-6.959213467571610801e-02,-9.222138051208427856e-04
2.730000000000000000e+02,2.339252051909980479e-01,4.583600019949914811e-02,1.534759529529708508e-04,-6.959376906087449965e-02,-3.922524380144290328e-04
2.740000000000000000e+02,2.339319119898821964e-01,4.583716794126806160e-02,2.802580245384613498e-04,-6.959745228802594053e-02,-8.839745163446300746e-04
2.750000000000000000e+02,2.339277206291963118e-01,4.583779296264785946e-02,1.500051311509470746e-04,-6.960056837740093150e-02,-7.478614499976680898e-04
2.760000000000000000e+02,2.339275799468369388e-01,4.583841825607015696e-02,1.500704213511609979e-04,-6.960382227829825519e-02,-7.809362153588702551e-04
2.770000000000000000e+02,2.339267171154345848e-01,4.583896014867105267e-02,1.300542242145785157e-04,-6.960706519959823646e-02,-7.783011119967395879e-04
2.780000000000000000e+02,2.339261281710079132e-01,4.583946262217945128e-02,1.205936420161911484e-04,-6.961033889248340045e-02,-7.856862924389857459e-04
2.790000000000000000e+02,2.339255151765909646e-01,4.583992350583837583e-02,1.106120781425420831e-04,-6.961364642397062374e-02,-7.938075569347898420e-04
2.800000000000000000e+02,2.339248685792776616e-01,4.584034084274711540e-02,1.001608580969640529e-04,-6.961698770403659808e-02,-8.019072158352108471e-04
2.810000000000000000e+02,2.339242469711084460e-01,4.584071882085665600e-02,9.071474628957198224e-05,-6.962037800904118112e-02,-8.136732011003520830e-04
2.820000000000000000e+02,2.339204982157957191e-01,4.584118933860093642e-02,1.129242586275231840e-04,-6.962193008563437313e-02,-3.724983823664448999e-04
2.830000000000000000e+02,2.339259431229768205e-01,4.584208703269908314e-02,2.154465835553489781e-04,-6.962515969858430742e-02,-7.751071079826246093e-04
2.840000000000000000e+02,2.339224594229013798e-01,4.584254657370850222e-02,1.102898422609180205e-04,-6.962793299832650828e-02,-6.655919381275776734e-04
2.850000000000000000e+02,2.339223051786273322e-01,4.584300510931631906e-02,1.100485458755167458e-04,-6.963083143417857224e-02,-6.956246044955386332e-04
2.860000000000000000e+02,2.339215956531777441e-01,4.584340298407254405e-02,9.548994149479623497e-05,-6.963373237510765701e-02,-6.962258229817083581e-04
2.870000000000000000e+02,2.339210913290646343e-01,4.584376998410843312e-02,8.808000861413368173e-05,-6.963667327092221138e-02,-7.058149954927812279e-04
2.880000000000000000e+02,2.339205087180023512e-01,4.584409712795452924e-02,7.851452306258212613e-05,-6.963964716073525740e-02,-7.137335551326160149e-04
2.890000000000000000e+02,2.339178696313389538e-01,4.584452136936361527e-02,1.018179381799393259e-04,-6.964129637803573303e-02,-3.958121521133286581e-04
2.900000000000000000e+02,2.339216331666801041e-01,4.584522383674442120e-02,1.685921713936232129e-04,-6.964417116313381673e-02,-6.899484235407878519e-04
2.910000000000000000e+02,2.339189425426689839e-01,4.584559120371435592e-02,8.816807278352128908e-05,-6.964672606070948513e-02,-6.131754181610112259e-04
2.920000000000000000e+02,2.339187452295035663e-01,4.584595495183274583e-02,8.729954841305161660e-05,-6.964938257994394977e-02,-6.375646162715303041e-04
2.930000000000000000e+02,2.339181449605396146e-01,4.584627359924326601e-02,7.647537852478476089e-05,-6.965204899775707947e-02,-6.399402751524639393e-04
2.940000000000000000e+02,2.339176795140897047e-01,4.584656344512730991e-02,6.956301217085271600e-05,-6.965475944836423128e-02,-6.505081457172444230e-04
2.950000000000000000e+02,2.339128525606750386e-01,4.584694681994810200e-02,9.200995698992726446e-05,-6.965500751883121899e-02,-5.953691207685187729e-05
2.960000000000000000e+02,2.339197602654930486e-01,4.584795724568430791e-02,2.425021766899216355e-04,-6.965737418366900469e-02,-5.679995610695029451e-04
2.970000000000000000e+02,2.339157268034879056e-01,4.584843616995513266e-02,1.149418249980947379e-04,-6.965913666672639282e-02,-4.229959337719547898e-04
2.980000000000000000e+02,2.339158220619998452e-01,4.584893148345932368e-02,1.188752410053518408e-04,-6.966101909369519507e-02,-4.517824725118681391e-04
2.990000000000000000e+02,2.339152501579056243e-01,4.584936992559441454e-02,1.052261124224756919e-04,-6.966287030089789167e-02,-4.442897286488124578e-04
3.000000000000000000e+02,2.339148742985314999e-01,4.584977497214432623e-02,9.721117197832744095e-05,-6.966472993733652253e-02,-4.463127452702741289e-04
3.010000000000000000e+02,2.339144758896798959e-01,4.585014390312407151e-02,8.854343513854853449e-05,-6.966659519958033620e-02,-4.476629385160941967e-04
3.020000000000000000e+02,2.339141257523121853e-01,4.585048621462527868e-02,8.215476028912856957e-05,-6.966847157064157137e-02,-4.503290546970928473e-04
3.030000000000000000e+02,2.339137536783933158e-01,4.585079851598561351e-02,7.495232648065273051e-05,-6.967035867942664162e-02,-4.529061084170718054e-04
3.040000000000000000e+02,2.339134071335879639e-01,4.585108371309398051e-02,6.844730600820697760e-05,-6.967226525291496386e-02,-4.575776371982489448e-04
3.050000000000000000e+02,2.339130603393296814e-01,4.585134443430019524e-02,6.257308949169327012e-05,-6.967418967792017581e-02,-4.618620012498208345e-04
3.060000000000000000e+02,2.339126932195303432e-01,4.585157706560952229e-02,5.583151423921221514e-05,-6.967613425166525876e-02,-4.666976988183366062e-04
3.070000000000000000e+02,2.339123723368974894e-01,4.585179029576764292e-02,5.117523794929316696e-05,-6.967810617809117035e-02,-4.732623422189798350e-04
3.080000000000000000e+02,2.339120239152172875e-01,4.585198000347594921e-02,4.552984999268480914e-05,-6.968010679746353131e-02,-4.801486493662063802e-04
3.090000000000000000e+02,2.339116826342349797e-01,4.585214844456258348e-02,4.042586079273000304e-05,-6.968214011327383828e-02,-4.879957944734623519e-04
3.100000000000000000e+02,2.339113393404559926e-01,4.585229765529400675e-02,3.581057554102046593e-05,-6.968420650539750016e-02,-4.959341096772080289e-04
3.110000000000000000e+02,2.339071313593795720e-01,4.585255652730181597e-02,6.212928187356307926e-05,-6.968403963231262210e-02,4.004954036924859677e-05
3.120000000000000000e+02,2.339134337819546161e-01,4.585338475861470975e-02,1.987755150948597167e-04,-6.968583519356748301e-02,-4.309347011680800905e-04
3.130000000000000000e+02,2.339097298379072820e-01,4.585372391447890134e-02,8.139740740533496575e-05,-6.968706896165489939e-02,-2.961043409801345861e-04
3.140000000000000000e+02,2.339099015290664885e-01,4.585408786526962849e-02,8.734818977408855174e-05,-6.968841512670136129e-02,-3.230796111505385843e-04
3.150000000000000000e+02,2.339094257410086197e-01,4.585440252188140164e-02,7.551758682627062998e-05,-6.968973173344789052e-02,-3.159856191668859119e-04
3.160000000000000000e+02,2.339091664001935467e-01,4.585469660013304083e-02,7.057878039325537578e-05,-6.969105675945203027e-02,-3.180062409949370233e-04
3.170000000000000000e+02,2.339088714068046915e-01,4.585496613411320366e-02,6.468815523842983252e-05,-6.969238297707727736e-02,-3.182922300602394352e-04
3.180000000000000000e+02,2.339086048735847800e-01,4.585521350777128219e-02,5.936967793843196174e-05,-6.969371907297283730e-02,-3.206630149353607308e-04
3.190000000000000000e+02,2.339083332291664874e-01,4.585544088420644843e-02,5.457034444021047860e-05,-6.969506023589638888e-02,-3.218791016537659298e-04
3.200000000000000000e+02,2.339080536773281427e-01,4.585564422221657249e-02,4.880112242939961504e-05,-6.969641218773539593e-02,-3.244684413609357659e-04
3.210000000000000000e+02,2.339078160452684185e-01,4.585583183216423303e-02,4.502638743835114186e-05,-6.969777900770383894e-02,-3.280367924249037725e-04
3.220000000000000000e+02,2.339075570292128148e-01,4.585599924950991418e-02,4.018016296404424835e-05,-6.969916231291962971e-02,-3.319932517895947529e-04
3.230000000000000000e+02,2.339073037253804055e-01,4.585614842568768584e-02,3.580228266441277105e-05,-6.970056319320157290e-02,-3.362112676673583269e-04
3.240000000000000000e+02,2.339070804899926748e-01,4.585628710223337012e-02,3.328237096377703483e-05,-6.970198162896153182e-02,-3.404245823891594459e-04
3.250000000000000000e+02,2.339068439420463608e-01,4.585641028938052671e-02,2.956491531801950243e-05,-6.970342502534400408e-02,-3.464151317938470314e-04
3.260000000000000000e+02,2.339066008766456928e-01,4.585651947448209087e-02,2.620442437572568722e-05,-6.970489039256935748e-02,-3.516881340837092621e-04
3.270000000000000000e+02,2.339063707901665456e-01,4.585661598633215125e-02,2.316284401449706198e-05,-6.970638437713932989e-02,-3.585562967928217107e-04
3.280000000000000000e+02,2.339061314377331169e-01,4.585670103276293791e-02,2.041114338882458527e-05,-6.970790353910176484e-02,-3.645988709842556334e-04
3.290000000000000000e+02,2.339059502328113549e-01,4.585687577829666156e-02,4.193892809293009460e-05,-6.970923427408338979e-02,-3.193763955910928283e-04
3.300000000000000000e+02,2.339060268348059357e-01,4.585702409283230058e-02,3.559548855267452615e-05,-6.971075206736403185e-02,-3.642703873554620849e-04
3.310000000000000000e+02,2.339053629090569464e-01,4.585721617266334815e-02,4.609915945147394315e-05,-6.971194238609877691e-02,-2.856764963384428465e-04
3.320000000000000000e+02,2.339056533573175001e-01,4.585739761112212626e-02,4.354523010628347143e-05,-6.971337222941435818e-02,-3.431623957408829807e-04
3.330000000000000000e+02,2.339049603192897564e-01,4.585749968078652733e-02,2.449671945596427371e-05,-6.971475729295899260e-02,-3.324152507128873757e-04
3.340000000000000000e+02,2.339048316045013176e-01,4.585767814364342942e-02,4.283108565666161768e-05,-6.971600133461780535e-02,-2.985699981161051139e-04
3.350000000000000000e+02,2.339048109030622546e-01,4.585782311572273590e-02,3.479329903414294436e-05,-6.971740280690312541e-02,-3.363533484782818854e-04
3.360000000000000000e+02,2.339029688841130494e-01,4.585803519250695320e-02,5.089842821153753088e-05,-6.971782049018501737e-02,-1.002439876553623023e-04
3.370000000000000000e+02,2.339053959603592525e-01,4.585842713406367011e-02,9.406597361234936706e-05,-6.971908165858964335e-02,-3.026804171117961615e-04
3.380000000000000000e+02,2.339036279210742197e-01,4.585859408348471472e-02,4.006786105088758768e-05,-6.972010902490985429e-02,-2.465679168508252408e-04
3.390000000000000000e+02,2.339035851413331923e-01,4.585876117275348302e-02,4.010142450428376307e-05,-6.972119810130533724e-02,-2.613783349159651769e-04
3.400000000000000000e+02,2.339032842809692925e-01,4.585890450297480658e-02,3.439925311801054033e-05,-6.972228187104853592e-02,-2.601047383663728061e-04
3.410000000000000000e+02,2.339030996832133502e-01,4.585903832511697975e-02,3.211731412089429181e-05,-6.972338357833179900e-02,-2.644097479832399709e-04
3.420000000000000000e+02,2.339028755482059907e-01,4.585915757480352184e-02,2.861992476929912688e-05,-6.972449767832064604e-02,-2.673839973249463129e-04
3.430000000000000000e+02,2.339026691665276048e-01,4.585926364837584340e-02,2.545765735720809949e-05,-6.972563135120102285e-02,-2.720814912892558315e-04
3.440000000000000000e+02,2.339024582119759443e-01,4.585935781395656524e-02,2.259973937267729168e-05,-6.972678165757877078e-02,-2.760735306590757611e-04
3.450000000000000000e+02,2.339022552666353560e-01,4.585944120812730090e-02,2.001460097724647158e-05,-6.972795210338572636e-02,-2.809069936691713427e-04
3.460000000000000000e+02,2.338990842859900443e-01,4.585964281834999101e-02,4.838645344572880787e-05,-6.972733533796919569e-02,1.480236999666124519e-04
3.470000000000000000e+02,2.339039352266031047e-01,4.586027631097949753e-02,1.520382310822734982e-04,-6.972830408551815295e-02,-2.324994117512311446e-04
3.480000000000000000e+02,2.339009021458575144e-01,4.586051247776081613e-02,5.668002751677228709e-05,-6.972880217953507376e-02,-1.195425640600782016e-04
3.490000000000000000e+02,2.339010508528388821e-01,4.586076659665903194e-02,6.098853557214465676e-05,-6.972938485023401356e-02,-1.398409677449416531e-04
3.500000000000000000e+02,2.339006920998900063e-01,4.586098318183189776e-02,5.198044148750855924e-05,-6.972993524855929104e-02,-1.320955980649370261e-04
3.510000000000000000e+02,2.339005229723107315e-01,4.586118982105369390e-02,4.959341323175245710e-05,-6.973048074481238978e-02,-1.309191007450130921e-04
3.520000000000000000e+02,2.339003239504670595e-01,4.586138152095595860e-02,4.600797654280339003e-05,-6.973101697907567453e-02,-1.286962231873278067e-04
3.530000000000000000e+02,2.339001447998077521e-01,4.586155974615994252e-02,4.277404895591459288e-05,-6.973154904116142527e-02,-1.276949005811930623e-04
3.540000000000000000e+02,2.338999757238444388e-01,4.586172581764138417e-02,3.985715554637268566e-05,-6.973207841794579198e-02,-1.270504282467420755e-04
3.550000000000000000e+02,2.338997767889433865e-01,4.586187495487936694e-02,3.579293711585187631e-05,-6.973260084789759117e-02,-1.253831884308051275e-04
3.560000000000000000e+02,2.338996293912800617e-01,4.586201479077228055e-02,3.356061429953104694e-05,-6.973312383358516720e-02,-1.255165650183282899e-04
3.570000000000000000e+02,2.338994492568775008e-01,4.586214026225337442e-02,3.011315546186917530e-05,-6.973364268070765537e-02,-1.245233093974335362e-04
3.580000000000000000e+02,2.338993182569705231e-01,4.586225874780133077e-02,2.843653150952132530e-05,-6.973416450752431550e-02,-1.252384359979709177e-04
3.590000000000000000e+02,2.338991595560954984e-01,4.586236494957728754e-02,2.548842622924122307e-05,-6.973468748803907102e-02,-1.255153235426687106e-04
3.600000000000000000e+02,2.338990327530659219e-01,4.586246604768166174e-02,2.426354504921818988e-05,-6.973521185977472892e-02,-1.258492165572864608e-04
3.610000000000000000e+02,2.338989086790350114e-01,4.586256253877162015e-02,2.315786158957637895e-05,-6.973573803715579777e-02,-1.262825714559107982e-04
3.620000000000000000e+02,2.338987696974134112e-01,4.586264888281343932e-02,2.072257003693961339e-05,-6.973627044580536782e-02,-1.277780758969357042e-04
3.630000000000000000e+02,2.338986212542276677e-01,4.586272607431098047e-02,1.852595941025580659e-05,-6.973680331773800256e-02,-1.278892638334942311e-04
3.640000000000000000e+02,2.338984927510964484e-01,4.586279499510079877e-02,1.654098955707233219e-05,-6.973734391633391871e-02,-1.297436630215377182e-04
3.650000000000000000e+02,2.338983675291378128e-01,4.586285644326691668e-02,1.474755986772733814e-05,-6.973789263927950011e-02,-1.316935069383196651e-04
3.660000000000000000e+02,2.338982377930561019e-01,4.586291114414007414e-02,1.312820955760100183e-05,-6.973844657941025149e-02,-1.329456313815384504e-04
3.670000000000000000e+02,2.338981249140648644e-01,4.586295973880195886e-02,1.166271885216135760e-05,-6.973901253401636191e-02,-1.358291054672536541e-04
3.680000000000000000e+02,2.338980057065736529e-01,4.586300281434025489e-02,1.033812919075514805e-05,-6.973958727161178039e-02,-1.379370229019056095e-04
3.690000000000000000e+02,2.338978874913688610e-01,4.586304089883844887e-02,9.140279566737556652e-06,-6.974017087601815101e-02,-1.400650575295694141e-04
3.700000000000000000e+02,2.338977837168879914e-01,4.586307445736459432e-02,8.054046275576386154e-06,-6.974076979526308562e-02,-1.437406187841029257e-04
3.710000000000000000e+02,2.338976580386600002e-01,4.586310392995675278e-02,7.073422117265699395e-06,-6.974137406428236596e-02,-1.450245646260852521e-04
3.720000000000000000e+02,2.338975603947205384e-01,4.586312968630534143e-02,6.181523660576326176e-06,-6.974199663978357389e-02,-1.494181202907807118e-04
3.730000000000000000e+02,2.338974466152414777e-01,4.586315207800540500e-02,5.374008015144684752e-06,-6.974263053939744328e-02,-1.521359073286347166e-04
3.740000000000000000e+02,2.338973383223282854e-01,4.586317141393954355e-02,4.640624193028504428e-06,-6.974327872463605138e-02,-1.555644572661918064e-04
3.750000000000000000e+02,2.338972278628754509e-01,4.586318797483657922e-02,3.974615288605093661e-06,-6.974394077022992577e-02,-1.588909425313848271e-04
3.760000000000000000e+02,2.338970947944441214e-01,4.586319602685917651e-02,1.932485422877258026e-06,-6.974462032460897187e-02,-1.630930509716522515e-04
3.770000000000000000e+02,2.338969828398452244e-01,4.586320236692889574e-02,1.521616732864684789e-06,-6.974531323931795757e-02,-1.662995301572600128e-04
3.780000000000000000e+02,2.338968743967727859e-01,4.586320714002321830e-02,1.145542637789616881e-06,-6.974602221717840500e-02,-1.701546865060558575e-04
3.790000000000000000e+02,2.338967474147100045e-01,4.586320448594047305e-02,-6.369798595840092010e-07,-6.974675389100933043e-02,-1.756017194228389031e-04
3.800000000000000000e+02,2.338964759935944493e-01,4.586326423817081027e-02,1.434053528174353964e-05,-6.974726856373873740e-02,-1.235214550592230766e-04
3.810000000000000000e+02,2.338969124328655058e-01,4.586333971552179062e-02,1.811456423526285479e-05,-6.974802060030244055e-02,-1.804887752900177290e-04
3.820000000000000000e+02,2.338963570299019690e-01,4.586334710055712388e-02,1.772408479957255772e-06,-6.974872049014961550e-02,-1.679735633219415830e-04
3.830000000000000000e+02,2.338952332957158486e-01,4.586347669739510025e-02,3.110324111352729342e-05,-6.974862523265476510e-02,2.286179876331381647e-05
3.840000000000000000e+02,2.338971570808199008e-01,4.586374720479712008e-02,6.492177648528062541e-05,-6.974923040042062261e-02,-1.452402638042689419e-04
3.850000000000000000e+02,2.338957112611053102e-01,4.586383532810818509e-02,2.114959465512275424e-05,-6.974962572519222137e-02,-9.487794518229017557e-05
3.860000000000000000e+02,2.338957517923536400e-01,4.586393216131643552e-02,2.323996998035868732e-05,-6.975007052564353993e-02,-1.067521083164284554e-04
3.870000000000000000e+02,2.338955193070275385e-01,4.586400699043358120e-02,1.795898811558716208e-05,-6.975050487292648593e-02,-1.042433479080732251e-04
3.880000000000000000e+02,2.338953842503458391e-01,4.586407391843495135e-02,1.606272032913166271e-05,-6.975094247473252740e-02,-1.050244334488313955e-04
3.890000000000000000e+02,2.338952935548056500e-01,4.586413968350903231e-02,1.578361777916077551e-05,-6.975138946625707159e-02,-1.072779658913097068e-04
3.900000000000000000e+02,2.338951547117382457e-01,4.586419842261168361e-02,1.409738463604659579e-05,-6.975183672987551875e-02,-1.073432684277288618e-04
3.910000000000000000e+02,2.338950338306489962e-01,4.586425081015492455e-02,1.257301037719092927e-05,-6.975229133684685001e-02,-1.091056731191251424e-04
3.920000000000000000e+02,2.338949085434810782e-01,4.586429746296293020e-02,1.119667392141307726e-05,-6.975275031277555771e-02,-1.101542228886365188e-04
3.930000000000000000e+02,2.338947992222988326e-01,4.586433892428993381e-02,9.950718480940860892e-06,-6.975322040138233481e-02,-1.128212656260457048e-04
3.940000000000000000e+02,2.338946771739713049e-01,4.586437569868711400e-02,8.825855322809905790e-06,-6.975369512032079944e-02,-1.139325452323958730e-04
3.950000000000000000e+02,2.338945567966228545e-01,4.586440823811036016e-02,7.809461579540029252e-06,-6.975417468234820784e-02,-1.150948865764742150e-04
3.960000000000000000e+02,2.338944575393170078e-01,4.586443693310281872e-02,6.886798189319943788e-06,-6.975466887444632669e-02,-1.186061035494889390e-04
3.970000000000000000e+02,2.338943439833343907e-01,4.586446215232449497e-02,6.052613202377102993e-06,-6.975517091043977047e-02,-1.204886384274379119e-04
3.980000000000000000e+02,2.338942369910796959e-01,4.586448421981391410e-02,5.296197460703213425e-06,-6.975568393660075417e-02,-1.231262786370878356e-04
3.990000000000000000e+02,2.338941290930272587e-01,4.586450342974721095e-02,4.610383991903161579e-06,-6.975620770173460161e-02,-1.257036321242634277e-04
4.000000000000000000e+02,2.338940201095298654e-01,4.586452004788479225e-02,3.988353019793381611e-06,-6.975674193931577505e-02,-1.282170194821212071e-04
4.010000000000000000e+02,2.338939162818136630e-01,4.586453430869320141e-02,3.422594018471870370e-06,-6.975728958019739023e-02,-1.314338115888263902e-04
4.020000000000000000e+02,2.338926477864978204e-01,4.586466469196154999e-02,3.129198440420461114e-05,-6.975698027184851213e-02,7.423400372921648777e-05
4.030000000000000000e+02,2.338947568614815065e-01,4.586496606323705455e-02,7.232910612050815142e-05,-6.975740912763436774e-02,-1.029253886069637686e-04
4.040000000000000000e+02,2.338931987654817302e-01,4.586506434831279927e-02,2.358841817828658666e-05,-6.975761418260924274e-02,-4.921319397060997804e-05
4.050000000000000000e+02,2.338932357210303514e-01,4.586517061469920498e-02,2.550393273692471777e-05,-6.975786122681684742e-02,-5.929060982601848243e-05
4.060000000000000000e+02,2.338929957333929777e-01,4.586525423448768735e-02,2.006874923597984581e-05,-6.975808756605149374e-02,-5.432141631595157851e-05
4.070000000000000000e+02,2.338929025189778743e-01,4.586533535106669668e-02,1.946797896225742466e-05,-6.975831624003377140e-02,-5.488175574669690445e-05
4.080000000000000000e+02,2.338927784458661452e-01,4.586540822965447933e-02,1.749086106715254049e-05,-6.975854502992510919e-02,-5.490957392097111701e-05
4.090000000000000000e+02,2.338926462714514265e-01,4.586547368589826562e-02,1.570949850916098845e-05,-6.975876829278999935e-02,-5.358308757373352803e-05
4.100000000000000000e+02,2.338925599204204342e-01,4.586553842209569604e-02,1.553668738366144328e-05,-6.975899255794927589e-02,-5.382363822603023520e-05
4.110000000000000000e+02,2.338924342934074196e-01,4.586559653665736591e-02,1.394749480077297989e-05,-6.975921229485250452e-02,-5.273685677447778500e-05
4.120000000000000000e+02,2.338923281651118791e-01,4.586564867044902460e-02,1.251210999842618471e-05,-6.975943477670398796e-02,-5.339564435681370090e-05
4.130000000000000000e+02,2.338922186872067488e-01,4.586569540977445542e-02,1.121743810310686189e-05,-6.975965722412606762e-02,-5.338738129893036611e-05
4.140000000000000000e+02,2.338921385730380331e-01,4.586574326345706221e-02,1.148488382570695405e-05,-6.975987928067449440e-02,-5.329357162387391274e-05
4.150000000000000000e+02,2.338920318702718826e-01,4.586578614115596753e-02,1.029064773733205475e-05,-6.976010173004006110e-02,-5.338784773685216110e-05
4.160000000000000000e+02,2.338919354085758628e-01,4.586582452262246562e-02,9.211551960012045911e-06,-6.976032823377337211e-02,-5.436089599526586403e-05
4.170000000000000000e+02,2.338918342530537930e-01,4.586585884757438808e-02,8.237988460605441161e-06,-6.976055580614874685e-02,-5.461737009050602725e-05
4.180000000000000000e+02,2.338917286876441293e-01,4.586588951648393891e-02,7.360538291727243185e-06,-6.976078156917812911e-02,-5.418312705146213065e-05
4.190000000000000000e+02,2.338916655550714596e-01,4.586592285926773677e-02,8.002268111174231784e-06,-6.976101150886955538e-02,-5.518552594382984347e-05
4.200000000000000000e+02,2.338915734639680777e-01,4.586595262764704695e-02,7.144411034765108503e-06,-6.976124603237586486e-02,-5.628564151541090945e-05
4.210000000000000000e+02,2.338914759230027174e-01,4.586597917066759234e-02,6.370324930963763649e-06,-6.976148204003550235e-02,-5.664183831173762266e-05
4.220000000000000000e+02,2.338913937965794720e-01,4.586600279010899506e-02,5.668665936442149218e-06,-6.976172618197788722e-02,-5.859406617314817347e-05
4.230000000000000000e+02,2.338912914127295462e-01,4.586602377841539346e-02,5.037193535081869733e-06,-6.976196870059857280e-02,-5.820446896377039849e-05
4.240000000000000000e+02,2.338912113359117861e-01,4.586604237751189944e-02,4.463783161363586084e-06,-6.976221955445362222e-02,-6.020492521132784775e-05
4.250000000000000000e+02,2.338911242025931148e-01,4.586605881606879015e-02,3.945253653865085400e-06,-6.976247534369520165e-02,-6.138941798037567100e-05
4.260000000000000000e+02,2.338910305460617511e-01,4.586607330463192411e-02,3.477255152656764452e-06,-6.976273281695906381e-02,-6.179358332589671003e-05
4.270000000000000000e+02,2.338909443512497133e-01,4.586608602586521310e-02,3.053095990174281371e-06,-6.976299528415152995e-02,-6.299212619276143654e-05
4.280000000000000000e+02,2.338908647741531066e-01,4.586609714050116776e-02,2.667512628832421145e-06,-6.976326587218154018e-02,-6.494112720378696004e-05
4.290000000000000000e+02,2.338907443135255226e-01,4.586610082471796052e-02,8.842120307148087283e-07,-6.976353877827112804e-02,-6.549746150178974570e-05
4.300000000000000000e+02,2.338906683480125315e-01,4.586610377189811322e-02,7.073232373796352962e-07,-6.976382013982281027e-02,-6.752677240388925189e-05
4.310000000000000000e+02,2.338905907820152952e-01,4.586610604355539911e-02,5.451977486442609575e-07,-6.976410960351063506e-02,-6.947128507856139689e-05
4.320000000000000000e+02,2.338905050196070923e-01,4.586610770130563480e-02,3.978600560489423926e-07,-6.976440361860890282e-02,-7.056362358477284366e-05
4.330000000000000000e+02,2.338904249305454874e-01,4.586610879379613565e-02,2.621977198751803181e-07,-6.976470522477201675e-02,-7.238547914871403801e-05
4.340000000000000000e+02,2.338903498093325706e-01,4.586610936116396198e-02,1.361682786066027326e-07,-6.976501730489445552e-02,-7.489922938601470187e-05
4.350000000000000000e+02,2.338902659302482534e-01,4.586610944740454610e-02,2.069774085576209918e-08,-6.976533617526511910e-02,-7.652888896005886779e-05
4.360000000000000000e+02,2.338901805401749912e-01,4.586610909110180878e-02,-8.551265642162010154e-08,-6.976566154163103828e-02,-7.808792782000711637e-05
4.370000000000000000e+02,2.338901065956306979e-01,4.586610831609225919e-02,-1.860022926101100504e-07,-6.976599953930573417e-02,-8.111944192810781719e-05
4.380000000000000000e+02,2.338899829474180292e-01,4.586610118264865255e-02,-1.712026465650235694e-06,-6.976634081781854513e-02,-8.190684307463047802e-05
4.390000000000000000e+02,2.338894257179702230e-01,4.586612859386896002e-02,6.578692873177129930e-06,-6.976637122949141956e-02,-7.298801489083052538e-06
4.400000000000000000e+02,2.338903944107665334e-01,4.586622160685589755e-02,2.232311686418722474e-05,-6.976676931386104064e-02,-9.554024870986292249e-05
4.410000000000000000e+02,2.338896328394260704e-01,4.586621546208034111e-02,-1.474746133144181097e-06,-6.976706826100428915e-02,-7.174731438008911640e-05
4.420000000000000000e+02,2.338896634367741978e-01,4.586622143219650644e-02,1.432827879107382054e-06,-6.976739601834230919e-02,-7.866176112581299486e-05
4.430000000000000000e+02,2.338890444411471370e-01,4.586623970066064371e-02,4.384431393231747113e-06,-6.976743510186143860e-02,-9.380044592450888295e-06
4.440000000000000000e+02,2.338900051845801131e-01,4.586632695661352344e-02,2.094142869050660409e-05,-6.976782879345168331e-02,-9.448598165878697389e-05
4.450000000000000000e+02,2.338893039776958893e-01,4.586632758075025879e-02,1.497928168540082810e-07,-6.976812558286987764e-02,-7.122946036642772375e-05
4.460000000000000000e+02,2.338893461274360597e-01,4.586643302995009608e-02,2.530780796137835072e-05,-6.976823222424322068e-02,-2.559392960339179233e-05
4.470000000000000000e+02,2.338894514922111867e-01,4.586651518398883465e-02,1.971696929667822253e-05,-6.976850062545461584e-02,-6.441629073522238359e-05
4.480000000000000000e+02,2.338890002846372718e-01,4.586654119567895593e-02,6.242805628332734292e-06,-6.976871625024994028e-02,-5.174995087715457127e-05
4.490000000000000000e+02,2.338889367209059655e-01,4.586656434955900530e-02,5.556931212614565006e-06,-6.976894749905934723e-02,-5.549971425694099849e-05
4.500000000000000000e+02,2.338888344701584299e-01,4.586658493372181705e-02,4.940199075649812203e-06,-6.976917781419017528e-02,-5.527563139768848201e-05
4.510000000000000000e+02,2.338887459503825317e-01,4.586660318891189192e-02,4.381245617140130870e-06,-6.976941390448930524e-02,-5.666167179032222183e-05
4.520000000000000000e+02,2.338886443439257556e-01,4.586661934675529545e-02,3.877882416930205993e-06,-6.976964928325475601e-02,-5.649090370967113856e-05
4.530000000000000000e+02,2.338885570692407767e-01,4.586663360159634606e-02,3.421161852781673832e-06,-6.976989060351880545e-02,-5.791686337123389336e-05
4.540000000000000000e+02,2.338884761632016585e-01,4.586664612624414411e-02,3.005915471184728352e-06,-6.977014095762909540e-02,-6.008498647101749167e-05
4.550000000000000000e+02,2.338883539763301211e-01,4.586665110781701360e-02,1.195577489270268745e-06,-6.977039450883364136e-02,-6.085228909018528860e-05
4.560000000000000000e+02,2.338882637868142933e-01,4.586665526095479173e-02,9.967530675165090810e-07,-6.977065094271940604e-02,-6.154413258353049095e-05
4.570000000000000000e+02,2.338881925437098219e-01,4.586665864597418846e-02,8.124046551321626503e-07,-6.977091982131738979e-02,-6.453086351534678613e-05
4.580000000000000000e+02,2.338880719935297614e-01,4.586677374564501752e-02,2.762392099952155414e-05,-6.977090296087735954e-02,4.046505608410467234e-06
4.590000000000000000e+02,2.338883406596617143e-01,4.586688885643461916e-02,2.762658950507503722e-05,-6.977108067072282371e-02,-4.265036291216300142e-05
4.600000000000000000e+02,2.338877857044738828e-01,4.586693278312011651e-02,1.054240451900134598e-05,-6.977119270968060172e-02,-2.688934986542507600e-05
4.610000000000000000e+02,2.338877143997596386e-01,4.586697224204583367e-02,9.470142171352177615e-06,-6.977131743941515640e-02,-2.993513629276968005e-05
4.620000000000000000e+02,2.338876016441463479e-01,4.586700768782199511e-02,8.506986279497741891e-06,-6.977143539276545181e-02,-2.830880407066267332e-05
4.630000000000000000e+02,2.338875126825861461e-01,4.586703950370173838e-02,7.635811138620579721e-06,-6.977155691725511755e-02,-2.916587752070557793e-05
4.640000000000000000e+02,2.338874121223812330e-01,4.586706805107375329e-02,6.851369283953713166e-06,-6.977167575991294335e-02,-2.852223787757571932e-05
4.650000000000000000e+02,2.338873210641156386e-01,4.586709364675605610e-02,6.142963752963759278e-06,-6.977179557423404677e-02,-2.875543706595252676e-05
4.660000000000000000e+02,2.338872252143616159e-01,4.586711658345364595e-02,5.504807421599841555e-06,-6.977191338229477013e-02,-2.827393457267822022e-05
4.670000000000000000e+02,2.338871649613071257e-01,4.586714309963477176e-02,6.363883470334947037e-06,-6.977203187613628677e-02,-2.843852196521332490e-05
4.680000000000000000e+02,2.338870818134697327e-01,4.586716685723350728e-02,5.701823696714169655e-06,-6.977215476100563640e-02,-2.949236864548375277e-05
4.690000000000000000e+02,2.338869930904036443e-01,4.586718812586830507e-02,5.104472351172479809e-06,-6.977227886951471725e-02,-2.978604217863618637e-05
4.700000000000000000e+02,2.338869058547794477e-01,4.586720714707515772e-02,4.565089645264694567e-06,-6.977240437649087634e-02,-3.012167427801286815e-05
4.710000000000000000e+02,2.338868132397216304e-01,4.586722414425940808e-02,4.079324219660124044e-06,-6.977252821584969955e-02,-2.972144611665970880e-05
4.720000000000000000e+02,2.338867289521419368e-01,4.586723931145959832e-02,3.640128045355016999e-06,-6.977265387228669125e-02,-3.015754487655961883e-05
4.730000000000000000e+02,2.338866389026189596e-01,4.586725283079952364e-02,3.244641581846437681e-06,-6.977277821917053646e-02,-2.984325212210683453e-05
4.740000000000000000e+02,2.338865634253525227e-01,4.586726485347048660e-02,2.885441031705028949e-06,-6.977290789684749417e-02,-3.112264247031563421e-05
4.750000000000000000e+02,2.338864878728719732e-01,4.586727551902985284e-02,2.559734247191950013e-06,-6.977304278045136365e-02,-3.237206492941073960e-05
4.760000000000000000e+02,2.338863989559194501e-01,4.586728496490507373e-02,2.267010053202921145e-06,-6.977317631962565159e-02,-3.204940182951505353e-05
4.770000000000000000e+02,2.338863176264559807e-01,4.586729330619061795e-02,2.001908531012124829e-06,-6.977331190659828708e-02,-3.254087343369527354e-05
4.780000000000000000e+02,2.338862431259766117e-01,4.586730064254599532e-02,1.760725289914320902e-06,-6.977345275288947268e-02,-3.380310988413181086e-05
4.790000000000000000e+02,2.338861550383302124e-01,4.586730707694181008e-02,1.544254995281043932e-06,-6.977359227206594849e-02,-3.348460235425986149e-05
4.800000000000000000e+02,2.338860808048606466e-01,4.586731268775327830e-02,1.346594751955324911e-06,-6.977373703460434951e-02,-3.474300921630104445e-05
