# Time, SliderHeight, Motor1Pos, Motor1Vel, Motor2Pos, Motor2Vel
0.000000000000000000e+00,2.600000000000000089e-01,0.000000000000000000e+00,0.000000000000000000e+00,0.000000000000000000e+00,0.000000000000000000e+00
1.000000000000000000e+00,2.485998927649329393e-01,5.078673362731933811e-04,1.218881607055664062e-01,1.478832106052650839e-03,3.549197054526361805e-01
2.000000000000000000e+00,2.586539387202378415e-01,1.261284351348877179e-03,1.808200836181640958e-01,2.633642959285569223e-03,2.771546047759004261e-01
3.000000000000000000e+00,2.598430529246760767e-01,1.938638448715210294e-03,1.625649833679199407e-01,3.881430039188233771e-03,2.994688991766394914e-01
4.000000000000000000e+00,2.593698792935114628e-01,2.616426968574524226e-03,1.626692447662353436e-01,5.033675567672089499e-03,2.765389268361254094e-01
5.000000000000000000e+00,2.587111079785281986e-01,3.263099453449249711e-03,1.552013963699341026e-01,6.151501751978106711e-03,2.682782842334441309e-01
6.000000000000000000e+00,2.578116553633225672e-01,3.890076394319535048e-03,1.504744658088684461e-01,7.213466406212979895e-03,2.548715170163696198e-01
7.000000000000000000e+00,2.567533989962633711e-01,4.494117899632455067e-03,1.449699612751007283e-01,8.229715862062220513e-03,2.438998694038178872e-01
8.000000000000000000e+00,2.555207830412092873e-01,5.077517512943745780e-03,1.400159071947097433e-01,9.199081529503591592e-03,2.326477601859289479e-01
9.000000000000000000e+00,2.541219191624153884e-01,5.640551284110308788e-03,1.351281050799751360e-01,1.012449311081277392e-02,2.220987795142037313e-01
1.000000000000000000e+01,2.525693761770771983e-01,6.183634551008725978e-03,1.303399840556201672e-01,1.100405145694902109e-02,2.110940030726993488e-01
1.100000000000000000e+01,2.508372794982015042e-01,6.706312613165544244e-03,1.254427349176363005e-01,1.184079908661186432e-02,2.008194311190823200e-01
1.200000000000000000e+01,2.489308735649664872e-01,7.209654435345084003e-03,1.208020373230894451e-01,1.263594103390945113e-02,1.908340673514209163e-01
1.300000000000000000e+01,2.468563463173790995e-01,7.694359825398222434e-03,1.163292936127531541e-01,1.339148017872559063e-02,1.813293947558736741e-01
1.400000000000000000e+01,1.775743054006364563e-01,8.160844033669557157e-03,1.119562099851204723e-01,1.411055207052100240e-02,1.725772540308989633e-01
1.500000000000000000e+01,1.879046175457547985e-01,8.609224485496693585e-03,1.076113084385127289e-01,1.479762208281399857e-02,1.648968029503191934e-01
1.600000000000000000e+01,2.057160627321697466e-01,9.040792939819634194e-03,1.035764290375055380e-01,1.545299533231301453e-02,1.572895798797639688e-01
1.700000000000000000e+01,2.421372888732268580e-01,9.452128548682148940e-03,9.872054612700355281e-02,1.607650766776562087e-02,1.496429605086253556e-01
1.800000000000000000e+01,2.345697812337786126e-01,9.843800178555770636e-03,9.400119116966934585e-02,1.666899716336007684e-02,1.421974789426692365e-01
1.900000000000000000e+01,2.332988468396389181e-01,1.021692188894403330e-02,8.954921049318297077e-02,1.723115361170993523e-02,1.349175476039661814e-01
2.000000000000000000e+01,2.334478090821973384e-01,1.057232347331710232e-02,8.529638024953675735e-02,1.776459690353766191e-02,1.280263900386545139e-01
2.100000000000000000e+01,2.339266348189617817e-01,1.091048948463868226e-02,8.115984271717915921e-02,1.827063633143920576e-02,1.214494626963707191e-01
2.200000000000000000e+01,2.345490751901867510e-01,1.122969833188620752e-02,7.661012333940611652e-02,1.874852533148446687e-02,1.146933600108629991e-01
2.300000000000000000e+01,2.345167233264708329e-01,1.154812972007351543e-02,7.642353316495370530e-02,1.921314907349069498e-02,1.115096980814945377e-01
2.400000000000000000e+01,2.346491882057491207e-01,1.186842439581058117e-02,7.687072217689572273e-02,1.966585143142066811e-02,1.086485659031939388e-01
2.500000000000000000e+01,2.348736770778132865e-01,1.218863173298758915e-02,7.684976092248174684e-02,2.010543432648154161e-02,1.054998948146099874e-01
2.600000000000000000e+01,2.352452102179533600e-01,1.250309206362557914e-02,7.547047935311766709e-02,2.052900167987978600e-02,1.016561648155783898e-01
2.700000000000000000e+01,2.355702844444947097e-01,1.281135488814905479e-02,7.398307788563431020e-02,2.093614059064644040e-02,9.771333858399698646e-02
2.800000000000000000e+01,2.358784755498091745e-01,1.311344391060695683e-02,7.250136538989634949e-02,2.132733763330626336e-02,9.388729023835722109e-02
2.900000000000000000e+01,2.361784902069290482e-01,1.340951159491609451e-02,7.105624423419304447e-02,2.170295916998331645e-02,9.014916880249267128e-02
3.000000000000000000e+01,2.364695817885691942e-01,1.369970707951030479e-02,6.964691630261046762e-02,2.206343030458494253e-02,8.651307230439056473e-02
3.100000000000000000e+01,2.367522840048579824e-01,1.398418247037446806e-02,6.827409380739918321e-02,2.240916343214981177e-02,8.297595061556860274e-02
3.200000000000000000e+01,2.370272529869838218e-01,1.426308658380834662e-02,6.693698722413074509e-02,2.274053567665828418e-02,7.952933868203318490e-02
3.300000000000000000e+01,2.372941030875291013e-01,1.453656527541748178e-02,6.563488598619231229e-02,2.305794008999223835e-02,7.617705920014861132e-02
3.400000000000000000e+01,2.375533584765028572e-01,1.480476173615367062e-02,6.436715057668533635e-02,2.336174831162230944e-02,7.291397319121739606e-02
3.500000000000000000e+01,2.377989229760179846e-01,1.506806113784752744e-02,6.319185640652565106e-02,2.365241402527541031e-02,6.975977127674398703e-02
3.600000000000000000e+01,2.380303712483038958e-01,1.532691742353052555e-02,6.212550856391975407e-02,2.393045282215892217e-02,6.672931125204292768e-02
3.700000000000000000e+01,2.382527492983002593e-01,1.558170337914563733e-02,6.114862934762681917e-02,2.419620952406454847e-02,6.378160845734999473e-02
3.800000000000000000e+01,2.384717343167033488e-01,1.583240284459670744e-02,6.016787170825724229e-02,2.445005409621895873e-02,6.092269731705841213e-02
3.900000000000000000e+01,2.386913495810561725e-01,1.607875689667470978e-02,5.912497249872049332e-02,2.469226590381709205e-02,5.813083382355235806e-02
4.000000000000000000e+01,2.389050926904216499e-01,1.632083648815610410e-02,5.809910195553436713e-02,2.492304274314768517e-02,5.538644143934220304e-02
4.100000000000000000e+01,2.391121768439275486e-01,1.655873527886348590e-02,5.709570976977188655e-02,2.514269375980388022e-02,5.271624399748690154e-02
4.200000000000000000e+01,2.393134791439716358e-01,1.679254948355281621e-02,5.611540912543924037e-02,2.535150911209875166e-02,5.011568455076920864e-02
4.300000000000000000e+01,2.395088807176311563e-01,1.702238953730982746e-02,5.516161290168251213e-02,2.554976785042629289e-02,4.758209719860993780e-02
4.400000000000000000e+01,2.396990018894801788e-01,1.724834291076058485e-02,5.422880962818169004e-02,2.573773901226805716e-02,4.511307884202311880e-02
4.500000000000000000e+01,2.398835225825921291e-01,1.747050620880591376e-02,5.331919153087909952e-02,2.591569456178166933e-02,4.270933188326656721e-02
4.600000000000000000e+01,2.400627312273325431e-01,1.768897233626853110e-02,5.243187059102792646e-02,2.608389717422712750e-02,4.036862698690996121e-02
4.700000000000000000e+01,2.402367909258180667e-01,1.790383086793049389e-02,5.156604759887144923e-02,2.624260114958531023e-02,3.808895408596356391e-02
4.800000000000000000e+01,2.404057498977636431e-01,1.811517434189593295e-02,5.072243375170539664e-02,2.639205330406019928e-02,3.586851707397305938e-02
4.900000000000000000e+01,2.405697919402597362e-01,1.832308604240457175e-02,4.989880812207345140e-02,2.653249964052814200e-02,3.370712075230621052e-02
5.000000000000000000e+01,2.407291337180784974e-01,1.852764688563957388e-02,4.909460237640013436e-02,2.666417353076933408e-02,3.160173365788649519e-02
5.100000000000000000e+01,2.409162164534772999e-01,1.872812503239374218e-02,4.811475522100050473e-02,2.678603981305863191e-02,2.924790774943169733e-02
5.200000000000000000e+01,2.411145102983970612e-01,1.892383798433537948e-02,4.697110846599308193e-02,2.689765023838532054e-02,2.678650207840539005e-02
5.300000000000000000e+01,2.413031171473080105e-01,1.911479734183276977e-02,4.583024579937407944e-02,2.699932850527656317e-02,2.440278405389827501e-02
5.400000000000000000e+01,2.414839657909693682e-01,1.930115659613925588e-02,4.472622103355659157e-02,2.709143161702464581e-02,2.210474681953955925e-02
5.500000000000000000e+01,2.416572473150604972e-01,1.948308965157701661e-02,4.366393330506257442e-02,2.717432289470996312e-02,1.989390664447647158e-02
5.600000000000000000e+01,2.418232577543908690e-01,1.966076494191071680e-02,4.264206968008805304e-02,2.724835965647290012e-02,1.776882282310524030e-02
5.700000000000000000e+01,2.419822280490704913e-01,1.983434597732257332e-02,4.165944849884522377e-02,2.731388789633968500e-02,1.572677756802854168e-02
5.800000000000000000e+01,2.421345272534903836e-01,2.000399183628175787e-02,4.071500615020395147e-02,2.737123174021233521e-02,1.376252252943599083e-02
5.900000000000000000e+01,2.422802250003223135e-01,2.016985164771815248e-02,3.980635474473444985e-02,2.742071974042077642e-02,1.187712005002565518e-02
6.000000000000000000e+01,2.424197276405886670e-01,2.033207154588632590e-02,3.893277556036170428e-02,2.746265490657957484e-02,1.006443987811174445e-02
6.100000000000000000e+01,2.425531243596781295e-01,2.049078900877052828e-02,3.809219109220871036e-02,2.749734139886183398e-02,8.324758147742280026e-03
6.200000000000000000e+01,2.426806603422532183e-01,2.064614564365461688e-02,3.728559237218110473e-02,2.752506106230350261e-02,6.652719226000676153e-03
6.300000000000000000e+01,2.428024936130800671e-01,2.079826889206323401e-02,3.650957961806809704e-02,2.754609986483845183e-02,5.049312608387678154e-03
6.400000000000000000e+01,2.429191211782140147e-01,2.094726152382091547e-02,3.575823162184317561e-02,2.756073635540316757e-02,3.512757735532046760e-03
6.500000000000000000e+01,2.430307647071113519e-01,2.109311469548582826e-02,3.500476119957907084e-02,2.756936249590623278e-02,2.070273720736060322e-03
6.600000000000000000e+01,2.431382285294443890e-01,2.123595753258913227e-02,3.428228090479328027e-02,2.757213736142733948e-02,6.659677250658855348e-04
6.700000000000000000e+01,2.432400563646704705e-01,2.137590028415009905e-02,3.358626037463210284e-02,2.756934889542645220e-02,-6.692318402127913268e-04
6.800000000000000000e+01,2.433370564754893106e-01,2.151306601599348861e-02,3.291977564241330839e-02,2.756122054056810156e-02,-1.950805166004113134e-03
6.900000000000000000e+01,2.434292348347810442e-01,2.164755953092542887e-02,3.227844358366589728e-02,2.754799309399635909e-02,-3.174587177218270856e-03
7.000000000000000000e+01,2.435170076823063023e-01,2.177949304168493028e-02,3.166404258228063678e-02,2.752986694416617933e-02,-4.350275959242871568e-03
7.100000000000000000e+01,2.436002886130484435e-01,2.190896754974561156e-02,3.107388193456365674e-02,2.750706513422704683e-02,-5.472434385392180821e-03
7.200000000000000000e+01,2.436796862547485065e-01,2.203608588657726686e-02,3.050840083959715371e-02,2.747976593747938207e-02,-6.551807219439657187e-03
7.300000000000000000e+01,2.437552601120711315e-01,2.216093464648333927e-02,2.996370237745769882e-02,2.744816236942114462e-02,-7.584856333977001500e-03
7.400000000000000000e+01,2.438272242025457670e-01,2.228360965020384499e-02,2.944200089292095535e-02,2.741241997980357545e-02,-8.578173508216199727e-03
7.500000000000000000e+01,2.438956287156359704e-01,2.240419714526224737e-02,2.894099881401659968e-02,2.737270722545108795e-02,-9.531061044596932444e-03
7.600000000000000000e+01,2.439609323948048192e-01,2.252277475247377661e-02,2.845862573076673660e-02,2.732917674715005379e-02,-1.044731479224788803e-02
7.700000000000000000e+01,2.440229446454137974e-01,2.263941829543929252e-02,2.799445031172392850e-02,2.728198761760975213e-02,-1.132539108967200309e-02
7.800000000000000000e+01,2.440819435995544018e-01,2.275420794205962327e-02,2.754951518887909651e-02,2.723127426185237288e-02,-1.217120538177142788e-02
7.900000000000000000e+01,2.441381335608162617e-01,2.286721583735390820e-02,2.712189487062864612e-02,2.717717272699472081e-02,-1.298436836583610754e-02
8.000000000000000000e+01,2.441912785892245974e-01,2.297851288610535878e-02,2.671129170034850300e-02,2.711982251707390282e-02,-1.376405038099630038e-02
8.100000000000000000e+01,2.442421988322799886e-01,2.308815691379302246e-02,2.631456664503916201e-02,2.705934562147624053e-02,-1.451445494343889253e-02
8.200000000000000000e+01,2.442900313182158334e-01,2.319622386434349801e-02,2.593606813211443360e-02,2.699584622796107752e-02,-1.523985444363872011e-02
8.300000000000000000e+01,2.443358842650077134e-01,2.330277006284722785e-02,2.557108764089509323e-02,2.692948217919551371e-02,-1.592737170373521166e-02
8.400000000000000000e+01,2.443786192626976606e-01,2.340785829659748976e-02,2.522117610006293156e-02,2.686030179005749474e-02,-1.660329339312455535e-02
8.500000000000000000e+01,2.444201369216349173e-01,2.351153880869860657e-02,2.488332290426775381e-02,2.678852811132804990e-02,-1.722568289506712022e-02
8.600000000000000000e+01,2.444580511068288886e-01,2.361387526419387803e-02,2.456074931886520832e-02,2.671403072629548528e-02,-1.787937240781548379e-02
8.700000000000000000e+01,2.444959548548039929e-01,2.371489998510830158e-02,2.424593301946173507e-02,2.663738748058710679e-02,-1.839437897001042557e-02
8.800000000000000000e+01,2.445282317387461046e-01,2.381471600015334922e-02,2.395584361081153774e-02,2.655768604448037820e-02,-1.912834466561452729e-02
8.900000000000000000e+01,2.445613479181294736e-01,2.391324924295279084e-02,2.364797827186561688e-02,2.647763962076786839e-02,-1.921114169100267277e-02
9.000000000000000000e+01,2.445879570522190849e-01,2.401087572700542211e-02,2.343035617263162368e-02,2.639146267254626615e-02,-2.068246757318482551e-02
9.100000000000000000e+01,2.446322199245297979e-01,2.410732346110532748e-02,2.314745618397763202e-02,2.631380759684622678e-02,-1.863721816800921124e-02
9.200000000000000000e+01,2.446423462771809831e-01,2.420365328098953231e-02,2.311915677220914220e-02,2.621970675462312675e-02,-2.258420213354386114e-02
9.300000000000000000e+01,2.447833106378836665e-01,2.429747540303985043e-02,2.251730929207625131e-02,2.613726430271887460e-02,-1.978618845702038997e-02
9.400000000000000000e+01,2.446916136690021060e-01,2.439163847891014092e-02,2.259913820887001976e-02,2.604292649370948745e-02,-2.264107416225258698e-02
9.500000000000000000e+01,2.447204389527712076e-01,2.448359100968897778e-02,2.206860738692103738e-02,2.595024137500231282e-02,-2.224442848972192979e-02
9.600000000000000000e+01,2.447382737373147432e-01,2.457502399832266551e-02,2.194391727208533718e-02,2.585590167367129641e-02,-2.264152831944375374e-02
9.700000000000000000e+01,2.447743911975398812e-01,2.466562262506869635e-02,2.174367041904743530e-02,2.575636968707403426e-02,-2.388767678334263733e-02
9.800000000000000000e+01,2.447900754701864690e-01,2.475534776208696344e-02,2.153403288438382468e-02,2.566447933030463480e-02,-2.205368562465603172e-02
9.900000000000000000e+01,2.448171169726926222e-01,2.484504549759770572e-02,2.152745652257846004e-02,2.555919153643299718e-02,-2.526907052919277752e-02
1.000000000000000000e+02,2.448544356215048845e-01,2.493284214756271919e-02,2.107119599160341486e-02,2.546408017339027788e-02,-2.282672713025236944e-02
1.010000000000000000e+02,2.448215418025884438e-01,2.502095933943348713e-02,2.114812604898459389e-02,2.535985938337502466e-02,-2.501298960366069024e-02
1.020000000000000000e+02,2.448568158789230509e-01,2.510738665219296867e-02,2.074255506227517740e-02,2.525370426576866584e-02,-2.547722822552590111e-02
1.030000000000000000e+02,2.448526724530997178e-01,2.519344093718368927e-02,2.065302839777306484e-02,2.515354827114731767e-02,-2.403743870912374708e-02
1.040000000000000000e+02,2.448902971317424571e-01,2.527937505195678586e-02,2.062418754554318917e-02,2.504220717224886830e-02,-2.672186373562756775e-02
1.050000000000000000e+02,2.448745692706756349e-01,2.536381679861572994e-02,2.026601919814644687e-02,2.494006288563258705e-02,-2.451462878790741998e-02
1.060000000000000000e+02,2.448986954461618848e-01,2.544853473468388153e-02,2.033230465635603099e-02,2.482780468120051459e-02,-2.694196906369743585e-02
1.070000000000000000e+02,2.448318629022126769e-01,2.553199935069602050e-02,2.003150784291299683e-02,2.472410531989928731e-02,-2.488784671229421486e-02
1.080000000000000000e+02,2.449580907525157059e-01,2.561565995274043758e-02,2.007854449065994695e-02,2.460508593402901956e-02,-2.856465260886440621e-02
1.090000000000000000e+02,2.449855249818249370e-01,2.569727962156999335e-02,1.958872051909371637e-02,2.449618130049328879e-02,-2.613711204857532139e-02
1.100000000000000000e+02,2.449452032166431481e-01,2.577983605935666236e-02,1.981354506880093208e-02,2.438435687997612261e-02,-2.683786092412010493e-02
1.110000000000000000e+02,2.448689695030600022e-01,2.586177750682937954e-02,1.966594739345244730e-02,2.427450096427605231e-02,-2.636541976801717868e-02
1.120000000000000000e+02,2.449776915574888581e-01,2.594311916439418289e-02,1.952199781555272184e-02,2.415256453039868467e-02,-2.926474413056846108e-02
1.130000000000000000e+02,2.449755368901135044e-01,2.602288558406747054e-02,1.914394072158928997e-02,2.403936174520908062e-02,-2.716866844550532359e-02
1.140000000000000000e+02,2.449474928277259322e-01,2.610347656888702128e-02,1.934183635669177448e-02,2.392361558160508925e-02,-2.777907926495776572e-02
1.150000000000000000e+02,2.448907622272798457e-01,2.618352387179502874e-02,1.921135269792152364e-02,2.380946715934124588e-02,-2.739562134332267432e-02
1.160000000000000000e+02,2.449794104727796573e-01,2.626299100678236922e-02,1.907211239696148322e-02,2.368525011447738388e-02,-2.981209076732671201e-02
1.170000000000000000e+02,2.449428655586781967e-01,2.634123693887957182e-02,1.877902370332871357e-02,2.356903888565455019e-02,-2.789069491748000923e-02
1.180000000000000000e+02,2.449215276683038289e-01,2.642025408161240499e-02,1.896411425587968963e-02,2.345046339573352359e-02,-2.845811758104674349e-02
1.190000000000000000e+02,2.448765959387330104e-01,2.649878653271019527e-02,1.884778826346983696e-02,2.333325633121069095e-02,-2.812969548547976373e-02
1.200000000000000000e+02,2.450003068338452716e-01,2.657672853893559145e-02,1.870608149409511145e-02,2.320441074723568128e-02,-3.092294015400212301e-02
1.210000000000000000e+02,2.449648251162647727e-01,2.665323793938459071e-02,1.836225610776008599e-02,2.308383909655484581e-02,-2.893719616340036799e-02
1.220000000000000000e+02,2.449580907275906161e-01,2.673059081382931843e-02,1.856468986673433241e-02,2.296052733814988450e-02,-2.959482201719044331e-02
1.230000000000000000e+02,2.449251208672758584e-01,2.680745246312244909e-02,1.844679583035166437e-02,2.283851235746356401e-02,-2.928359536471653729e-02
1.240000000000000000e+02,2.449022921220570803e-01,2.688427623376631048e-02,1.843770495452645708e-02,2.271612812601649101e-02,-2.937221554729720074e-02
1.250000000000000000e+02,2.448758540882696455e-01,2.696086909927189468e-02,1.838228772134060246e-02,2.259401026628313214e-02,-2.930828633600583363e-02
1.260000000000000000e+02,2.449618393366830849e-01,2.703680731763274253e-02,1.822517240660340501e-02,2.246351365501356515e-02,-3.131918670469589772e-02
1.270000000000000000e+02,2.449039966434868598e-01,2.711184340314736624e-02,1.800866052350999155e-02,2.233988394513526654e-02,-2.967113037079163393e-02
1.280000000000000000e+02,2.448969705582319523e-01,2.718759970257199343e-02,1.818151186191054036e-02,2.221397804964264297e-02,-3.021741491822982004e-02
1.290000000000000000e+02,2.448720260136276472e-01,2.726294407945370826e-02,1.808265045161189591e-02,2.208903130965319747e-02,-2.998721759746707238e-02
1.300000000000000000e+02,2.448555074752372940e-01,2.733825045234154413e-02,1.807352949308075468e-02,2.196368037521432420e-02,-3.008422426532985153e-02
1.310000000000000000e+02,2.449187461160649837e-01,2.741284830227258204e-02,1.790348398344904571e-02,2.183214647364005445e-02,-3.156813637782479587e-02
1.320000000000000000e+02,2.448619588109241796e-01,2.748689815960857555e-02,1.777196576063832384e-02,2.170592370020548584e-02,-3.029346562429681769e-02
1.330000000000000000e+02,2.448544641620008511e-01,2.756149817084065437e-02,1.790400269569908387e-02,2.157788438519620336e-02,-3.072943560222761786e-02
1.340000000000000000e+02,2.448348715713576651e-01,2.763576525612966225e-02,1.782410046936191636e-02,2.145048952388198954e-02,-3.057476671541138613e-02
1.350000000000000000e+02,2.448217873799245214e-01,2.770997603985644181e-02,1.781058809442675334e-02,2.132268763675834386e-02,-3.067245290967460583e-02
1.360000000000000000e+02,2.448886450508566126e-01,2.778350385349953600e-02,1.764667527434219882e-02,2.118860474730404828e-02,-3.217989346903062098e-02
1.370000000000000000e+02,2.448283328490967192e-01,2.785649485563252564e-02,1.751784051191743186e-02,2.105974025329626978e-02,-3.092747856186697092e-02
1.380000000000000000e+02,2.448235844706099784e-01,2.793005134523201052e-02,1.765355750387639922e-02,2.092896465662438116e-02,-3.138614320125364399e-02
1.390000000000000000e+02,2.448069589397481594e-01,2.800328860556297594e-02,1.757694247943153085e-02,2.079873902524343593e-02,-3.125415153142722946e-02
1.400000000000000000e+02,2.447966484081951222e-01,2.807648175883234801e-02,1.756635678464966294e-02,2.066799903914899594e-02,-3.137759666266525665e-02
1.410000000000000000e+02,2.447839607208489587e-01,2.814950352847880866e-02,1.752522471515038233e-02,2.053715387032617468e-02,-3.140284051747698618e-02
1.420000000000000000e+02,2.447726757141694964e-01,2.822240600105919636e-02,1.749659341929319517e-02,2.040602107785821281e-02,-3.147187019231113825e-02
1.430000000000000000e+02,2.447608796735099568e-01,2.829515273168326309e-02,1.745921534977572936e-02,2.027470864542568058e-02,-3.151498378380789001e-02
1.440000000000000000e+02,2.447492291628513283e-01,2.836774069292110137e-02,1.742111069708119492e-02,2.014321742914401345e-02,-3.155789190760034668e-02
1.450000000000000000e+02,2.447378660879619139e-01,2.844017309956835271e-02,1.738377759534044664e-02,2.001152962620375217e-02,-3.160507270566269289e-02
1.460000000000000000e+02,2.447268075366756668e-01,2.851244088571523727e-02,1.734426867525247842e-02,1.987963988589289827e-02,-3.165353767460497847e-02
1.470000000000000000e+02,2.447521665207594566e-01,2.858405035408832090e-02,1.718627240954046995e-02,1.974503247016163102e-02,-3.230577977550387614e-02
1.480000000000000000e+02,2.447166722139999251e-01,2.865563025148015752e-02,1.717917537404083095e-02,1.961228361514631008e-02,-3.185972520367669203e-02
1.490000000000000000e+02,2.447068011576989388e-01,2.872734720848543408e-02,1.721206968126611989e-02,1.947871042573878775e-02,-3.205756545780513028e-02
1.500000000000000000e+02,2.446950201268066893e-01,2.879885923543481357e-02,1.716288646785087829e-02,1.934514956191678986e-02,-3.205460731727951401e-02
1.510000000000000000e+02,2.446851039758760060e-01,2.887025732394066929e-02,1.713554124140569818e-02,1.921119716890073645e-02,-3.214857432385308245e-02
1.520000000000000000e+02,2.446742392884900807e-01,2.894149247357519911e-02,1.709643591228692666e-02,1.907700402782329732e-02,-3.220635385858530014e-02
1.530000000000000000e+02,2.446638507473858914e-01,2.901259200530351134e-02,1.706388761479495433e-02,1.894248192266715161e-02,-3.228530523747469294e-02
1.540000000000000000e+02,2.446533331040539883e-01,2.908353878382682889e-02,1.702722684559589833e-02,1.880765273728642051e-02,-3.235900449137520812e-02
1.550000000000000000e+02,2.446427617179754987e-01,2.915434719284162868e-02,1.699401816355158856e-02,1.867248856318166547e-02,-3.243940178514116701e-02
1.560000000000000000e+02,2.446321482006203751e-01,2.922501226201577526e-02,1.695961660179479483e-02,1.853698103961904167e-02,-3.252180565502972576e-02
1.570000000000000000e+02,2.446213498615033288e-01,2.929554144965627535e-02,1.692700503372036522e-02,1.840111700439805986e-02,-3.260736845303574549e-02
1.580000000000000000e+02,2.446104833687468283e-01,2.936592950108900604e-02,1.689313234385570947e-02,1.826488310017655367e-02,-3.269613701316116672e-02
1.590000000000000000e+02,2.445993545106431299e-01,2.943617765233803515e-02,1.685955629976700065e-02,1.812827339751104869e-02,-3.278632863972091860e-02
1.600000000000000000e+02,2.445879677649626105e-01,2.950629894136047246e-02,1.682910936538505042e-02,1.799126480551720489e-02,-3.288206207852268498e-02
1.610000000000000000e+02,2.445763679288500136e-01,2.957628717716336703e-02,1.679717659269470281e-02,1.785384702983791594e-02,-3.298026616302938974e-02
1.620000000000000000e+02,2.445644234889008117e-01,2.964614274215712428e-02,1.676533559850209090e-02,1.771601058391168021e-02,-3.308074702229697045e-02
1.630000000000000000e+02,2.445521380249170984e-01,2.971587192742387515e-02,1.673500446401999728e-02,1.757773454870582147e-02,-3.318624844940606250e-02
1.640000000000000000e+02,2.445394610389568513e-01,2.978547441109703417e-02,1.670459608155851206e-02,1.743900527988266960e-02,-3.329502451755639997e-02
1.650000000000000000e+02,2.445263826901849513e-01,2.985494389987754585e-02,1.667267730732253234e-02,1.729980907993925593e-02,-3.340708798641951749e-02
1.660000000000000000e+02,2.445127741892865747e-01,2.992429262207793941e-02,1.664369332809435831e-02,1.716012202755577351e-02,-3.352489257203558615e-02
1.670000000000000000e+02,2.444984840184497021e-01,2.999351966471270128e-02,1.661449023234274833e-02,1.701994649137929597e-02,-3.364212868235468001e-02
1.680000000000000000e+02,2.444836953323183959e-01,3.006262414364735402e-02,1.658507494431671336e-02,1.687925275793825119e-02,-3.376649602585091864e-02
1.690000000000000000e+02,2.444682319444766994e-01,3.013161121703418141e-02,1.655689761283840253e-02,1.673801980711191184e-02,-3.389590819832118129e-02
1.700000000000000000e+02,2.444547961064570951e-01,3.020035919110424308e-02,1.649951377681503975e-02,1.659588698552653951e-02,-3.411187718048967754e-02
1.710000000000000000e+02,2.444397931785992906e-01,3.026882426665739728e-02,1.643161813275666183e-02,1.645286861624107796e-02,-3.432440862851096619e-02
1.720000000000000000e+02,2.444231149904709799e-01,3.033702063672871069e-02,1.636712881711516188e-02,1.630890498518299328e-02,-3.455127145394038674e-02
1.730000000000000000e+02,2.444043842280325673e-01,3.040494315374921500e-02,1.630140408492138093e-02,1.616397677359200646e-02,-3.478277078183678733e-02
1.740000000000000000e+02,2.443834656430564634e-01,3.047259905043199837e-02,1.623741520386804207e-02,1.601803495030089397e-02,-3.502603758986732457e-02
1.750000000000000000e+02,2.443599885657496418e-01,3.053998287055119040e-02,1.617211682860644761e-02,1.587105773130269987e-02,-3.527453255956655709e-02
1.760000000000000000e+02,2.443337498844730116e-01,3.060709559346442774e-02,1.610705349917716800e-02,1.572299933552507439e-02,-3.553401498663021768e-02
1.770000000000000000e+02,2.443041097407124829e-01,3.067389032026387324e-02,1.603073443186709204e-02,1.557388690429070688e-02,-3.578698349624833547e-02
1.780000000000000000e+02,2.442709948447266133e-01,3.074036044795812328e-02,1.595283064662040770e-02,1.542363840405158032e-02,-3.605964005739025618e-02
1.790000000000000000e+02,2.442338526667799659e-01,3.080651198738195568e-02,1.587636946171947297e-02,1.527223464975717773e-02,-3.633690103065676663e-02
1.800000000000000000e+02,2.441947174620349992e-01,3.087246986219722295e-02,1.582988995566409277e-02,1.512364216817681413e-02,-3.566219557928713979e-02
1.810000000000000000e+02,2.442063427179694546e-01,3.093862815290547574e-02,1.587798976998055014e-02,1.497178565755488688e-02,-3.644556254926242800e-02
1.820000000000000000e+02,2.441587190787730122e-01,3.100433436928108633e-02,1.576949193014658482e-02,1.482343978171823430e-02,-3.560301020079642553e-02
1.830000000000000000e+02,2.441705322069955275e-01,3.107032346360646263e-02,1.583738263809053928e-02,1.467150664109416122e-02,-3.646395374977760839e-02
1.840000000000000000e+02,2.441228180166447326e-01,3.113582345665431850e-02,1.571999833148537973e-02,1.452322578823780561e-02,-3.558740468552534092e-02
1.850000000000000000e+02,2.441347411156530034e-01,3.120162116650522510e-02,1.579145036421780723e-02,1.437130249659218477e-02,-3.646158999494897301e-02
1.860000000000000000e+02,2.440869879909360052e-01,3.126693090759014027e-02,1.567433786037925741e-02,1.422307939017414778e-02,-3.557354554032899491e-02
1.870000000000000000e+02,2.440989314595224946e-01,3.133253964774693895e-02,1.574609763763161474e-02,1.407119538089459526e-02,-3.645216222709250775e-02
1.880000000000000000e+02,2.440511729296601651e-01,3.139766142860254267e-02,1.562922740534490942e-02,1.392303913316647254e-02,-3.555749945474927926e-02
1.890000000000000000e+02,2.440631916109120558e-01,3.146309506623087143e-02,1.570407303079953201e-02,1.377119621262493966e-02,-3.644230092996775944e-02
1.900000000000000000e+02,2.440154135548469883e-01,3.152803549581763981e-02,1.558570310082408109e-02,1.362310873810153831e-02,-3.554099388561642037e-02
1.910000000000000000e+02,2.440274284734663679e-01,3.159329393472787295e-02,1.566202533845531195e-02,1.347133235209966619e-02,-3.642633264044917163e-02
1.920000000000000000e+02,2.439797237364291493e-01,3.165806492635602626e-02,1.554503799075615360e-02,1.332333073843258893e-02,-3.552038728009852819e-02
1.930000000000000000e+02,2.439917251103920215e-01,3.172315880891427714e-02,1.562253181398090031e-02,1.317162417802559410e-02,-3.640957449767864840e-02
1.940000000000000000e+02,2.439440290092566299e-01,3.178775805770554796e-02,1.550381970990452607e-02,1.302372313835152388e-02,-3.549624952177674042e-02
1.950000000000000000e+02,2.439560021042176674e-01,3.185268525515044108e-02,1.558252738677428154e-02,1.287209928066411838e-02,-3.638972584497721097e-02
1.960000000000000000e+02,2.439084374305779124e-01,3.191712878065618847e-02,1.546644612137868836e-02,1.272431079739499114e-02,-3.546923598459044563e-02
1.970000000000000000e+02,2.439203758827952762e-01,3.198190371465912257e-02,1.554598416070453529e-02,1.257278192793101837e-02,-3.636692867135341012e-02
1.980000000000000000e+02,2.438728086803592932e-01,3.204618061967505482e-02,1.542645720382327876e-02,1.242510335581637620e-02,-3.544285730751428609e-02
1.990000000000000000e+02,2.438847423478765764e-01,3.211079939852925363e-02,1.550850692500808925e-02,1.227366628530817891e-02,-3.634489692196743449e-02
2.000000000000000000e+02,2.438373091777408519e-01,3.217493007929727450e-02,1.539136338432552618e-02,1.212611358194782239e-02,-3.541264880648566094e-02
2.010000000000000000e+02,2.438491123256589510e-01,3.223939316865543497e-02,1.547114144595817566e-02,1.197478923011899288e-02,-3.631784443891888925e-02
2.020000000000000000e+02,2.438017941349942264e-01,3.230337207119549775e-02,1.535493660961540809e-02,1.182736849401749661e-02,-3.538097666435930516e-02
2.030000000000000000e+02,2.438135883373341861e-01,3.236769239920381930e-02,1.543687872199797466e-02,1.167616422821855446e-02,-3.628902379174615139e-02
2.040000000000000000e+02,2.437663383098268577e-01,3.243152515986418016e-02,1.531986255848707956e-02,1.152888028664272174e-02,-3.534814597819985887e-02
2.050000000000000000e+02,2.437780804095442400e-01,3.249570182570440252e-02,1.540239980165260258e-02,1.137780057351580644e-02,-3.625913115045947821e-02
2.060000000000000000e+02,2.437308967841701479e-01,3.255938763525538515e-02,1.528459429223646797e-02,1.123066317342906115e-02,-3.531297602081903686e-02
2.070000000000000000e+02,2.437426296911387458e-01,3.262342588406450666e-02,1.536917971418943693e-02,1.107971153248204707e-02,-3.622839382728351709e-02
2.080000000000000000e+02,2.436955160045681523e-01,3.268696944829147660e-02,1.525045541447301450e-02,1.093271715761956302e-02,-3.527864996699601324e-02
2.090000000000000000e+02,2.437071906245843744e-01,3.275086757049874842e-02,1.533554932974554377e-02,1.078190905824939240e-02,-3.619394384884078164e-02
2.100000000000000000e+02,2.436601777911933664e-01,3.281427329689125955e-02,1.521737433420229484e-02,1.063507089583882147e-02,-3.524115897853712098e-02
2.110000000000000000e+02,2.436718046172542951e-01,3.287803526466209769e-02,1.530287226500130771e-02,1.048440673017910288e-02,-3.615939975833254438e-02
2.120000000000000000e+02,2.436248884993852393e-01,3.294130671887085526e-02,1.518514901010190390e-02,1.033773061029458207e-02,-3.520226877228481432e-02
2.130000000000000000e+02,2.436365095631886080e-01,3.300494174229239713e-02,1.527240562116951618e-02,1.018721713265500865e-02,-3.612323463349745301e-02
2.140000000000000000e+02,2.435896482976590838e-01,3.306808121095543285e-02,1.515347247912788090e-02,1.004070165354502102e-02,-3.516371498639708076e-02
2.150000000000000000e+02,2.436011788906564390e-01,3.313157939917928813e-02,1.523956517372559473e-02,9.890342796842560569e-03,-3.608612560859033452e-02
2.160000000000000000e+02,2.435544471612016981e-01,3.319458992644330059e-02,1.512252654336229685e-02,9.743998194224123138e-03,-3.512270462842482371e-02
2.170000000000000000e+02,2.435659772360997954e-01,3.325796599636357542e-02,1.521025678086527534e-02,9.593799135709383044e-03,-3.604777404353758791e-02
2.180000000000000000e+02,2.435192890288455092e-01,3.332084885276114655e-02,1.509188553541660448e-02,9.447628171086960153e-03,-3.508103150938139680e-02
2.190000000000000000e+02,2.435307774285544735e-01,3.338409797720058581e-02,1.517978986546615790e-02,9.297591200593894809e-03,-3.600887291833580056e-02
2.200000000000000000e+02,2.434841720674279786e-01,3.344685478470895562e-02,1.506163380200861018e-02,9.151596085893420537e-03,-3.503882752811367240e-02
2.210000000000000000e+02,2.434956191400731718e-01,3.350997844324522107e-02,1.514967804870348371e-02,9.001729849177639645e-03,-3.596789681178723386e-02
2.220000000000000000e+02,2.434490619856733984e-01,3.357260455249236331e-02,1.503026621931449237e-02,8.855911702832119925e-03,-3.499635512292481598e-02
2.230000000000000000e+02,2.434605094878031784e-01,3.363560453287398749e-02,1.511999529158967667e-02,8.706217620820249845e-03,-3.592657968284884706e-02
2.240000000000000000e+02,2.434140274212769905e-01,3.369810750467790161e-02,1.500071323294013305e-02,8.560583302281885368e-03,-3.495223644920737727e-02
2.250000000000000000e+02,2.434254389669760488e-01,3.376098466470398018e-02,1.509051840625968109e-02,8.411068090451542800e-03,-3.588365083928216070e-02
2.260000000000000000e+02,2.433790697229896438e-01,3.382337121654513390e-02,1.497277244187691751e-02,8.265617125441342486e-03,-3.490823160244806156e-02
2.270000000000000000e+02,2.433904493119865287e-01,3.388613162473962104e-02,1.506249796667618983e-02,8.116281171884216425e-03,-3.584062885371012280e-02
2.280000000000000000e+02,2.433441436180681650e-01,3.394840123413370159e-02,1.494470625457864840e-02,7.971019045861279378e-03,-3.486291024550478013e-02
2.290000000000000000e+02,2.433543726975163080e-01,3.401087633503752788e-02,1.499402421691894624e-02,7.821571812522330053e-03,-3.586733600134789368e-02
2.300000000000000000e+02,2.433076492340759123e-01,3.407262202698640302e-02,1.481896606772979165e-02,7.675529248582848262e-03,-3.505021534547565765e-02
2.310000000000000000e+02,2.433154896280159685e-01,3.413439867382016268e-02,1.482639524010279965e-02,7.524144562040302291e-03,-3.633232477021109547e-02
2.320000000000000000e+02,2.432703398753862933e-01,3.419535530196062684e-02,1.462959075371157887e-02,7.376234814203167303e-03,-3.549833948091241087e-02
2.330000000000000000e+02,2.432711156870392133e-01,3.425650020823030328e-02,1.467477750472153016e-02,7.225756201600604112e-03,-3.611486702461506881e-02
2.340000000000000000e+02,2.432412029342909399e-01,3.431703638625601543e-02,1.452868272617122494e-02,7.075236597099197715e-03,-3.612470508033746586e-02
2.350000000000000000e+02,2.432375382663168328e-01,3.437722344752966452e-02,1.444489470567548312e-02,6.920751607429757694e-03,-3.707639752066554939e-02
2.360000000000000000e+02,2.431961811887224656e-01,3.443672615412990412e-02,1.428064958405785012e-02,6.769052225327367237e-03,-3.640785170457364744e-02
2.370000000000000000e+02,2.431947127238120454e-01,3.449630838000515565e-02,1.429973421005965341e-02,6.615315948638052744e-03,-3.689670640543538799e-02
2.380000000000000000e+02,2.431742922925148598e-01,3.455546783405027272e-02,1.419826897082841939e-02,6.461250562923060575e-03,-3.697569257159801642e-02
2.390000000000000000e+02,2.431496034634554326e-01,3.461429004334633935e-02,1.411733023105534758e-02,6.306160323058791414e-03,-3.722165756742464027e-02
2.400000000000000000e+02,2.431359312483781510e-01,3.467276155598368603e-02,1.403316303296251941e-02,6.150416549218013645e-03,-3.737850572178662290e-02
2.410000000000000000e+02,2.431153895432845158e-01,3.473091786947028053e-02,1.395751523678325987e-02,5.993813443180811239e-03,-3.758474544892855679e-02
2.420000000000000000e+02,2.430966197971101139e-01,3.478874756228603204e-02,1.387912627578053934e-02,5.836904665459754539e-03,-3.765810665305355937e-02
2.430000000000000000e+02,2.430773302578230488e-01,3.484634327689563327e-02,1.382297150630363430e-02,5.680092865788410016e-03,-3.763483192112276193e-02
2.440000000000000000e+02,2.430583502735499390e-01,3.490376365773997097e-02,1.378089140264026832e-02,5.523293106691830150e-03,-3.763194218317914702e-02
2.450000000000000000e+02,2.430394179452495529e-01,3.496100863162524691e-02,1.373879373246704970e-02,5.366559691832137498e-03,-3.761601956632625032e-02
2.460000000000000000e+02,2.430204591243339540e-01,3.501807777257561621e-02,1.369659382808856816e-02,5.209879272909405737e-03,-3.760330054145558099e-02
2.470000000000000000e+02,2.430015478006170848e-01,3.507497684427072354e-02,1.365577720682646830e-02,5.053265126714398016e-03,-3.758739508680179753e-02
2.480000000000000000e+02,2.429826581697646648e-01,3.513171096696461604e-02,1.361618944653472316e-02,4.896722719122724964e-03,-3.757017782200144929e-02
2.490000000000000000e+02,2.429637685744230613e-01,3.518827875857757220e-02,1.357626998710936665e-02,4.740250816295520433e-03,-3.755325667852912885e-02
2.500000000000000000e+02,2.429448683939349762e-01,3.524467901953533960e-02,1.353606262986377026e-02,4.583866542045023258e-03,-3.753222582011930125e-02
2.510000000000000000e+02,2.429260422441487655e-01,3.530092257436514419e-02,1.349845315915318422e-02,4.427561332951525722e-03,-3.751325018243936715e-02
2.520000000000000000e+02,2.429071704397176013e-01,3.535700125491123696e-02,1.345888333106294403e-02,4.271345154887355722e-03,-3.749188273540071670e-02
2.530000000000000000e+02,2.428883327455444996e-01,3.541291966282975046e-02,1.342041790044384841e-02,4.115221270846596523e-03,-3.746973216978212451e-02
2.540000000000000000e+02,2.428695192011306181e-01,3.546868194028533067e-02,1.338294658933964626e-02,3.959198620463824127e-03,-3.744543609186543748e-02
2.550000000000000000e+02,2.428507328895484485e-01,3.552429179785177721e-02,1.334636581594712303e-02,3.803279135817549603e-03,-3.742067631510585801e-02
2.560000000000000000e+02,2.428319410908373610e-01,3.557974660086974522e-02,1.330915272431308985e-02,3.647464436421388179e-03,-3.739552785507870014e-02
2.570000000000000000e+02,2.428131708861621940e-01,3.563504996954323933e-02,1.327280848163813788e-02,3.491768180012854144e-03,-3.736710153804821688e-02
2.580000000000000000e+02,2.427944662703746814e-01,3.569021110408378272e-02,1.323867228973013392e-02,3.336184626782362841e-03,-3.734005277531787098e-02
2.590000000000000000e+02,2.427757136275036920e-01,3.574522038158766540e-02,1.320222660093244883e-02,3.180720329678120468e-03,-3.731143130501814870e-02
2.600000000000000000e+02,2.427570287302300289e-01,3.580008705191111557e-02,1.316800087762847599e-02,3.025375500549062555e-03,-3.728275899097386464e-02
2.610000000000000000e+02,2.427382882164092204e-01,3.585480153497979522e-02,1.313147593648364246e-02,2.870162029922681841e-03,-3.725123295033135745e-02
2.620000000000000000e+02,2.427196212714451962e-01,3.590937310371464936e-02,1.309717649636549242e-02,2.715072870457001849e-03,-3.722139827176323967e-02
2.630000000000000000e+02,2.427009722668234948e-01,3.596380414712730539e-02,1.306345041903813307e-02,2.560119602593547566e-03,-3.718878428722907636e-02
2.640000000000000000e+02,2.426823475349301762e-01,3.601809680190325852e-02,1.303023714622812169e-02,2.405300598937634270e-03,-3.715656087741915636e-02
2.650000000000000000e+02,2.426628097190020594e-01,3.607209187225871722e-02,1.295881688531017387e-02,2.250624428783231691e-03,-3.712228083705666759e-02
2.660000000000000000e+02,2.426661774489532741e-01,3.612897294567887774e-02,1.365145762083859633e-02,2.091417238442153537e-03,-3.820972568185877771e-02
2.670000000000000000e+02,2.426739583777880460e-01,3.618948064221155086e-02,1.452184716784151591e-02,1.928327269602286755e-03,-3.914159252156800689e-02
2.680000000000000000e+02,2.426831874405488421e-01,3.625393413056531705e-02,1.546883720490426113e-02,1.761027761315066623e-03,-4.015188198893283184e-02
2.690000000000000000e+02,2.426922575915591851e-01,3.632244323371840167e-02,1.644218475674030441e-02,1.589308268040668867e-03,-4.121267838585546128e-02
2.700000000000000000e+02,2.427022174305343838e-01,3.639514341330865599e-02,1.744804310166105446e-02,1.412858788681184289e-03,-4.234787504627628152e-02
2.710000000000000000e+02,2.427128169205891028e-01,3.647215287329355626e-02,1.848227039637525757e-02,1.231394828732030287e-03,-4.355135038779697765e-02
2.720000000000000000e+02,2.427231927041358928e-01,3.655359903342678130e-02,1.954707843197391742e-02,1.044696430153766245e-03,-4.480761565878337710e-02
2.730000000000000000e+02,2.427389714561433154e-01,3.663965535364332310e-02,2.065351685196997744e-02,8.512617888287129283e-04,-4.642431391801279256e-02
2.740000000000000000e+02,2.427384070694021123e-01,3.673018225895134659e-02,2.172645727392533838e-02,6.536700712557208005e-04,-4.742201221751812107e-02
2.750000000000000000e+02,2.427812584190891243e-01,3.682579459829190410e-02,2.294696144173381455e-02,4.469676438018120373e-04,-4.960858258893810491e-02
2.760000000000000000e+02,2.427617316667919911e-01,3.692607156713555161e-02,2.406647252247573823e-02,2.374198031876414755e-04,-5.029148174740093874e-02
2.770000000000000000e+02,2.428073623758525423e-01,3.703209633028050479e-02,2.544594315478820173e-02,1.760282339382951704e-05,-5.275607515051487090e-02
2.780000000000000000e+02,2.428013402314066205e-01,3.714295156273915433e-02,2.660525579007554098e-02,-2.088190153342333482e-04,-5.434124129473508896e-02
2.790000000000000000e+02,2.428039601592336116e-01,3.725958063960087274e-02,2.799097844681254499e-02,-4.399294283737395115e-04,-5.546649912948147659e-02
2.800000000000000000e+02,2.428499693683419391e-01,3.738244546168750793e-02,2.948755730079232265e-02,-6.812864126931484493e-04,-5.792567623665815374e-02
2.810000000000000000e+02,2.428158695343853868e-01,3.750607295481724751e-02,2.967059835113806943e-02,-9.196885247333095323e-04,-5.721650688963866860e-02
2.820000000000000000e+02,2.427493385371088941e-01,3.762530775117461923e-02,2.861635112576985801e-02,-1.146180370763976927e-03,-5.435804304736019388e-02
2.830000000000000000e+02,2.426818902113501708e-01,3.774004207566662716e-02,2.753623787808193515e-02,-1.362689735675343388e-03,-5.196224757872795752e-02
2.840000000000000000e+02,2.426172103438056227e-01,3.785034060371826603e-02,2.647164673239326901e-02,-1.569490266473962895e-03,-4.963212739166868170e-02
2.850000000000000000e+02,2.425552149644419064e-01,3.795638068256872166e-02,2.544961892410999016e-02,-1.766985479243037178e-03,-4.739885106457784880e-02
2.860000000000000000e+02,2.424957212448537458e-01,3.805833978729609296e-02,2.447018513456868799e-02,-1.955533135606108558e-03,-4.525143752713714496e-02
2.870000000000000000e+02,2.424385112475928028e-01,3.815639550829955096e-02,2.353337304082960685e-02,-2.135479618227320488e-03,-4.318715582909082168e-02
2.880000000000000000e+02,2.423923718988026388e-01,3.825137092556382679e-02,2.279410014342650448e-02,-2.310571953154562635e-03,-4.202216038253816371e-02
2.890000000000000000e+02,2.423557451009590025e-01,3.834387344855556129e-02,2.220060551801658275e-02,-2.483637643695476172e-03,-4.153576572981926285e-02
2.900000000000000000e+02,2.423172597794596150e-01,3.843370714744202138e-02,2.156008773275056023e-02,-2.653479228800064652e-03,-4.076198042510121439e-02
2.910000000000000000e+02,2.422800824304481293e-01,3.852104018970302357e-02,2.095993014263976273e-02,-2.820817812290484210e-03,-4.016126003770072173e-02
2.920000000000000000e+02,2.422486880242640250e-01,3.860675784360153434e-02,2.057223693564308106e-02,-2.987003427072858642e-03,-3.988454754776982192e-02
2.930000000000000000e+02,2.422175633048709309e-01,3.869139620934770873e-02,2.031320777908124375e-02,-3.150203523611090975e-03,-3.916802316917572524e-02
2.940000000000000000e+02,2.421944063543954029e-01,3.877500080730469229e-02,2.006510350967672870e-02,-3.313814155802118164e-03,-3.926655172584651854e-02
2.950000000000000000e+02,2.421580965601418389e-01,3.885731682489568933e-02,1.975584422183914585e-02,-3.471879550325473324e-03,-3.793569468560518965e-02
2.960000000000000000e+02,2.421468700763543536e-01,3.893910787426889397e-02,1.962985184956901955e-02,-3.632424136255841228e-03,-3.853070062328833867e-02
2.970000000000000000e+02,2.421116899193697658e-01,3.901916905112157857e-02,1.921468244464499125e-02,-3.789534850052266209e-03,-3.770657131114203003e-02
2.980000000000000000e+02,2.420864023636341011e-01,3.909855275541294917e-02,1.905208902992887310e-02,-3.946734970643280514e-03,-3.772802894184346112e-02
2.990000000000000000e+02,2.420551341748989616e-01,3.917739644582417941e-02,1.892248569869509414e-02,-4.098529808524682162e-03,-3.643076109153635389e-02
3.000000000000000000e+02,2.420471873259358309e-01,3.925623392023463998e-02,1.892099385851100588e-02,-4.252526978284128581e-03,-3.695932074226709885e-02
3.010000000000000000e+02,2.420172937221704013e-01,3.933418974718819183e-02,1.870939846885305916e-02,-4.403146543611113732e-03,-3.614869567847644322e-02
3.020000000000000000e+02,2.419999845259216409e-01,3.941252007979766797e-02,1.879927982627361410e-02,-4.554162525046250888e-03,-3.624383554443289662e-02
3.030000000000000000e+02,2.419787454990925957e-01,3.949077974397156854e-02,1.878231940173690287e-02,-4.703150759026530556e-03,-3.575717615526715493e-02
3.040000000000000000e+02,2.419607463404699899e-01,3.956928101880222842e-02,1.884030595935840685e-02,-4.851482618867072882e-03,-3.559964636173022778e-02
3.050000000000000000e+02,2.419412990564346888e-01,3.964784742864594508e-02,1.885593836249263230e-02,-4.998293685989529077e-03,-3.523465610938949361e-02
3.060000000000000000e+02,2.419228167591008505e-01,3.972657562619784366e-02,1.889476741245648198e-02,-5.144049497204917359e-03,-3.498139469169321558e-02
3.070000000000000000e+02,2.419036031548482124e-01,3.980540411441931686e-02,1.891883717315376301e-02,-5.288435930421528201e-03,-3.465274397198663675e-02
3.080000000000000000e+02,2.418843517994060943e-01,3.988436073960609229e-02,1.894959004482604792e-02,-5.431584062361892278e-03,-3.435555166568744767e-02
3.090000000000000000e+02,2.418643704982348652e-01,3.996342305914271642e-02,1.897495668878963759e-02,-5.573379244231502043e-03,-3.403084364870628820e-02
3.100000000000000000e+02,2.418437701232236670e-01,4.004260062911617346e-02,1.900261679363006093e-02,-5.713845016434652632e-03,-3.371178532875609979e-02
3.110000000000000000e+02,2.418220962929658324e-01,4.012187229738217037e-02,1.902520038383945927e-02,-5.852917376825318360e-03,-3.337736649375970532e-02
3.120000000000000000e+02,2.417993417841070580e-01,4.020124886548562260e-02,1.905037634482900991e-02,-5.990591081686653940e-03,-3.304168916672047679e-02
3.130000000000000000e+02,2.417742938670616737e-01,4.028031558696398146e-02,1.897601315480530737e-02,-6.126743533041616521e-03,-3.267658832519098472e-02
3.140000000000000000e+02,2.417480050626595878e-01,4.035841089546684385e-02,1.874287404068735591e-02,-6.261433896563556312e-03,-3.232568724526550114e-02
3.150000000000000000e+02,2.417229642682678925e-01,4.043547575839651770e-02,1.849556710312091207e-02,-6.394908379906706283e-03,-3.203387600235604177e-02
3.160000000000000000e+02,2.416984557553907009e-01,4.051148107105576740e-02,1.824127503821912355e-02,-6.527108238924584326e-03,-3.172796616429063993e-02
3.170000000000000000e+02,2.416749734465778177e-01,4.058644822870089569e-02,1.799211783483083138e-02,-6.658120916891952998e-03,-3.144304271216846053e-02
3.180000000000000000e+02,2.416521476582381700e-01,4.066038463009438719e-02,1.774473633443758580e-02,-6.787939533544566813e-03,-3.115646799662722885e-02
3.190000000000000000e+02,2.416300893452746623e-01,4.073332079761827346e-02,1.750468020573300171e-02,-6.916604878410888974e-03,-3.087968276791736022e-02
3.200000000000000000e+02,2.416086976988557622e-01,4.080525434301490034e-02,1.726405089519063296e-02,-7.044137710364191743e-03,-3.060787966879259872e-02
3.210000000000000000e+02,2.415879832354468904e-01,4.087620099675368102e-02,1.702719689730801747e-02,-7.170574674816349373e-03,-3.034487146851776174e-02
3.220000000000000000e+02,2.415678012881671000e-01,4.094617494415754566e-02,1.679374737692796923e-02,-7.295929955031332272e-03,-3.008526725159593046e-02
3.230000000000000000e+02,2.415481994545238265e-01,4.101519490298091708e-02,1.656479011760845360e-02,-7.420240508175810282e-03,-2.983453275467465651e-02
3.240000000000000000e+02,2.415290398160184482e-01,4.108327177058727908e-02,1.633844822552632178e-02,-7.543521340111338479e-03,-2.958739966452681239e-02
3.250000000000000000e+02,2.415103898740265376e-01,4.115041531256049406e-02,1.611445007357162687e-02,-7.665811251060769202e-03,-2.934957862786329724e-02
3.260000000000000000e+02,2.414882843244615662e-01,4.121666568803642600e-02,1.590009011422331350e-02,-7.786382694532864926e-03,-2.893714643330296682e-02
3.270000000000000000e+02,2.414673852978658219e-01,4.128217188878666177e-02,1.572148818005703746e-02,-7.905518326289389872e-03,-2.859255162156618818e-02
3.280000000000000000e+02,2.414460103398304303e-01,4.134690129254783852e-02,1.553505690268205258e-02,-8.023067135190325994e-03,-2.821171413622475255e-02
3.290000000000000000e+02,2.414251819483069217e-01,4.141089597989024845e-02,1.535872496217861524e-02,-8.139128550267021867e-03,-2.785473961840721768e-02
3.300000000000000000e+02,2.414043471713978040e-01,4.147414618705281414e-02,1.518004971901550093e-02,-8.253665273432192126e-03,-2.748881355964090736e-02
3.310000000000000000e+02,2.413839055155395097e-01,4.153667288404458424e-02,1.500640727802510406e-02,-8.366734666165092510e-03,-2.713665425589609909e-02
3.320000000000000000e+02,2.413635352987152094e-01,4.159846515028482045e-02,1.483014389765646007e-02,-8.478316528634746718e-03,-2.677964699271688162e-02
3.330000000000000000e+02,2.413434337661003182e-01,4.165955491781103692e-02,1.466154420629238973e-02,-8.588451015253260878e-03,-2.643227678844327702e-02
3.340000000000000000e+02,2.413234686659566641e-01,4.171993513710329365e-02,1.449125263014196946e-02,-8.697133406958382912e-03,-2.608377400922942679e-02
3.350000000000000000e+02,2.413037451527652588e-01,4.177961734081406947e-02,1.432372889058674409e-02,-8.804389398180602344e-03,-2.574143789333266027e-02
3.360000000000000000e+02,2.412841826828798775e-01,4.183861192741909762e-02,1.415870078520611690e-02,-8.910229541098567407e-03,-2.540163430031159436e-02
3.370000000000000000e+02,2.412648605421917059e-01,4.189691628794525724e-02,1.399304652627796769e-02,-9.014670877552557332e-03,-2.506592074895756111e-02
3.380000000000000000e+02,2.412456537440686721e-01,4.195454600774347481e-02,1.383113275157162037e-02,-9.117721012762090502e-03,-2.473203245028795377e-02
3.390000000000000000e+02,2.412271069408616353e-01,4.201150899766221275e-02,1.367111758049731167e-02,-9.219469565612273265e-03,-2.441965268404379386e-02
3.400000000000000000e+02,2.412085745577260409e-01,4.206779454892332210e-02,1.350853230266683622e-02,-9.319888106122458174e-03,-2.410044972244452383e-02
3.410000000000000000e+02,2.411904190796456404e-01,4.212341682042743118e-02,1.334934516098548220e-02,-9.419024106206552033e-03,-2.379264002018261978e-02
3.420000000000000000e+02,2.411723338892058366e-01,4.217838264235294898e-02,1.319179726212405153e-02,-9.516870985092504287e-03,-2.348325093262849592e-02
3.430000000000000000e+02,2.411545202512253572e-01,4.223269812595780576e-02,1.303571606516519890e-02,-9.613453844237295626e-03,-2.317988619474984149e-02
3.440000000000000000e+02,2.411368436405159910e-01,4.228636879005308324e-02,1.288095938286687447e-02,-9.708776757283982609e-03,-2.287749913120482037e-02
3.450000000000000000e+02,2.411193306500675204e-01,4.233941153981087002e-02,1.273025994186854568e-02,-9.802860681748936864e-03,-2.258014187158914957e-02
3.460000000000000000e+02,2.411016017193294836e-01,4.239182367833665283e-02,1.257891324618746511e-02,-9.895713584982627001e-03,-2.228469677608546293e-02
3.470000000000000000e+02,2.410847195809338872e-01,4.244361471555078286e-02,1.242984893139050494e-02,-9.987348046198003815e-03,-2.199227069169030005e-02
3.480000000000000000e+02,2.410676389045971757e-01,4.249478722140922343e-02,1.228140140602525417e-02,-1.007778231834118715e-02,-2.170422531436401806e-02
3.490000000000000000e+02,2.410506586712211352e-01,4.254535547011757679e-02,1.213637969000545651e-02,-1.016702549441707293e-02,-2.141836225821247205e-02
3.500000000000000000e+02,2.410338101635403352e-01,4.259532634857125105e-02,1.199301082888177584e-02,-1.025508573776174465e-02,-2.113445840272105969e-02
3.510000000000000000e+02,2.410199042216421839e-01,4.264611469685304634e-02,1.218920358763092224e-02,-1.034357206676241731e-02,-2.123671896016133404e-02
3.520000000000000000e+02,2.409986133361629590e-01,4.269886597943828299e-02,1.266030782045734528e-02,-1.043268360933244723e-02,-2.138677021680727638e-02
3.530000000000000000e+02,2.409689148794293412e-01,4.275370566658724669e-02,1.316152491575156395e-02,-1.052188951494869955e-02,-2.140941734790046541e-02
3.540000000000000000e+02,2.409343542398410254e-01,4.281081813864090480e-02,1.370699329287877223e-02,-1.061137584205002100e-02,-2.147671850431697241e-02
3.550000000000000000e+02,2.408910106038113508e-01,4.287022076556437633e-02,1.425663046163336972e-02,-1.070090748691057171e-02,-2.148759476653224615e-02
3.560000000000000000e+02,2.408387206620032361e-01,4.293201873439667082e-02,1.483151251974992521e-02,-1.079053590917324751e-02,-2.151082134304236129e-02
3.570000000000000000e+02,2.407738405686303540e-01,4.299626540550928466e-02,1.541920106702683070e-02,-1.088010830614131140e-02,-2.149737527233551437e-02
3.580000000000000000e+02,2.408337880451918156e-01,4.306254357266797034e-02,1.590676011808531826e-02,-1.097994179813830198e-02,-2.396003807927781643e-02
3.590000000000000000e+02,2.407445820649261325e-01,4.312943163319100937e-02,1.605313452552955059e-02,-1.106912167749800335e-02,-2.140317104632822806e-02
3.600000000000000000e+02,2.407012494434794259e-01,4.320116108841358382e-02,1.721506925341820607e-02,-1.116448040309971253e-02,-2.288609414441003520e-02
3.610000000000000000e+02,2.407576257748375026e-01,4.327392414222636791e-02,1.746313291506899207e-02,-1.126880217002837817e-02,-2.503722406287984398e-02
3.620000000000000000e+02,2.407295334930666109e-01,4.334760082880949328e-02,1.768240477995072779e-02,-1.136346251156410310e-02,-2.271848196857416055e-02
3.630000000000000000e+02,2.406672751895998774e-01,4.342611925517196603e-02,1.884442232699401129e-02,-1.146361184667394825e-02,-2.403584042636269791e-02
3.640000000000000000e+02,2.406438646165072193e-01,4.350604775605917268e-02,1.918284021293038127e-02,-1.156955886382073258e-02,-2.542728411522824153e-02
3.650000000000000000e+02,2.405554857238413058e-01,4.358790107604271907e-02,1.964479679605162302e-02,-1.166725634470069072e-02,-2.344739541119011603e-02
3.660000000000000000e+02,2.406347101759298002e-01,4.367404925710367813e-02,2.067556345462970638e-02,-1.178274508436091307e-02,-2.771729751845336542e-02
3.670000000000000000e+02,2.405851634715059639e-01,4.375979011103260652e-02,2.057780494294207327e-02,-1.188266195407120494e-02,-2.398004873046995916e-02
3.680000000000000000e+02,2.404873719253311226e-01,4.385189600989209541e-02,2.210541572627749973e-02,-1.199146288727845518e-02,-2.611222396973990334e-02
3.690000000000000000e+02,2.405248046928707417e-01,4.394509141355693038e-02,2.236689687956116765e-02,-1.211020439183617924e-02,-2.849796109385394419e-02
3.700000000000000000e+02,2.405795581893521717e-01,4.403949202600934698e-02,2.265614698857989703e-02,-1.221854779428004252e-02,-2.600241658652736529e-02
3.710000000000000000e+02,2.404289028628356084e-01,4.413948991085863555e-02,2.399949236382845075e-02,-1.233241189371200516e-02,-2.732738386367120770e-02
3.720000000000000000e+02,2.404344436012766095e-01,4.424149442858485437e-02,2.448108425429239635e-02,-1.245778729829140861e-02,-3.009009709905702615e-02
3.730000000000000000e+02,2.404784694720859817e-01,4.434468524794318162e-02,2.476579664599795616e-02,-1.257153988430310260e-02,-2.730062064280646891e-02
3.740000000000000000e+02,2.403119472922462529e-01,4.445351532153764967e-02,2.611921766267284034e-02,-1.269387140261870814e-02,-2.935956439574533006e-02
3.750000000000000000e+02,2.403376328943289952e-01,4.456433974271949150e-02,2.659786108364212837e-02,-1.282597741458200123e-02,-3.170544287119052979e-02
3.760000000000000000e+02,2.404197110822570704e-01,4.467698178031848794e-02,2.703408902375837447e-02,-1.294727479375475977e-02,-2.911137100146210174e-02
3.770000000000000000e+02,2.402660540849045345e-01,4.479539516252797893e-02,2.841921173027741818e-02,-1.308190962525794185e-02,-3.231235956076384391e-02
3.780000000000000000e+02,2.402331541191113362e-01,4.491502877052865744e-02,2.871206592016252793e-02,-1.321803318376772035e-02,-3.266965404234688924e-02
3.790000000000000000e+02,2.402786604156912642e-01,4.503856094168511709e-02,2.964772107755113753e-02,-1.334809058806881235e-02,-3.121377703226188571e-02
3.800000000000000000e+02,2.401863328635075734e-01,4.516724445813664890e-02,3.088404394836709657e-02,-1.349545148137368082e-02,-3.536661439316827332e-02
3.810000000000000000e+02,2.401513264960112581e-01,4.529688788869106614e-02,3.111442333306084149e-02,-1.362684108326889243e-02,-3.153350445485071651e-02
3.820000000000000000e+02,2.401353661187243249e-01,4.543377462331586042e-02,3.285281630995131458e-02,-1.378380775361149994e-02,-3.767200088222572019e-02
3.830000000000000000e+02,2.401161348860387235e-01,4.557016452819060565e-02,3.273357716993898631e-02,-1.391962579186511659e-02,-3.259632918086783487e-02
3.840000000000000000e+02,2.400716223714857434e-01,4.571502726274102174e-02,3.476705629209955739e-02,-1.408394008238546095e-02,-3.943542972488263409e-02
3.850000000000000000e+02,2.400129973082474333e-01,4.585908840979931178e-02,3.457467529398940836e-02,-1.422510864775376055e-02,-3.388045568839184729e-02
3.860000000000000000e+02,2.399985323739952658e-01,4.601222915411166264e-02,3.675377863496455400e-02,-1.439742891703234794e-02,-4.135686462686103543e-02
3.870000000000000000e+02,2.399473069665193914e-01,4.616425162467573812e-02,3.648539293537778061e-02,-1.454482506539237635e-02,-3.537507560640683335e-02
3.880000000000000000e+02,2.399301278599623444e-01,4.632548819083354835e-02,3.869677587787478945e-02,-1.472494987265374720e-02,-4.322995374272902563e-02
3.890000000000000000e+02,2.399069428831401007e-01,4.648362985019854898e-02,3.795399824759972812e-02,-1.487948559674200609e-02,-3.708857378118215337e-02
3.900000000000000000e+02,2.399152180084465347e-01,4.665006829803420435e-02,3.994522748055739231e-02,-1.506803907467260499e-02,-4.525283470334366676e-02
3.910000000000000000e+02,2.398890796949278703e-01,4.681320240105574237e-02,3.915218472516895226e-02,-1.523068694310713428e-02,-3.903548842428691823e-02
3.920000000000000000e+02,2.399001891965377720e-01,4.698482466672160296e-02,4.118934375980648488e-02,-1.542781550095066387e-02,-4.731085388244724715e-02
3.930000000000000000e+02,2.398687644581554701e-01,4.715316166204873427e-02,4.040087887851074450e-02,-1.559884193227124329e-02,-4.104634351693895594e-02
3.940000000000000000e+02,2.399083991682753880e-01,4.732923891938420335e-02,4.225854176051185851e-02,-1.580552023143652965e-02,-4.960279179966899793e-02
3.950000000000000000e+02,2.398832808768193714e-01,4.750164788979956143e-02,4.137815289968635457e-02,-1.598611321101605504e-02,-4.334231509908644669e-02
3.960000000000000000e+02,2.399205225470327774e-01,4.768188762973780970e-02,4.325753758517875830e-02,-1.620237415621376617e-02,-5.190262684745075572e-02
3.970000000000000000e+02,2.398911070459145700e-01,4.785856604083093407e-02,4.240281866235055819e-02,-1.639274234476164466e-02,-4.568836525149060079e-02
3.980000000000000000e+02,2.399277603725092634e-01,4.804315031625784604e-02,4.430022610245917813e-02,-1.661865604841791799e-02,-5.421928887750575299e-02
3.990000000000000000e+02,2.398951838080020660e-01,4.822432753148594292e-02,4.348253165474253584e-02,-1.681893650272685628e-02,-4.806730903414540429e-02
4.000000000000000000e+02,2.399271343715698723e-01,4.841388004240514131e-02,4.549260262060723925e-02,-1.705486896834686877e-02,-5.662379174880341481e-02
4.010000000000000000e+02,2.398868315465891299e-01,4.860035129696167050e-02,4.475310109356732402e-02,-1.726534162373499770e-02,-5.051343729315090764e-02
4.020000000000000000e+02,2.399177229153327540e-01,4.879574132174523127e-02,4.689360594805395965e-02,-1.751191768787199732e-02,-5.917825539288019965e-02
4.030000000000000000e+02,2.398691192964370611e-01,4.898852219040165934e-02,4.626740847754247377e-02,-1.773327673555005063e-02,-5.312617144273307224e-02
4.040000000000000000e+02,2.398880865499326831e-01,4.918694950228831575e-02,4.762255485279724698e-02,-1.798549359160875327e-02,-6.053204545408893966e-02
4.050000000000000000e+02,2.398716775108263310e-01,4.938292417323347783e-02,4.703392102683964793e-02,-1.821522816126862343e-02,-5.513629671836874080e-02
4.060000000000000000e+02,2.398748646291394837e-01,4.958415887138192812e-02,4.829632755562872359e-02,-1.847421333166975391e-02,-6.215644089627112706e-02
4.070000000000000000e+02,2.398595379865398058e-01,4.978324947760277147e-02,4.778174549300260449e-02,-1.871175430410826346e-02,-5.700983338524220900e-02
4.080000000000000000e+02,2.398350361460630242e-01,4.998833859904804056e-02,4.922138914686437217e-02,-1.897704352087606697e-02,-6.366941202427321700e-02
4.090000000000000000e+02,2.398519957366436195e-01,5.019076833285252004e-02,4.858313611307558261e-02,-1.922248821725719772e-02,-5.890672713147175610e-02
4.100000000000000000e+02,2.397892571777352766e-01,5.039961231327603347e-02,5.012255530164400757e-02,-1.949351897435191647e-02,-6.504738170273244302e-02
4.110000000000000000e+02,2.398150580525153230e-01,5.060491422718172566e-02,4.927245933736575795e-02,-1.974448124811373911e-02,-6.023094570283711591e-02
4.120000000000000000e+02,2.397484895901840218e-01,5.081397735083226230e-02,5.017514967612822507e-02,-2.001733201890969899e-02,-6.548418499103048074e-02
4.130000000000000000e+02,2.397852241628257164e-01,5.102019555441888315e-02,4.949236886078825504e-02,-2.027225345825033748e-02,-6.118114544175336927e-02
4.140000000000000000e+02,2.397133709924871015e-01,5.122979935115103828e-02,5.030491121571668139e-02,-2.054790640267916205e-02,-6.615670666291756374e-02
4.150000000000000000e+02,2.397561872808152139e-01,5.143659747926169340e-02,4.963155074655674348e-02,-2.080650185607010871e-02,-6.206290881382688085e-02
4.160000000000000000e+02,2.396841385945761294e-01,5.164660600424621217e-02,5.040204599628398535e-02,-2.108531937765970726e-02,-6.691620518150348529e-02
4.170000000000000000e+02,2.397256974557096521e-01,5.185385050295645420e-02,4.973867969045849685e-02,-2.134751032326825254e-02,-6.292582694605047822e-02
4.180000000000000000e+02,2.396545688808812691e-01,5.206425017867925831e-02,5.049592217347364381e-02,-2.162953821861004697e-02,-6.768669488203045426e-02
4.190000000000000000e+02,2.396916489667776651e-01,5.227195904204882254e-02,4.985012720869461122e-02,-2.189517180999946480e-02,-6.375206193346005801e-02
4.200000000000000000e+02,2.396225032423891232e-01,5.248278949742694877e-02,5.059930929075049516e-02,-2.218034384091211939e-02,-6.844128741903685031e-02
4.210000000000000000e+02,2.396546609083772816e-01,5.269100457011373362e-02,4.997161744482887108e-02,-2.244931058994857620e-02,-6.455201976874938574e-02
4.220000000000000000e+02,2.395874289735625273e-01,5.290232708977380544e-02,5.071740471841680586e-02,-2.273753984270674225e-02,-6.917502066195999055e-02
4.230000000000000000e+02,2.396149155378499152e-01,5.311109176330359311e-02,5.010352164714926976e-02,-2.300973115268568209e-02,-6.532591439494535301e-02
4.240000000000000000e+02,2.395534155757086114e-01,5.332692109740494457e-02,5.179904018432352625e-02,-2.330635875827572270e-02,-7.119062534160999767e-02
4.250000000000000000e+02,2.395596202620623172e-01,5.354053671032995426e-02,5.126774710200301954e-02,-2.358559155044456096e-02,-6.701587012052137582e-02
4.260000000000000000e+02,2.394833284377181348e-01,5.376229773476545043e-02,5.322264586451912888e-02,-2.388955116476224744e-02,-7.295030743624497660e-02
4.270000000000000000e+02,2.394835578774040796e-01,5.398196190343632767e-02,5.271940048100987736e-02,-2.417520101543740862e-02,-6.855596416203833809e-02
4.280000000000000000e+02,2.393725154961294788e-01,5.421094221537220426e-02,5.495527486461004862e-02,-2.448504918678045747e-02,-7.436356112233175053e-02
4.290000000000000000e+02,2.393667761151750673e-01,5.443806824034055220e-02,5.451024599240355401e-02,-2.477593762261818752e-02,-6.981322460105487959e-02
4.300000000000000000e+02,2.392568626555756361e-01,5.467403350584702781e-02,5.663166372155477996e-02,-2.509117551509152180e-02,-7.565709419360025501e-02
4.310000000000000000e+02,2.392700357164478375e-01,5.490550298243488531e-02,5.555267438108521527e-02,-2.538474628609783609e-02,-7.045698504151529096e-02
4.320000000000000000e+02,2.391745587651066540e-01,5.514414901150371806e-02,5.727504697651935456e-02,-2.570257264245650111e-02,-7.627832552607993755e-02
4.330000000000000000e+02,2.392245956277822549e-01,5.537457999125787456e-02,5.530343514099753111e-02,-2.599621628532419043e-02,-7.047447428824511750e-02
4.340000000000000000e+02,2.391629892623900189e-01,5.560636009407177172e-02,5.562722467533487425e-02,-2.630993922853298861e-02,-7.529350637011186786e-02
4.350000000000000000e+02,2.392410365473313927e-01,5.583078756873351145e-02,5.386259391881767500e-02,-2.660389857386731907e-02,-7.055024288023897805e-02
4.360000000000000000e+02,2.391701148825514101e-01,5.605573661570260879e-02,5.398777127258415354e-02,-2.691519874555108743e-02,-7.471204120410421257e-02
4.370000000000000000e+02,2.392267001016058214e-01,5.627402353805682766e-02,5.238886136501302165e-02,-2.720840507399643546e-02,-7.036951882688378956e-02
4.380000000000000000e+02,2.391700340181922846e-01,5.649258062160055632e-02,5.245370005049568296e-02,-2.751759254020844786e-02,-7.420499189088258785e-02
4.390000000000000000e+02,2.391884696635181440e-01,5.670787403604857918e-02,5.167041946752612414e-02,-2.781216573119656491e-02,-7.069756583714797982e-02
4.400000000000000000e+02,2.391263900702289003e-01,5.692603911833982872e-02,5.235961974990062384e-02,-2.812345757346021088e-02,-7.471004214327510440e-02
4.410000000000000000e+02,2.391297345850320888e-01,5.714221582383936099e-02,5.188240931988808563e-02,-2.841999428524102575e-02,-7.116881082739547060e-02
4.420000000000000000e+02,2.390545192568183097e-01,5.736145339262030407e-02,5.261701650742562492e-02,-2.873265989073709240e-02,-7.503974531905617529e-02
4.430000000000000000e+02,2.390503251336632551e-01,5.757884314353183680e-02,5.217354021876750153e-02,-2.903062174038504445e-02,-7.151084391550829866e-02
4.440000000000000000e+02,2.389673251535545384e-01,5.779956295811797262e-02,5.297275550067303412e-02,-2.934415787648413446e-02,-7.524867266378132413e-02
4.450000000000000000e+02,2.389681259357344656e-01,5.801936808581763944e-02,5.275323064792028505e-02,-2.964365977499468230e-02,-7.188045564253148223e-02
4.460000000000000000e+02,2.388631835719000895e-01,5.824392801279952570e-02,5.389438247565232765e-02,-2.995959346415282692e-02,-7.582408539795477964e-02
4.470000000000000000e+02,2.388582621563358210e-01,5.846775278107398804e-02,5.371794438587033232e-02,-3.026081296446565816e-02,-7.229268007507931582e-02
4.480000000000000000e+02,2.387507945303461998e-01,5.869671418893203374e-02,5.495073788593145964e-02,-3.057933854741553756e-02,-7.644613990797104186e-02
4.490000000000000000e+02,2.387566564517554224e-01,5.892479067388754072e-02,5.473835638932152137e-02,-3.088259539573659854e-02,-7.278164359705502351e-02
4.500000000000000000e+02,2.386383236250265161e-01,5.915812243187216352e-02,5.599962191631018688e-02,-3.120360775498163056e-02,-7.704296621880800389e-02
4.510000000000000000e+02,2.386448628292469898e-01,5.939049325922871048e-02,5.576899856557054197e-02,-3.150899265856475784e-02,-7.329237685995002027e-02
4.520000000000000000e+02,2.385268934229313742e-01,5.962819923300853586e-02,5.704943370715761380e-02,-3.183274998571074266e-02,-7.770175851503681452e-02
4.530000000000000000e+02,2.385429091126849144e-01,5.986478781576645009e-02,5.678125986189946212e-02,-3.214079235120285982e-02,-7.393016771810741183e-02
4.540000000000000000e+02,2.384287767327786800e-01,6.010667620052389387e-02,5.805321234178677930e-02,-3.246808491353335435e-02,-7.855021495931875652e-02
4.550000000000000000e+02,2.384469797957783077e-01,6.034723987277563345e-02,5.773528134041783916e-02,-3.277943644801834672e-02,-7.472436827639782064e-02
4.560000000000000000e+02,2.383346449668253819e-01,6.059314460774661848e-02,5.901713639303655945e-02,-3.311046175637757938e-02,-7.944607400621640780e-02
4.570000000000000000e+02,2.383510355984252149e-01,6.083765321150084310e-02,5.868206490101430389e-02,-3.342525829374905916e-02,-7.555116896915521629e-02
4.580000000000000000e+02,2.382407932485385849e-01,6.108757684614737199e-02,5.998167231516709358e-02,-3.376011772099497821e-02,-8.036626253901982264e-02
4.590000000000000000e+02,2.382535240030567159e-01,6.133604503407510261e-02,5.963236510265475243e-02,-3.407845980152645476e-02,-7.640209932755452626e-02
4.600000000000000000e+02,2.381469749833506067e-01,6.159000032928638180e-02,6.094927085070750428e-02,-3.441725629353816623e-02,-8.131115808281003110e-02
4.610000000000000000e+02,2.381549218240028576e-01,6.184243385093308315e-02,6.058404519520894232e-02,-3.473924608005380527e-02,-7.727754876375284021e-02
4.620000000000000000e+02,2.380531579657715058e-01,6.210043171289180569e-02,6.191948687009416613e-02,-3.508207451181214603e-02,-8.227882362200145128e-02
4.630000000000000000e+02,2.380715254242050660e-01,6.235679052414722784e-02,6.152611470130214116e-02,-3.540934568326799953e-02,-7.854508114940525476e-02
4.640000000000000000e+02,2.379507525902469223e-01,6.261866589565923125e-02,6.285008916288106762e-02,-3.575533847805829890e-02,-8.303827074967247424e-02
4.650000000000000000e+02,2.380066285659208358e-01,6.287904959040904740e-02,6.249208673995554353e-02,-3.609013797000503593e-02,-8.035187806721713621e-02
4.660000000000000000e+02,2.378650514371283831e-01,6.314448237089978488e-02,6.370386731777623324e-02,-3.643782382672166448e-02,-8.344460561199101845e-02
4.670000000000000000e+02,2.378995549069709836e-01,6.340981100208066545e-02,6.367887148341090653e-02,-3.677841817759071319e-02,-8.174264420857137170e-02
4.680000000000000000e+02,2.377663824376705093e-01,6.367935792162754405e-02,6.469126069124976619e-02,-3.712838467244018031e-02,-8.399195876387213766e-02
4.690000000000000000e+02,2.378249788939919285e-01,6.394897382003603137e-02,6.470781561803756743e-02,-3.747557737432363062e-02,-8.332624845202780961e-02
4.700000000000000000e+02,2.377872625107224080e-01,6.422065624748142521e-02,6.520378258689431272e-02,-3.783622944156528334e-02,-8.655649613799708264e-02
4.710000000000000000e+02,2.378152645338974247e-01,6.449096363678183397e-02,6.487377343209857483e-02,-3.818856907057950612e-02,-8.456151096341373019e-02
4.720000000000000000e+02,2.378166604418603669e-01,6.476376164011356240e-02,6.547152079961325588e-02,-3.856353342313199178e-02,-8.999144461259706018e-02
4.730000000000000000e+02,2.379458980092563902e-01,6.503283074080531967e-02,6.457658416602111984e-02,-3.892741650293279204e-02,-8.733193915219135406e-02
4.740000000000000000e+02,2.378859116344981262e-01,6.530502536899807087e-02,6.532671076625914952e-02,-3.931306740774947323e-02,-9.255621715600344246e-02
4.750000000000000000e+02,2.379859684453961288e-01,6.557381306746451477e-02,6.450904763194702241e-02,-3.968835401931106177e-02,-9.006878677478064033e-02
4.760000000000000000e+02,2.379373035163500349e-01,6.584585095652642495e-02,6.528909337485945541e-02,-4.008486086348154315e-02,-9.516164260091526661e-02
4.770000000000000000e+02,2.380243293454773756e-01,6.611522073559858437e-02,6.464874697731716469e-02,-4.047273528134565784e-02,-9.308986028738676366e-02
4.780000000000000000e+02,2.379821984711091853e-01,6.638782783457813919e-02,6.542570375509276781e-02,-4.088071846081309246e-02,-9.791596307218497497e-02
4.790000000000000000e+02,2.380429844453094135e-01,6.665887861209368603e-02,6.505218660373011941e-02,-4.128253329486540613e-02,-9.643556017255598689e-02
4.800000000000000000e+02,2.380336346963747851e-01,6.693437550718236984e-02,6.611925482128415410e-02,-4.170599669528631676e-02,-1.016312161010186621e-01
