# Time, SliderHeight, Motor1Pos, Motor1Vel, Motor2Pos, Motor2Vel
0.000000000000000000e+00,2.600000000000000089e-01,0.000000000000000000e+00,0.000000000000000000e+00,0.000000000000000000e+00,0.000000000000000000e+00
1.000000000000000000e+00,2.520777277243204662e-01,7.613778114318847223e-04,1.827306747436523438e-01,4.259875798939913999e-04,1.022370191745579360e-01
2.000000000000000000e+00,2.581436202211805919e-01,1.672525405883789045e-03,2.186754226684570479e-01,8.865098153534627578e-04,1.105253365102731311e-01
3.000000000000000000e+00,2.597950537056319398e-01,2.537690877914428652e-03,2.076397132873534779e-01,1.361965046700199834e-03,1.141092555232169209e-01
4.000000000000000000e+00,2.593443229097406322e-01,3.365334820747375652e-03,1.986345462799072592e-01,1.796257260959565911e-03,1.042301314222478376e-01
5.000000000000000000e+00,2.587638769012479134e-01,4.122659819126129645e-03,1.817579996109008889e-01,2.220516841663642063e-03,1.018222993689782557e-01
6.000000000000000000e+00,2.577032692251786106e-01,4.835693767786026880e-03,1.711281476783752808e-01,2.609647060242363710e-03,9.339125245889320914e-02
7.000000000000000000e+00,2.566620112021441580e-01,5.489339290070534630e-03,1.568749253482818740e-01,2.985679042964041376e-03,9.024767585320266072e-02
8.000000000000000000e+00,2.553205916633495276e-01,6.101831666834355364e-03,1.469981704233169206e-01,3.333805330485595068e-03,8.355030900517287917e-02
9.000000000000000000e+00,2.539211563158704776e-01,6.664876525587321195e-03,1.351307661007118410e-01,3.668289961674582773e-03,8.027631148535702144e-02
1.000000000000000000e+01,2.522859197221926641e-01,7.190785752224756328e-03,1.262182143929843903e-01,3.980270557293586441e-03,7.487534294856092176e-02
1.100000000000000000e+01,2.505437148070691067e-01,7.675190520126670170e-03,1.162571442964593638e-01,4.279005387015517511e-03,7.169635913326342924e-02
1.200000000000000000e+01,2.485985236325609360e-01,8.126544730519397880e-03,1.083250104942548586e-01,4.559263166686132809e-03,6.726186712094757436e-02
1.300000000000000000e+01,2.465194842355746818e-01,8.542794981588551148e-03,9.990006025659696476e-02,4.827123720388614217e-03,6.428653288859544068e-02
1.400000000000000000e+01,2.120945436123393701e-01,8.929883564938621496e-03,9.290126000401668915e-02,5.079629386707706223e-03,6.060135991658212318e-02
1.500000000000000000e+01,2.126281726036801378e-01,9.287150316324398192e-03,8.574402033258650413e-02,5.320789544503008034e-03,5.787843787087249003e-02
1.600000000000000000e+01,2.271278523960981177e-01,9.618829094626829557e-03,7.960290679258345825e-02,5.549007636309909175e-03,5.477234203365627385e-02
1.700000000000000000e+01,2.398384355673353341e-01,9.925046914818517682e-03,7.349227684600506683e-02,5.766963711626198023e-03,5.230945807590935831e-02
1.800000000000000000e+01,2.374898695271957239e-01,1.020890414483589630e-02,6.812573520417071482e-02,5.973907575492709565e-03,4.966652732796278391e-02
1.900000000000000000e+01,2.372581670885232641e-01,1.047096195294705719e-02,6.289387394667879383e-02,6.171709465208984231e-03,4.747245353190593375e-02
2.000000000000000000e+01,2.374913172737245504e-01,1.071357313785848558e-02,5.822668437874282260e-02,6.360065872963862471e-03,4.520553786117075673e-02
2.100000000000000000e+01,2.378134922402959928e-01,1.093763928116538164e-02,5.377587439365497102e-02,6.540266721628742314e-03,4.324820367957123157e-02
2.200000000000000000e+01,2.381339314703092569e-01,1.114528906729569946e-02,4.983594867127644906e-02,6.712269882085768018e-03,4.128075850968614124e-02
2.300000000000000000e+01,2.384403435010776784e-01,1.133724025740035467e-02,4.606828562511722930e-02,6.877152890082599730e-03,3.957192191923967345e-02
2.400000000000000000e+01,2.387282919873998654e-01,1.151494945861358116e-02,4.265020829117445456e-02,7.034962265993482955e-03,3.787425021861198088e-02
2.500000000000000000e+01,2.389982046048172160e-01,1.167913752966773765e-02,3.940513705299759223e-02,7.186462066334707056e-03,3.635995208189375660e-02
2.600000000000000000e+01,2.392510228056628219e-01,1.183094199940128328e-02,3.643307273605114749e-02,7.331810659904071728e-03,3.488366245664743098e-02
2.700000000000000000e+01,2.394876501288593917e-01,1.197107669628760113e-02,3.363232725271631668e-02,7.471569705097900159e-03,3.354217084651878872e-02
2.800000000000000000e+01,2.397092503201311842e-01,1.210045824262004528e-02,3.105157111978663897e-02,7.605961263661357996e-03,3.225397405522990174e-02
2.900000000000000000e+01,2.399166050541656214e-01,1.221975065861086347e-02,2.863017983779651832e-02,7.735427765640511509e-03,3.107196047499686739e-02
3.000000000000000000e+01,2.401104522080722559e-01,1.232973632695979864e-02,2.639656040374438115e-02,7.860206121495377785e-03,2.994680540516782979e-02
3.100000000000000000e+01,2.402918999291108748e-01,1.243100612786255353e-02,2.430475221666111504e-02,7.980667311452594934e-03,2.891068558973206026e-02
3.200000000000000000e+01,2.404612830907660037e-01,1.252422892587816590e-02,2.237347152374685733e-02,8.097048304553156051e-03,2.793143834413479992e-02
3.300000000000000000e+01,2.406193703231684355e-01,1.260994111170418708e-02,2.057092459824512790e-02,8.209676328608521423e-03,2.703072577328775178e-02
3.400000000000000000e+01,2.407663278726226708e-01,1.268871482945073924e-02,1.890569225917263993e-02,8.318800401363894703e-03,2.618977746128955605e-02
3.500000000000000000e+01,2.409027903917727587e-01,1.276104713213624051e-02,1.735975264452016553e-02,8.424689550575785446e-03,2.541339581085382687e-02
3.600000000000000000e+01,2.410297243956064650e-01,1.282740923771842796e-02,1.592690533972518016e-02,8.527557770920941513e-03,2.468837288283743173e-02
3.700000000000000000e+01,2.411481200275389369e-01,1.288822528422471636e-02,1.459585116150931977e-02,8.627603638966802393e-03,2.401100833100677442e-02
3.800000000000000000e+01,2.412590814473231926e-01,1.294390086362267288e-02,1.336213905550973947e-02,8.724991189139974165e-03,2.337301204156121831e-02
3.900000000000000000e+01,2.413636433382332358e-01,1.299478313576745217e-02,1.221174531474703180e-02,8.819875225788082265e-03,2.277216879554589193e-02
4.000000000000000000e+01,2.414618494918814029e-01,1.304120839578905462e-02,1.114206240518474979e-02,8.912395817816878493e-03,2.220494208691110513e-02
4.100000000000000000e+01,2.415541633871155780e-01,1.308348527405425385e-02,1.014645078364772614e-02,9.002688697022625391e-03,2.167029100937924863e-02
4.200000000000000000e+01,2.416411437490205705e-01,1.312190345938827815e-02,9.220364480165768248e-03,9.090864029024250600e-03,2.116207968038985587e-02
4.300000000000000000e+01,2.417230337241589588e-01,1.315672367565326462e-02,8.356851903596737574e-03,9.177036917092089296e-03,2.068149313628123848e-02
4.400000000000000000e+01,2.418002901705817997e-01,1.318819249424321542e-02,7.552516461588046001e-03,9.261306149496481566e-03,2.022461577705406480e-02
4.500000000000000000e+01,2.418730114610370685e-01,1.321654375010647767e-02,6.804301407183004774e-03,9.343772808362750190e-03,1.979199812790448723e-02
4.600000000000000000e+01,2.419416352050661467e-01,1.324198789673060837e-02,6.106595189791385984e-03,9.424527645960672356e-03,1.938116102350117068e-02
4.700000000000000000e+01,2.420063340412964836e-01,1.326473817591692327e-02,5.460067004715411093e-03,9.503651083653879075e-03,1.898962504636944951e-02
4.800000000000000000e+01,2.420674820918465864e-01,1.328496862684074194e-02,4.855308221716634655e-03,9.581226438359404310e-03,1.861808512932599038e-02
4.900000000000000000e+01,2.421250704332437997e-01,1.330286569455780589e-02,4.295296252095214158e-03,9.657324102922110187e-03,1.826343949504951464e-02
5.000000000000000000e+01,2.421796282210969820e-01,1.331858521951454974e-02,3.772685989618427584e-03,9.732033387358902943e-03,1.793022826483029949e-02
5.100000000000000000e+01,2.422309585917515606e-01,1.333229736437394237e-02,3.290914766254429517e-03,9.805358950189049100e-03,1.759813507923512627e-02
5.200000000000000000e+01,2.422796799949244462e-01,1.334410730858433605e-02,2.834386610494526830e-03,9.877544138138072416e-03,1.732444510776547097e-02
5.300000000000000000e+01,2.423254698350317815e-01,1.335424758809186478e-02,2.433667081807000011e-03,9.948154421618971358e-03,1.694646803541586394e-02
5.400000000000000000e+01,2.423675389640670697e-01,1.336255546261399911e-02,1.993889885312035912e-03,1.001884292894507367e-02,1.696524175826460631e-02
5.500000000000000000e+01,2.424081699165773762e-01,1.337010175183961022e-02,1.811109414146767644e-03,1.008514202245209754e-02,1.591178244168553468e-02
5.600000000000000000e+01,2.424431636572923210e-01,1.337470327655757539e-02,1.104365932311805396e-03,1.016140467508529731e-02,1.830303663196784086e-02
5.700000000000000000e+01,2.424581653985931340e-01,1.338411474851688467e-02,2.258753270234241731e-03,1.021866073736910421e-02,1.374145494811357393e-02
5.800000000000000000e+01,2.426889938711584982e-01,1.338149251112484561e-02,-6.293369740893420446e-04,1.029391622932445544e-02,1.806131806928445299e-02
5.900000000000000000e+01,2.424899900074156678e-01,1.339001826569694888e-02,2.046181097304599055e-03,1.035959720187534273e-02,1.576343341221299321e-02
6.000000000000000000e+01,2.425745465038227078e-01,1.339069783393244395e-02,1.630963765187293333e-04,1.041960684231640379e-02,1.440231370585475824e-02
6.100000000000000000e+01,2.427836468192004771e-01,1.338855810090689054e-02,-5.135359261327999752e-04,1.048688916262632310e-02,1.614775687438052207e-02
6.200000000000000000e+01,2.426313599491972950e-01,1.339060031084814140e-02,4.901303859000966795e-04,1.055218013193278889e-02,1.566983263355199371e-02
6.300000000000000000e+01,2.426790581325378171e-01,1.339013432877209954e-02,-1.118356982498617007e-04,1.060823788748977564e-02,1.345386133367701062e-02
6.400000000000000000e+01,2.428047408473402446e-01,1.338447114129303304e-02,-1.359164994975903262e-03,1.067478259084396822e-02,1.597072880500614162e-02
6.500000000000000000e+01,2.426746808358402896e-01,1.338523009249170843e-02,1.821482876821979742e-04,1.073680958031775386e-02,1.488647747370841143e-02
6.600000000000000000e+01,2.427707393021616145e-01,1.338189883609202865e-02,-7.995015359233430177e-04,1.079016117456622556e-02,1.280438261963312042e-02
6.700000000000000000e+01,2.429132276667551327e-01,1.337395725079551165e-02,-1.905980471164069826e-03,1.085283043390335329e-02,1.504062224091059011e-02
6.800000000000000000e+01,2.428173829216005997e-01,1.337185936240172131e-02,-5.034932145097871427e-04,1.091136956616005349e-02,1.404939174160792052e-02
6.900000000000000000e+01,2.428036365604774038e-01,1.336615410055350811e-02,-1.369262843571166476e-03,1.096899643091947714e-02,1.383044754226172429e-02
7.000000000000000000e+01,2.428672153185475191e-01,1.336008680490233941e-02,-1.456150956280500772e-03,1.102231934500511740e-02,1.279749938055372259e-02
7.100000000000000000e+01,2.428512085531984721e-01,1.335191533959803091e-02,-1.961151673033966186e-03,1.108397146887411637e-02,1.479650972855979518e-02
7.200000000000000000e+01,2.429135949076015599e-01,1.334830657007905937e-02,-8.661046845533418824e-04,1.113044561247546367e-02,1.115379446432331403e-02
7.300000000000000000e+01,2.429731908307761756e-01,1.333571923210972662e-02,-3.020961112639759458e-03,1.119189075968757274e-02,1.474683533090630563e-02
7.400000000000000000e+01,2.428997389884516855e-01,1.333284651740768156e-02,-6.894515284909894653e-04,1.124483211338330596e-02,1.270592488697591498e-02
7.500000000000000000e+01,2.429542215722319265e-01,1.332357759607906769e-02,-2.224541118867448888e-03,1.129662705759717882e-02,1.243078661132939432e-02
7.600000000000000000e+01,2.429548722082501000e-01,1.331468908877898004e-02,-2.133241752021213227e-03,1.135316977548130046e-02,1.357025229218922907e-02
7.700000000000000000e+01,2.429831438515281661e-01,1.330816399766377063e-02,-1.566021867650373763e-03,1.140085222918716702e-02,1.144378888940797076e-02
7.800000000000000000e+01,2.429620450949775967e-01,1.329674109190584139e-02,-2.741497381902828663e-03,1.145925377614922039e-02,1.401637127089279747e-02
7.900000000000000000e+01,2.430426364153525365e-01,1.329167552022246512e-02,-1.215737204010231172e-03,1.150051248607017636e-02,9.902090381029300670e-03
8.000000000000000000e+01,2.430812716533720108e-01,1.327645493045858001e-02,-3.652941543332447871e-03,1.155791820655198594e-02,1.377737291563443066e-02
8.100000000000000000e+01,2.430330054158389708e-01,1.327188536614241389e-02,-1.096695435880043392e-03,1.160555284503741492e-02,1.143231323650298163e-02
8.200000000000000000e+01,2.429812802884417366e-01,1.326073120992166295e-02,-2.676997492980279399e-03,1.166233982006673053e-02,1.362887400703589186e-02
8.300000000000000000e+01,2.431112856133827715e-01,1.325512647587700002e-02,-1.345136170718943137e-03,1.169993758436422074e-02,9.023463431397553761e-03
8.400000000000000000e+01,2.431752854214706272e-01,1.323823826197140924e-02,-4.053171337341702693e-03,1.175402228530205047e-02,1.298032822507912479e-02
8.500000000000000000e+01,2.431529537998412538e-01,1.323236659890056691e-02,-1.409199137001962594e-03,1.179752426431424431e-02,1.044047496292647807e-02
8.600000000000000000e+01,2.431108334165243134e-01,1.321952315470729250e-02,-3.082426606385986652e-03,1.185042508043913749e-02,1.269619586997453899e-02
8.700000000000000000e+01,2.430784891481231891e-01,1.321277407221381484e-02,-1.619779798434691203e-03,1.189736035243569613e-02,1.126446527917392658e-02
8.800000000000000000e+01,2.431509883533591321e-01,1.320168296300608737e-02,-2.661866209854510217e-03,1.194131591752891665e-02,1.054933562237284767e-02
8.900000000000000000e+01,2.431363677916936750e-01,1.318995013876567840e-02,-2.815877817697955837e-03,1.199088498852553773e-02,1.189657703918904283e-02
9.000000000000000000e+01,2.430991676927140577e-01,1.318147755225273360e-02,-2.033420763106925065e-03,1.203820228840578321e-02,1.135615197125894142e-02
9.100000000000000000e+01,2.432231098158508520e-01,1.317099295022987164e-02,-2.516304485486935832e-03,1.207632050620830247e-02,9.148372272604506777e-03
9.200000000000000000e+01,2.432403126745107391e-01,1.315623912599764647e-02,-3.540917815733904232e-03,1.212400396744380861e-02,1.144403069652158954e-02
9.300000000000000000e+01,2.432240665796762402e-01,1.314737601654920526e-02,-2.127146267625900505e-03,1.216605980300922152e-02,1.009340053569894244e-02
9.400000000000000000e+01,2.431957527300712407e-01,1.313503532730950565e-02,-2.961765417527942659e-03,1.221334091705728910e-02,1.134746737153611261e-02
9.500000000000000000e+01,2.431745218294880662e-01,1.312605089183335565e-02,-2.156264514275865567e-03,1.225748544217776861e-02,1.059468602891519388e-02
9.600000000000000000e+01,2.432630041239929874e-01,1.311463801215474907e-02,-2.739091122865773033e-03,1.229591280239086815e-02,9.222566451144062830e-03
9.700000000000000000e+01,2.432450116432740006e-01,1.310099051102017916e-02,-3.275400272296753647e-03,1.234175308316724090e-02,1.100166738632940046e-02
9.800000000000000000e+01,2.432221557554597458e-01,1.309185811514885014e-02,-2.191775009118998932e-03,1.238368924932894792e-02,1.006467987880951993e-02
9.900000000000000000e+01,2.432411593255511539e-01,1.307994429736210329e-02,-2.859316268819370177e-03,1.242619379461852580e-02,1.020109086949848830e-02
1.000000000000000000e+02,2.433214036677539549e-01,1.306867252636622831e-02,-2.705225039009985684e-03,1.246116816158644551e-02,8.393848072300934965e-03
1.010000000000000000e+02,2.432979286995370638e-01,1.305392905302387233e-02,-3.538433602165263515e-03,1.250550719636023093e-02,1.064136834570851564e-02
1.020000000000000000e+02,2.432812357536556225e-01,1.304492724231506515e-02,-2.160434570113676893e-03,1.254448018433055971e-02,9.353517112878883752e-03
1.030000000000000000e+02,2.432586937652249925e-01,1.303263573182551933e-02,-2.949962517491090327e-03,1.258840097276781728e-02,1.054098922494161629e-02
1.040000000000000000e+02,2.433351025432188286e-01,1.302305233329149360e-02,-2.300015648166183358e-03,1.262198132811358751e-02,8.059285282984938667e-03
1.050000000000000000e+02,2.433054497454028853e-01,1.300825193093187865e-02,-3.552096566307759613e-03,1.266620405955334698e-02,1.061345554554242107e-02
1.060000000000000000e+02,2.432888650008064035e-01,1.300005173611864726e-02,-1.968046755175629266e-03,1.270385520164599678e-02,9.036274102235994365e-03
1.070000000000000000e+02,2.433509864411699530e-01,1.298730036967437988e-02,-3.060327946624243674e-03,1.274092114589701029e-02,8.895826620243430308e-03
1.080000000000000000e+02,2.433240538989684398e-01,1.297539415551566405e-02,-2.857491398091764612e-03,1.278100315226435822e-02,9.619681528163517847e-03
1.090000000000000000e+02,2.433034949186036744e-01,1.296531190725688787e-02,-2.419739582106414030e-03,1.282025201739121767e-02,9.419727630446118188e-03
1.100000000000000000e+02,2.434168806487005954e-01,1.295427455100282670e-02,-2.648965500974510227e-03,1.285069219360038609e-02,7.305642290200537424e-03
1.110000000000000000e+02,2.433955377754946636e-01,1.293923315681147490e-02,-3.609934605924637260e-03,1.289052110994224655e-02,9.558939922046478035e-03
1.120000000000000000e+02,2.433886383535600606e-01,1.293005077096147717e-02,-2.203772603999363654e-03,1.292462307000969562e-02,8.184470416187800482e-03
1.130000000000000000e+02,2.433714624796743664e-01,1.291742758139082826e-02,-3.029565496955692432e-03,1.296371563869403755e-02,9.382216484241943932e-03
1.140000000000000000e+02,2.433628942582510557e-01,1.290810987357731733e-02,-2.236249875242675260e-03,1.299951138223794274e-02,8.590978450537278474e-03
1.150000000000000000e+02,2.433480201817274646e-01,1.289688285762082172e-02,-2.694483829558917340e-03,1.303833759139606460e-02,9.318290197949418915e-03
1.160000000000000000e+02,2.434663082912844889e-01,1.288718692481634343e-02,-2.327023873074949688e-03,1.306517277548364768e-02,6.440444181019888345e-03
1.170000000000000000e+02,2.434397626097538625e-01,1.287149988807156052e-02,-3.764888818747852157e-03,1.310371200802627062e-02,9.249415810229711862e-03
1.180000000000000000e+02,2.434381809399682739e-01,1.286314719606141896e-02,-2.004646082433878419e-03,1.313467708206291808e-02,7.431617768795362178e-03
1.190000000000000000e+02,2.434209359361251546e-01,1.285021177765777352e-02,-3.104500416874919622e-03,1.317197571300323354e-02,8.951671425675697402e-03
1.200000000000000000e+02,2.434164782846855724e-01,1.284143905303212867e-02,-2.105453910154724342e-03,1.320487392417906379e-02,7.895570682199131579e-03
1.210000000000000000e+02,2.434031588019205938e-01,1.283008481309441326e-02,-2.725017585051621016e-03,1.324156699390660261e-02,8.806336734609145761e-03
1.220000000000000000e+02,2.434335941346281174e-01,1.282077269622184518e-02,-2.234908049416287328e-03,1.327298407434563711e-02,7.540099305368259952e-03
1.230000000000000000e+02,2.434105228542074173e-01,1.280909795820124250e-02,-2.801937124944489221e-03,1.330966624670729646e-02,8.803721366798347367e-03
1.240000000000000000e+02,2.435200481436842757e-01,1.280025237907641243e-02,-2.122938989959232640e-03,1.333368695141556350e-02,5.764969129984164053e-03
1.250000000000000000e+02,2.434861895309984314e-01,1.278492900683563145e-02,-3.677609337787407940e-03,1.337004530826728377e-02,8.726005644412844486e-03
1.260000000000000000e+02,2.434856834552728833e-01,1.277733102214984040e-02,-1.823516324590035475e-03,1.339832694182311636e-02,6.787592053399979161e-03
1.270000000000000000e+02,2.434697046207647819e-01,1.276482206953569697e-02,-3.002148627394531782e-03,1.343327754970428424e-02,8.388145891480378730e-03
1.280000000000000000e+02,2.434666945531028526e-01,1.275668737396608299e-02,-1.952326936707385807e-03,1.346352698677077964e-02,7.259864895958821444e-03
1.290000000000000000e+02,2.434548508614188811e-01,1.274577968875874844e-02,-2.617844449760369386e-03,1.349775179573213524e-02,8.213954150725285425e-03
1.300000000000000000e+02,2.434722945994303445e-01,1.273707229311600575e-02,-2.089774954258293883e-03,1.352770822066992444e-02,7.189541985069568264e-03
1.310000000000000000e+02,2.435025736723712975e-01,1.272599353178357692e-02,-2.658902719783101925e-03,1.355804957107473174e-02,7.281924097153642285e-03
1.320000000000000000e+02,2.434767247067480267e-01,1.271609924498841131e-02,-2.374628830839573945e-03,1.358999983617367215e-02,7.668063623745713202e-03
1.330000000000000000e+02,2.435268525838781839e-01,1.270669563230136974e-02,-2.256867044889998477e-03,1.361697620368202549e-02,6.474328202004959315e-03
1.340000000000000000e+02,2.434975483735883905e-01,1.269525266408787559e-02,-2.746312371238744058e-03,1.364974324151227263e-02,7.864089079259230577e-03
1.350000000000000000e+02,2.434865886288458126e-01,1.268742734660802118e-02,-1.878076195164872769e-03,1.367920262325627613e-02,7.070251618560846260e-03
1.360000000000000000e+02,2.435633109111557115e-01,1.267713187147740880e-02,-2.470914031347022470e-03,1.370491316033178517e-02,6.170528898122032251e-03
1.370000000000000000e+02,2.435314495943282642e-01,1.266576685006531346e-02,-2.727605138902846824e-03,1.373588342496561733e-02,7.432863512119576403e-03
1.380000000000000000e+02,2.435216518774836192e-01,1.265765127547016818e-02,-1.947737902834667870e-03,1.376407934821778298e-02,6.767021580519932272e-03
1.390000000000000000e+02,2.435109800842737426e-01,1.264791578587612722e-02,-2.336517502569647551e-03,1.379490252771446018e-02,7.397563079202609977e-03
1.400000000000000000e+02,2.435534030851991549e-01,1.263947617862479222e-02,-2.025505740320551317e-03,1.382047497242537212e-02,6.137386730618674818e-03
1.410000000000000000e+02,2.435289029759890311e-01,1.262875805992995544e-02,-2.572348486761009446e-03,1.385147807936161317e-02,7.440745664697778067e-03
1.420000000000000000e+02,2.435476394418903401e-01,1.262096273495740689e-02,-1.870877993411609874e-03,1.387742929874379895e-02,6.228292651724552653e-03
1.430000000000000000e+02,2.435249656648927896e-01,1.261082932319352971e-02,-2.432018823330609619e-03,1.390826238363858033e-02,7.399940374747360564e-03
1.440000000000000000e+02,2.436441088728705240e-01,1.260328604225799051e-02,-1.810387424529584120e-03,1.392608569795397537e-02,4.277595435694942286e-03
1.450000000000000000e+02,2.436042322160408002e-01,1.258907705286173295e-02,-3.410157455101651709e-03,1.395631024180077166e-02,7.253890523231255882e-03
1.460000000000000000e+02,2.436090429273382596e-01,1.258263674255285895e-02,-1.545674474129628924e-03,1.397826644139741822e-02,5.269487903195102692e-03
1.470000000000000000e+02,2.435948572525951372e-01,1.257117506349575940e-02,-2.750802973703706314e-03,1.400689846649875135e-02,6.871686024320146705e-03
1.480000000000000000e+02,2.435976216249396420e-01,1.256410136588850639e-02,-1.697687425740814588e-03,1.403066874606084466e-02,5.704867094902231657e-03
1.490000000000000000e+02,2.435887134830804768e-01,1.255416535842744478e-02,-2.384641790654681327e-03,1.405837772985669108e-02,6.650156111003118972e-03
1.500000000000000000e+02,2.435865885900488637e-01,1.254688585244219390e-02,-1.747081436460238332e-03,1.408333447707210001e-02,5.989619331698317964e-03
1.510000000000000000e+02,2.435790035934471687e-01,1.253803715283560369e-02,-2.123687905581748449e-03,1.411067255268606650e-02,6.561138147351871369e-03
1.520000000000000000e+02,2.435736618990558267e-01,1.253083141151577901e-02,-1.729377916757727281e-03,1.413650321486840424e-02,6.199358923761207583e-03
1.530000000000000000e+02,2.436092800724043161e-01,1.252230993956714514e-02,-2.045153267671928534e-03,1.416074479014991887e-02,5.817978067563525646e-03
1.540000000000000000e+02,2.435881307394800743e-01,1.251374225543582311e-02,-2.056244191517256088e-03,1.418739067331255613e-02,6.395011959033033468e-03
1.550000000000000000e+02,2.436263469814591021e-01,1.250618491626288679e-02,-1.813761401504684206e-03,1.420958428814811034e-02,5.326467560532848096e-03
1.560000000000000000e+02,2.436016191837092892e-01,1.249678527385097819e-02,-2.255914178858019897e-03,1.423659988937546472e-02,6.483744294564978798e-03
1.570000000000000000e+02,2.435932405897925923e-01,1.249040748596712616e-02,-1.530669092124628799e-03,1.426081241911876345e-02,5.811007138391609782e-03
1.580000000000000000e+02,2.436858864828196913e-01,1.248185624076433332e-02,-2.052298848670432250e-03,1.427974301303099394e-02,4.543342538935452382e-03
1.590000000000000000e+02,2.436492096662224716e-01,1.247133007419299819e-02,-2.526279977120438145e-03,1.430517963760429868e-02,6.104789897593243878e-03
1.600000000000000000e+02,2.436440164588258572e-01,1.246481683162531211e-02,-1.563178216244787404e-03,1.432684467116828939e-02,5.199608055357823021e-03
1.610000000000000000e+02,2.436353909510143856e-01,1.245605223513822878e-02,-2.103503156900134868e-03,1.435178725035122192e-02,5.986219003903813993e-03
1.620000000000000000e+02,2.436325309718108956e-01,1.244949174041865524e-02,-1.574518732697565825e-03,1.437450259791739869e-02,5.451683415882269297e-03
1.630000000000000000e+02,2.436259850418956707e-01,1.244167065657209026e-02,-1.877060123175471398e-03,1.439918881966798306e-02,5.924693220140339958e-03
1.640000000000000000e+02,2.436209528515834166e-01,1.243520941949126206e-02,-1.550696899398682979e-03,1.442265849584227488e-02,5.632722281829853454e-03
1.650000000000000000e+02,2.437227303004359802e-01,1.242758905883906140e-02,-1.828886556528271220e-03,1.443894763317011762e-02,3.909392958682311736e-03
1.660000000000000000e+02,2.436833160916718199e-01,1.241684543487689765e-02,-2.578469750919506163e-03,1.446318837177745266e-02,5.817777265760208649e-03
1.670000000000000000e+02,2.436808490176483044e-01,1.241102338841361050e-02,-1.397291151189041479e-03,1.448253863457764704e-02,4.644063072046546170e-03
1.680000000000000000e+02,2.436718751907032965e-01,1.240224653183805321e-02,-2.106445578133619729e-03,1.450598072675441004e-02,5.626102122423122000e-03
1.690000000000000000e+02,2.436711567558364211e-01,1.239619191348415375e-02,-1.453108404935728442e-03,1.452652725162593972e-02,4.931165969167154890e-03
1.700000000000000000e+02,2.436649854800799486e-01,1.238846606142595709e-02,-1.854204493967363029e-03,1.454950785680853703e-02,5.515345243823178284e-03
1.710000000000000000e+02,2.436618842472330904e-01,1.238239254400276892e-02,-1.457644181565147376e-03,1.457086958280199435e-02,5.126814238429563790e-03
1.720000000000000000e+02,2.436559862127257725e-01,1.237542677471939120e-02,-1.671784628010754238e-03,1.459372874703754146e-02,5.486199416531381198e-03
1.730000000000000000e+02,2.437283911666224545e-01,1.236900165246323027e-02,-1.542029341478426581e-03,1.460981961605669829e-02,3.861808564597827252e-03
1.740000000000000000e+02,2.436944867452555119e-01,1.235950319198422624e-02,-2.279630514960960530e-03,1.463312199427341947e-02,5.592570772012960337e-03
1.750000000000000000e+02,2.436897863678252063e-01,1.235445728586650853e-02,-1.211017468252316258e-03,1.465195980546257944e-02,4.521074685398395951e-03
1.760000000000000000e+02,2.436816345148243301e-01,1.234670256211371775e-02,-1.861133700669826254e-03,1.467458168653634418e-02,5.429251457703365182e-03
1.770000000000000000e+02,2.436785047252807979e-01,1.234143211361317556e-02,-1.264907640130166766e-03,1.469459572828741428e-02,4.803370020256946676e-03
1.780000000000000000e+02,2.437075401799849439e-01,1.233413034672927074e-02,-1.752424052137013062e-03,1.471449208690201599e-02,4.775126067504594993e-03
1.790000000000000000e+02,2.436898210104912199e-01,1.232761815050516241e-02,-1.562927093786059193e-03,1.473535609899702045e-02,5.007362902800887444e-03
1.800000000000000000e+02,2.437255012841224866e-01,1.232120877502283253e-02,-1.538250115759172768e-03,1.475309993122140943e-02,4.258519733853390922e-03
1.810000000000000000e+02,2.437033754504372984e-01,1.231374918804284922e-02,-1.790300875196158045e-03,1.477439880744621514e-02,5.111730293953176997e-03
1.820000000000000000e+02,2.436968916479290981e-01,1.230850507849330644e-02,-1.258586291890303717e-03,1.479373538962928773e-02,4.640779723937378184e-03
1.830000000000000000e+02,2.437508247822093022e-01,1.230160018931540471e-02,-1.657173402696230161e-03,1.481043892097311417e-02,4.008847522518175707e-03
1.840000000000000000e+02,2.437235551251211718e-01,1.229408515549277811e-02,-1.803608117430566954e-03,1.483076212115882163e-02,4.877568044569911658e-03
1.850000000000000000e+02,2.437169417415407935e-01,1.228878972977284247e-02,-1.270902172784381823e-03,1.484921498491240457e-02,4.428687300860089174e-03
1.860000000000000000e+02,2.437109944282795371e-01,1.228239072753333806e-02,-1.535760537480990217e-03,1.486944164157270355e-02,4.854397598471738191e-03
1.870000000000000000e+02,2.437552350158778414e-01,1.227670752572625548e-02,-1.363968433699894048e-03,1.488508393369459247e-02,3.754150109253282137e-03
1.880000000000000000e+02,2.437313283509937312e-01,1.226909753343827583e-02,-1.826398149115079353e-03,1.490547565244472288e-02,4.894012500031104732e-03
1.890000000000000000e+02,2.437258527431309940e-01,1.226444446974473551e-02,-1.116735286449507120e-03,1.492301040098078374e-02,4.208339648654741208e-03
1.900000000000000000e+02,2.437195900517782066e-01,1.225806886891693363e-02,-1.530144198672255505e-03,1.494306485577527426e-02,4.813069150677623705e-03
1.910000000000000000e+02,2.438177825066311089e-01,1.225285552384206694e-02,-1.251202817968078557e-03,1.495354249149496127e-02,2.514632572724778345e-03
1.920000000000000000e+02,2.437744452907698034e-01,1.224294648262840013e-02,-2.378169891280148933e-03,1.497368366319416777e-02,4.833881207809588923e-03
1.930000000000000000e+02,2.437749733016540132e-01,1.223901741694910159e-02,-9.429757630316842540e-04,1.498753581451110241e-02,3.324516316064343984e-03
1.940000000000000000e+02,2.437661580583810328e-01,1.223123664876982035e-02,-1.867384363027608987e-03,1.500647093166777857e-02,4.544428117602426591e-03
1.950000000000000000e+02,2.437679841183881813e-01,1.222677855038994260e-02,-1.069943611170617002e-03,1.502168221645414081e-02,3.650708348727083573e-03
1.960000000000000000e+02,2.437626894942598044e-01,1.222010969170238791e-02,-1.600526085013208397e-03,1.503988753160856798e-02,4.369275637062639342e-03
1.970000000000000000e+02,2.437619729439652050e-01,1.221544259053950268e-02,-1.120104279092632273e-03,1.505596443014160270e-02,3.858455647928466740e-03
1.980000000000000000e+02,2.437577308106392560e-01,1.220954131919798832e-02,-1.416305121963565197e-03,1.507384796218700501e-02,4.292047690896644806e-03
1.990000000000000000e+02,2.437552838022540025e-01,1.220487430728877526e-02,-1.120082858210938621e-03,1.509054594085936125e-02,4.007514881365469538e-03
2.000000000000000000e+02,2.437511065307721714e-01,1.219955302013248782e-02,-1.277108917509146672e-03,1.510836115117424397e-02,4.275650475571868107e-03
2.010000000000000000e+02,2.438255369209703649e-01,1.219450879515340119e-02,-1.210613994980675465e-03,1.511959381595611752e-02,2.695839547649784684e-03
2.020000000000000000e+02,2.437901526715152423e-01,1.218647559246475477e-02,-1.927968645275235111e-03,1.513783759991545186e-02,4.378508150240064019e-03
2.030000000000000000e+02,2.437869827767166486e-01,1.218275061605042509e-02,-8.939943394391941522e-04,1.515171019906568980e-02,3.329423796057203420e-03
2.040000000000000000e+02,2.437804101858341288e-01,1.217635374596009144e-02,-1.535248821680055501e-03,1.516921614873465753e-02,4.201427920552221890e-03
2.050000000000000000e+02,2.437795814521233062e-01,1.217233101146705972e-02,-9.654562783275293797e-04,1.518414060134584166e-02,3.581868626684331369e-03
2.060000000000000000e+02,2.437751226542436978e-01,1.216678288490254806e-02,-1.331550375482612805e-03,1.520122759523516789e-02,4.100878533438326139e-03
2.070000000000000000e+02,2.437726056856403811e-01,1.216267218280397792e-02,-9.865685036567757409e-04,1.521687089025007544e-02,3.754390803577922330e-03
2.080000000000000000e+02,2.438330316842927392e-01,1.215723192569623592e-02,-1.305661705858256671e-03,1.522899129106052539e-02,2.908896194508063526e-03
2.090000000000000000e+02,2.438032843519284676e-01,1.215062851916684852e-02,-1.584817567053040024e-03,1.524547094654050104e-02,3.955117315194014299e-03
2.100000000000000000e+02,2.437983921609006288e-01,1.214668135522319579e-02,-9.473193464766724000e-04,1.525949235291698507e-02,3.365137530356151173e-03
2.110000000000000000e+02,2.437932837819868914e-01,1.214124795972986240e-02,-1.304014918399848833e-03,1.527568655978283306e-02,3.886609647803671887e-03
2.120000000000000000e+02,2.437912334577122531e-01,1.213725737660667492e-02,-9.577399495648804880e-04,1.529042063261729784e-02,3.536177480271382283e-03
2.130000000000000000e+02,2.437874183702996300e-01,1.213243030696839475e-02,-1.158496713187139732e-03,1.530646578883549346e-02,3.850837492366956417e-03
2.140000000000000000e+02,2.438720990234568842e-01,1.212798970141166360e-02,-1.065745333615329476e-03,1.531496762897883133e-02,2.040441634401076419e-03
2.150000000000000000e+02,2.438319186315955345e-01,1.212001615355118994e-02,-1.913651486513800971e-03,1.533138389828475785e-02,3.939904633422232350e-03
2.160000000000000000e+02,2.438304795230961663e-01,1.211690335010049031e-02,-7.470728281678564418e-04,1.534276462208872607e-02,2.731373712952397254e-03
2.170000000000000000e+02,2.438236572435829308e-01,1.211069718050802706e-02,-1.489480702191338553e-03,1.535825586281368803e-02,3.717897773991003622e-03
2.180000000000000000e+02,2.438244540801356164e-01,1.210717178101200497e-02,-8.460958790451741582e-04,1.537075956429393570e-02,3.000888355259343811e-03
2.190000000000000000e+02,2.438205957443356220e-01,1.210185994056840394e-02,-1.274841706464426537e-03,1.538567288987067322e-02,3.579198138417029156e-03
2.200000000000000000e+02,2.438195761769691439e-01,1.209816214153441004e-02,-8.874717681586431674e-04,1.539889170902463203e-02,3.172516596950238164e-03
2.210000000000000000e+02,2.438164416092722109e-01,1.209347165281857324e-02,-1.125717291800959301e-03,1.541355611093944700e-02,3.519456459555462928e-03
2.220000000000000000e+02,2.438142732932751799e-01,1.208976736683775935e-02,-8.890286353954010481e-04,1.542729020126352296e-02,3.296181677778153504e-03
2.230000000000000000e+02,2.438191610493911088e-01,1.208550444302758202e-02,-1.023101714442451815e-03,1.544127421200152880e-02,3.356162577121594645e-03
2.240000000000000000e+02,2.438887326637512454e-01,1.208105872630169282e-02,-1.066972014213298306e-03,1.544968475893657156e-02,2.018531264410166129e-03
2.250000000000000000e+02,2.438514444921688618e-01,1.207420650893798256e-02,-1.644532167290523646e-03,1.546443790610306165e-02,3.540755319957422566e-03
2.260000000000000000e+02,2.438484790042432238e-01,1.207121998987679100e-02,-7.167645746859536071e-04,1.547530945869251932e-02,2.609172621469927483e-03
2.270000000000000000e+02,2.438428310844027169e-01,1.206585518065493232e-02,-1.287554213245882540e-03,1.548940636875432118e-02,3.383258414832293615e-03
2.280000000000000000e+02,2.438427765327562946e-01,1.206259773022955867e-02,-7.817881020895312222e-04,1.550119215120278164e-02,2.828587787630535040e-03
2.290000000000000000e+02,2.438393796596584062e-01,1.205796836110512721e-02,-1.111048589863695545e-03,1.551488329247354726e-02,3.285873904983885926e-03
2.300000000000000000e+02,2.438380900718919442e-01,1.205460421918098587e-02,-8.073940617937761660e-04,1.552727397389403081e-02,2.973763540915940872e-03
2.310000000000000000e+02,2.438350927491016451e-01,1.205049420833959571e-02,-9.864026019336387223e-04,1.554081301701457432e-02,3.249370348930355219e-03
2.320000000000000000e+02,2.438329127617884784e-01,1.204715699656180687e-02,-8.009308266693756844e-04,1.555365252013829122e-02,3.081480749692092416e-03
2.330000000000000000e+02,2.439130403192953378e-01,1.204293441696274898e-02,-1.013419103774088710e-03,1.556083191162223496e-02,1.723053956146611970e-03
2.340000000000000000e+02,2.438746494258770270e-01,1.203631236529306182e-02,-1.589292400724778408e-03,1.557436984670997060e-02,3.249104421056670487e-03
2.350000000000000000e+02,2.438722249038550727e-01,1.203356760085248604e-02,-6.587434657380446387e-04,1.558400766445508512e-02,2.313076258827491839e-03
2.360000000000000000e+02,2.438668025767797010e-01,1.202842508339348714e-02,-1.234204190159594264e-03,1.559686307520813386e-02,3.085298580731705986e-03
2.370000000000000000e+02,2.438673322118975750e-01,1.202539027472660296e-02,-7.283540800523788557e-04,1.560738792012377613e-02,2.525962779754058283e-03
2.380000000000000000e+02,2.438642899535980180e-01,1.202097186682138212e-02,-1.060417897252906869e-03,1.561979815133637296e-02,2.978455491023100296e-03
2.390000000000000000e+02,2.438637372002663839e-01,1.201780811520964179e-02,-7.593003868175006357e-04,1.563088797739193778e-02,2.661558253335919583e-03
2.400000000000000000e+02,2.438610467908799151e-01,1.201388895067275961e-02,-9.405994888518863506e-04,1.564311913408225271e-02,2.935477605675535472e-03
2.410000000000000000e+02,2.438595777707720791e-01,1.201074587889260428e-02,-7.543372272373050341e-04,1.565461931280271585e-02,2.760042892911279081e-03
2.420000000000000000e+02,2.438570060460288902e-01,1.200720410981526327e-02,-8.500245785617346591e-04,1.566682925108165564e-02,2.930385186945572498e-03
2.430000000000000000e+02,2.438845981836653687e-01,1.200365667578644734e-02,-8.513841669159976852e-04,1.567673190896078095e-02,2.376637890990370913e-03
2.440000000000000000e+02,2.438679785320711224e-01,1.199943430639257257e-02,-1.013368654529835881e-03,1.568904540461955877e-02,2.955238958106955541e-03
2.450000000000000000e+02,2.438640463377889367e-01,1.199668665589263654e-02,-6.594361199846116624e-04,1.570004201031396929e-02,2.639185366658649678e-03
2.460000000000000000e+02,2.438996951078546693e-01,1.199264379197784690e-02,-9.702873395496262789e-04,1.570956112956048076e-02,2.284588619163142788e-03
2.470000000000000000e+02,2.438800905841050637e-01,1.198851248412466722e-02,-9.915138847631185283e-04,1.572110730416178409e-02,2.771081904312564393e-03
2.480000000000000000e+02,2.438758286473706183e-01,1.198560128007108289e-02,-6.986889728601920800e-04,1.573169747421620038e-02,2.541640813059814312e-03
2.490000000000000000e+02,2.438727006014314025e-01,1.198211831679528612e-02,-8.359111861912703551e-04,1.574324426773987193e-02,2.771230445681405804e-03
2.500000000000000000e+02,2.438980946865186850e-01,1.197879149007596671e-02,-7.984384126366527671e-04,1.575248509105463962e-02,2.217797595544070306e-03
2.510000000000000000e+02,2.438811554099667711e-01,1.197477023164459503e-02,-9.651020235293533960e-04,1.576414777073342766e-02,2.799043122909129246e-03
2.520000000000000000e+02,2.438773936174396251e-01,1.197222100647733767e-02,-6.118140401418176253e-04,1.577447178476192383e-02,2.477763366838717837e-03
2.530000000000000000e+02,2.439334416379013992e-01,1.196836123830643389e-02,-9.263443610169235561e-04,1.578163362246890952e-02,1.718841049676914090e-03
2.540000000000000000e+02,2.439046669547137725e-01,1.196349779956507736e-02,-1.167225297925572050e-03,1.579267080820982716e-02,2.648924577819856616e-03
2.550000000000000000e+02,2.439009093844282383e-01,1.196097563850519012e-02,-6.053186543728831170e-04,1.580150911171052455e-02,2.121192840167465156e-03
2.560000000000000000e+02,2.438973499360765351e-01,1.195710710457817925e-02,-9.284481424825833610e-04,1.581223966939097544e-02,2.575333843308220960e-03
2.570000000000000000e+02,2.438967467335676209e-01,1.195448493357866362e-02,-6.293210398838968182e-04,1.582164754823009792e-02,2.257890921389307543e-03
2.580000000000000000e+02,2.438945649132831794e-01,1.195108786564107878e-02,-8.152963050202552235e-04,1.583217949839250960e-02,2.527668038978521207e-03
2.590000000000000000e+02,2.438932603527561860e-01,1.194844931802444346e-02,-6.332514279926373555e-04,1.584198156800782631e-02,2.352496707676276014e-03
2.600000000000000000e+02,2.438911984808013467e-01,1.194539617476221040e-02,-7.327543829360180306e-04,1.585247373252888711e-02,2.518119485054649311e-03
2.610000000000000000e+02,2.439473648050264620e-01,1.194231739737521697e-02,-7.389065728783200887e-04,1.585829034453884942e-02,1.395986882390733066e-03
2.620000000000000000e+02,2.439184225532866623e-01,1.193728025227988425e-02,-1.208914822879654776e-03,1.586906912153666915e-02,2.586906479476622830e-03
2.630000000000000000e+02,2.439156170235760868e-01,1.193526932589671942e-02,-4.826223319593683477e-04,1.587679260744288140e-02,1.853636617490695597e-03
2.640000000000000000e+02,2.439117741456125754e-01,1.193137115919659826e-02,-9.355600080292478336e-04,1.588704717656067716e-02,2.461096588270889757e-03
2.650000000000000000e+02,2.439116589651302569e-01,1.192912139835485691e-02,-5.399426020179620266e-04,1.589548111777042139e-02,2.024145890338498437e-03
2.660000000000000000e+02,2.439093838942331116e-01,1.192578447052730466e-02,-8.008626786124833224e-04,1.590540621822281522e-02,2.382024108574427174e-03
2.670000000000000000e+02,2.439086266602303044e-01,1.192342605035896265e-02,-5.660208404022184971e-04,1.591430576308785691e-02,2.135890767609849479e-03
2.680000000000000000e+02,2.439065326013828972e-01,1.192047520691294493e-02,-7.082024270443621188e-04,1.592410781278680298e-02,2.352491927747397092e-03
2.690000000000000000e+02,2.439484357498910849e-01,1.191774833027865223e-02,-6.544503922304341099e-04,1.593012320645263366e-02,1.443694479799261226e-03
2.700000000000000000e+02,2.439178061877560755e-01,1.191340882639540903e-02,-1.041480931978295546e-03,1.594077376898689336e-02,2.556135008222096359e-03
2.710000000000000000e+02,2.439124570541682524e-01,1.191184846450172446e-02,-3.744868544843134306e-04,1.594869391015765400e-02,1.900833880982609339e-03
2.720000000000000000e+02,2.439087994321808284e-01,1.190857820079976002e-02,-7.848632884713123859e-04,1.595895497829861315e-02,2.462656353830285950e-03
2.730000000000000000e+02,2.439895727633330513e-01,1.190630439197748122e-02,-5.457141173469796675e-04,1.596128681106010264e-02,5.596398627577790774e-04
2.740000000000000000e+02,2.439478777230684181e-01,1.190018792112685665e-02,-1.467953004149765307e-03,1.597166907928285196e-02,2.491744373459637077e-03
2.750000000000000000e+02,2.439478805268238126e-01,1.189898688194746153e-02,-2.882494030549548336e-04,1.597680030292991660e-02,1.231493675295805340e-03
2.760000000000000000e+02,2.439419370184378044e-01,1.189452671543333138e-02,-1.070439963391250958e-03,1.598612696010785414e-02,2.238397722704729871e-03
2.770000000000000000e+02,2.439443945913991330e-01,1.189277088671588344e-02,-4.213988921877097988e-04,1.599231242467841901e-02,1.484511496935349414e-03
2.780000000000000000e+02,2.439414251597234462e-01,1.188911241133722846e-02,-8.780340908773747203e-04,1.600093728842489835e-02,2.069967299155236421e-03
2.790000000000000000e+02,2.439424415807917856e-01,1.188705260463228039e-02,-4.943536091875838428e-04,1.600775072019510609e-02,1.635223624849633725e-03
2.800000000000000000e+02,2.439405280010779331e-01,1.188391447024327550e-02,-7.531522533611293736e-04,1.601599664945282248e-02,1.979023021851968045e-03
2.810000000000000000e+02,2.439405708177113663e-01,1.188173890420764732e-02,-5.221358485507495914e-04,1.602321013501683059e-02,1.731236535361609791e-03
2.820000000000000000e+02,2.439390197877806532e-01,1.187896841048287182e-02,-6.649184939460307982e-04,1.603128149814888118e-02,1.937127151691931445e-03
2.830000000000000000e+02,2.439384596054511856e-01,1.187678425535595994e-02,-5.241972304589764559e-04,1.603878237596250908e-02,1.800210675270478428e-03
2.840000000000000000e+02,2.439370524404239071e-01,1.187428697117650332e-02,-5.993482030696853976e-04,1.604680524737369871e-02,1.925489138685764975e-03
2.850000000000000000e+02,2.439361631437173272e-01,1.187215837266809328e-02,-5.108636420183032848e-04,1.605452032302545282e-02,1.851618156421247453e-03
2.860000000000000000e+02,2.439347254725383329e-01,1.186987272311336612e-02,-5.485558931346169861e-04,1.606257460960195185e-02,1.933028778360030338e-03
2.870000000000000000e+02,2.439332540622585199e-01,1.186783977527540966e-02,-4.879074811095068234e-04,1.607049119988569058e-02,1.899981668097053180e-03
2.880000000000000000e+02,2.439318337037807150e-01,1.186573625542179482e-02,-5.048447648677413611e-04,1.607863619650579806e-02,1.954799188825531719e-03
2.890000000000000000e+02,2.439716532471861432e-01,1.186330282017514400e-02,-5.840244591960967735e-04,1.608382806609523832e-02,1.246048701465881942e-03
2.900000000000000000e+02,2.439507050754173845e-01,1.185985130641325352e-02,-8.283633028537977418e-04,1.609216614851249547e-02,2.001139780141698507e-03
2.910000000000000000e+02,2.439477220708329563e-01,1.185830087748424543e-02,-3.721029429620413727e-04,1.609866765634219640e-02,1.560361879128273344e-03
2.920000000000000000e+02,2.439451586280403650e-01,1.185560430318060958e-02,-6.471778328726103709e-04,1.610674376483619760e-02,1.938266038560120495e-03
2.930000000000000000e+02,2.439443533972701639e-01,1.185393456179426215e-02,-4.007379327232047381e-04,1.611373491200933719e-02,1.677875321553480570e-03
2.940000000000000000e+02,2.439426694881696167e-01,1.185160841538202871e-02,-5.582751389361010176e-04,1.612166427055140849e-02,1.903046050096767914e-03
2.950000000000000000e+02,2.439416195804912368e-01,1.184989678288193155e-02,-4.107918000234050309e-04,1.612899009635445149e-02,1.758198192730172846e-03
2.960000000000000000e+02,2.439962507487283827e-01,1.184732572281424999e-02,-6.170544162436186926e-04,1.613274782225454854e-02,9.018542160229281717e-04
2.970000000000000000e+02,2.439676765641543565e-01,1.184346237747375095e-02,-9.272028817198043910e-04,1.614057524015025114e-02,1.878580294968490525e-03
2.980000000000000000e+02,2.439648504455791400e-01,1.184204094711321931e-02,-3.411432865275600568e-04,1.614599262528804147e-02,1.300172433069912009e-03
2.990000000000000000e+02,2.439617168006021630e-01,1.183913096430043790e-02,-6.983958750676247905e-04,1.615341835239824178e-02,1.782174506447687257e-03
3.000000000000000000e+02,2.439618373277125107e-01,1.183752419572664527e-02,-3.856244577103004807e-04,1.615939464883420218e-02,1.434311144630722292e-03
3.010000000000000000e+02,2.439602978578315207e-01,1.183504442406073387e-02,-5.951451998188978052e-04,1.616654512189059228e-02,1.716113533533361168e-03
3.020000000000000000e+02,2.439599485799106848e-01,1.183334211833243256e-02,-4.085533747925087448e-04,1.617287210410386228e-02,1.518475731185102082e-03
3.030000000000000000e+02,2.439585360488557286e-01,1.183115864527594686e-02,-5.240335335564920947e-04,1.617991231253293125e-02,1.689650022976806878e-03
3.040000000000000000e+02,2.439576935035896454e-01,1.182945508093014367e-02,-4.088554429926513113e-04,1.618650153355485205e-02,1.581413045260784966e-03
3.050000000000000000e+02,2.439564005223922305e-01,1.182749766535871189e-02,-4.697797371437006562e-04,1.619352669473782258e-02,1.686038683912661259e-03
3.060000000000000000e+02,2.439554061800470186e-01,1.182583100506163186e-02,-3.999984712994043845e-04,1.620032252444488993e-02,1.630999129696092355e-03
3.070000000000000000e+02,2.440093284806283680e-01,1.182354452209933432e-02,-5.487559109514081107e-04,1.620332720537438070e-02,7.211234230779489229e-04
3.080000000000000000e+02,2.439808250273993728e-01,1.181981238165302761e-02,-8.957137071135788664e-04,1.621054383416642430e-02,1.731990910090249348e-03
3.090000000000000000e+02,2.439782689675940031e-01,1.181861587081779220e-02,-2.871626004564439925e-04,1.621521754384224953e-02,1.121690322197698049e-03
3.100000000000000000e+02,2.439752529310133811e-01,1.181583614618377485e-02,-6.671339121640659439e-04,1.622199419225978101e-02,1.626395620207499604e-03
3.110000000000000000e+02,2.439755785037622804e-01,1.181442355548663510e-02,-3.390217673137192419e-04,1.622723116651192052e-02,1.256873820513113547e-03
3.120000000000000000e+02,2.439740026296043640e-01,1.181208214348844487e-02,-5.619388795658220850e-04,1.623370687833940174e-02,1.554170838595552058e-03
3.130000000000000000e+02,2.439738408906286238e-01,1.181055741789222187e-02,-3.659341430936222887e-04,1.623929965091442870e-02,1.342265418006865271e-03
3.140000000000000000e+02,2.439725869664976510e-01,1.180851520718656338e-02,-4.901305693581345033e-04,1.624563257285472143e-02,1.519901265670168091e-03
3.150000000000000000e+02,2.439719875351974154e-01,1.180696791031294463e-02,-3.713512496686134363e-04,1.625147937503344797e-02,1.403232522894478935e-03
3.160000000000000000e+02,2.439707640873044758e-01,1.180514446459375241e-02,-4.376269726062538231e-04,1.625778282830397936e-02,1.512828784927862207e-03
3.170000000000000000e+02,2.439701066060378787e-01,1.180362148458378828e-02,-3.655152023912507987e-04,1.626382113999453802e-02,1.449194805734181201e-03
3.180000000000000000e+02,2.439688896705808629e-01,1.180195755649907086e-02,-3.993427403320159736e-04,1.627015410220469457e-02,1.519910930437298139e-03
3.190000000000000000e+02,2.440149852690306209e-01,1.179999542577915214e-02,-4.709113727806817215e-04,1.627297151453860682e-02,6.761789601386143829e-04
3.200000000000000000e+02,2.439903530365888362e-01,1.179669967761667534e-02,-7.909795589942309260e-04,1.627953745500064497e-02,1.575825710889086195e-03
3.210000000000000000e+02,2.439878382137849466e-01,1.179566323595607029e-02,-2.487459985450754876e-04,1.628383851525244674e-02,1.032254460432282606e-03
3.220000000000000000e+02,2.439852804220493387e-01,1.179321242487168034e-02,-5.881946602537360159e-04,1.629001411695653323e-02,1.482144408981147035e-03
3.230000000000000000e+02,2.439854441316621214e-01,1.179197644882546206e-02,-2.966342510923675939e-04,1.629482273419817495e-02,1.154068137994379226e-03
3.240000000000000000e+02,2.439840266660067980e-01,1.178991915261822995e-02,-4.937510897356018258e-04,1.630073386752907763e-02,1.418671999416469542e-03
3.250000000000000000e+02,2.439838114751367859e-01,1.178857840570791439e-02,-3.217792584758270152e-04,1.630587144351148751e-02,1.233018235778452973e-03
3.260000000000000000e+02,2.439826246690211531e-01,1.178678514306466876e-02,-4.303830343790245863e-04,1.631166686633960319e-02,1.390901478748112277e-03
3.270000000000000000e+02,2.439820771371933317e-01,1.178542592455910851e-02,-3.262124413345810631e-04,1.631703475242881479e-02,1.288292661410572922e-03
3.280000000000000000e+02,2.439810622570753873e-01,1.178381925052990331e-02,-3.856017670093607116e-04,1.632280571123462254e-02,1.385030113393994266e-03
3.290000000000000000e+02,2.439802494679270128e-01,1.178248519715520935e-02,-3.201728099265218155e-04,1.632835188385798122e-02,1.331081429606487988e-03
3.300000000000000000e+02,2.440254759752817360e-01,1.178052714910723248e-02,-4.699315315143951432e-04,1.633083898199918366e-02,5.969035538882466567e-04
3.310000000000000000e+02,2.440013360993804337e-01,1.177751561382587263e-02,-7.227684675264727659e-04,1.633668868752976081e-02,1.403929327338129199e-03
3.320000000000000000e+02,2.439987792273345946e-01,1.177651975380391257e-02,-2.390064052705351706e-04,1.634055049243774566e-02,9.268331779161144120e-04
3.330000000000000000e+02,2.439963841600549521e-01,1.177428993528751265e-02,-5.351564439361716340e-04,1.634606426919900032e-02,1.323306422700822483e-03
3.340000000000000000e+02,2.439965800983701916e-01,1.177312709121186747e-02,-2.790825781547352368e-04,1.635037670403365062e-02,1.034984360316275592e-03
3.350000000000000000e+02,2.439954045062145693e-01,1.177124246804920997e-02,-4.523095590379014970e-04,1.635565392560432360e-02,1.266533176961677758e-03
3.360000000000000000e+02,2.439952511544351554e-01,1.176999097006622801e-02,-3.003595159158608564e-04,1.636024891011963328e-02,1.102796283674081041e-03
3.370000000000000000e+02,2.439942462906311005e-01,1.176834308613299539e-02,-3.954921439758525624e-04,1.636541974790697851e-02,1.241001068962531472e-03
3.380000000000000000e+02,2.439937735828950627e-01,1.176707833920686425e-02,-3.035392622716696822e-04,1.637021717949148011e-02,1.151383580280550571e-03
3.390000000000000000e+02,2.439929075025273897e-01,1.176560381643603631e-02,-3.538854649985192537e-04,1.637536076702603843e-02,1.234461008294020700e-03
3.400000000000000000e+02,2.439922211388029505e-01,1.176436422212061815e-02,-2.975026357004846014e-04,1.638031513579971815e-02,1.189048505683088560e-03
3.410000000000000000e+02,2.439913582019449245e-01,1.176302007672755390e-02,-3.225948943352525511e-04,1.638548986961815834e-02,1.241936116425938676e-03
3.420000000000000000e+02,2.440296153058331974e-01,1.176132721751028606e-02,-4.062862121444028537e-04,1.638786563849764857e-02,5.701845310779208448e-04
3.430000000000000000e+02,2.440089898487395048e-01,1.175869166995337396e-02,-6.325314136587404865e-04,1.639317284919646761e-02,1.273730567716946632e-03
3.440000000000000000e+02,2.440067614461461643e-01,1.175781342460359077e-02,-2.107788839477925738e-04,1.639673516613424434e-02,8.549560650666640027e-04
3.450000000000000000e+02,2.440046577545731954e-01,1.175585045152788104e-02,-4.711135381703393478e-04,1.640175489086880684e-02,1.204733936295123179e-03
3.460000000000000000e+02,2.440047572326207725e-01,1.175482626176574050e-02,-2.458055429138623405e-04,1.640571804110959458e-02,9.511560577887635598e-04
3.470000000000000000e+02,2.440036720814263704e-01,1.175316773830813351e-02,-3.980456298256623013e-04,1.641053728329147296e-02,1.156618123651147797e-03
3.480000000000000000e+02,2.440034155698760088e-01,1.175207190024518678e-02,-2.630011351072636589e-04,1.641475693168711197e-02,1.012715614953336920e-03
3.490000000000000000e+02,2.440025739479797229e-01,1.175062362663476835e-02,-3.475856665003302141e-04,1.641948569092399612e-02,1.134902216852428074e-03
3.500000000000000000e+02,2.440021311938413429e-01,1.174950854155595859e-02,-2.676204189143370190e-04,1.642389099130245333e-02,1.057272090829855949e-03
3.510000000000000000e+02,2.440012315113425367e-01,1.174821031442286647e-02,-3.115745119419963453e-04,1.642861197692284045e-02,1.133036548892852203e-03
3.520000000000000000e+02,2.440005148201296048e-01,1.174712922370976971e-02,-2.594617711433986501e-04,1.643316269541717292e-02,1.092172438639618746e-03
3.530000000000000000e+02,2.440392351807348092e-01,1.174544596676832010e-02,-4.039816659478870928e-04,1.643517318198558716e-02,4.825167764194915245e-04
3.540000000000000000e+02,2.440185116071586502e-01,1.174298522786861726e-02,-5.905773359286331167e-04,1.643991545491960485e-02,1.138145504164441010e-03
3.550000000000000000e+02,2.440162481441099929e-01,1.174215649047779565e-02,-1.988969737972424968e-04,1.644305887989851514e-02,7.544219949387670271e-04
3.560000000000000000e+02,2.440143766471907505e-01,1.174033304323225148e-02,-4.376273389304785209e-04,1.644753332170913185e-02,1.073866034547857774e-03
3.570000000000000000e+02,2.440144163098609265e-01,1.173937430333040800e-02,-2.300975764423915306e-04,1.645104204887620075e-02,8.420945200962927932e-04
3.580000000000000000e+02,2.440134879112784150e-01,1.173783384036319703e-02,-3.697111121305526708e-04,1.645533003532528502e-02,1.029116747779946746e-03
3.590000000000000000e+02,2.440134184725555044e-01,1.173680793264244605e-02,-2.462178529804335365e-04,1.645905878010315085e-02,8.948987466875489051e-04
3.600000000000000000e+02,2.440126521443986285e-01,1.173545187922270770e-02,-3.254528207372942082e-04,1.646326282376990927e-02,1.008970480021845716e-03
3.610000000000000000e+02,2.440123239211798856e-01,1.173441326849052058e-02,-2.492665757249870476e-04,1.646715323477144013e-02,9.336986403677503127e-04
3.620000000000000000e+02,2.440116964336367378e-01,1.173319519386769628e-02,-2.923379094778184037e-04,1.647133134504132762e-02,1.002746464773104224e-03
3.630000000000000000e+02,2.440110159854901595e-01,1.173217967225140441e-02,-2.437251879099842596e-04,1.647535531039259066e-02,9.657516843029023646e-04
3.640000000000000000e+02,2.440104197533695396e-01,1.173107813614764766e-02,-2.643686649016150085e-04,1.647955341284906144e-02,1.007544589553287673e-03
3.650000000000000000e+02,2.440663634470935373e-01,1.172979112248878977e-02,-3.088832781259678167e-04,1.647924256711283050e-02,-7.460297669570803598e-05
3.660000000000000000e+02,2.440245939904587824e-01,1.172644938787447549e-02,-8.020163074356139810e-04,1.648492195201241989e-02,1.363052375901475542e-03
3.670000000000000000e+02,2.440192887653876153e-01,1.172664781389550111e-02,4.762224504608410409e-05,1.648700011939402757e-02,4.987601715860990638e-04
3.680000000000000000e+02,2.440158471304319232e-01,1.172456240506681950e-02,-5.004981188835089852e-04,1.649205031850242351e-02,1.212047786014798555e-03
3.690000000000000000e+02,2.440162391906150752e-01,1.172434092597700317e-02,-5.315498155590662197e-05,1.649492223114690931e-02,6.892590346764207064e-04
3.700000000000000000e+02,2.440147850823198850e-01,1.172276672973685333e-02,-3.778070976361697347e-04,1.649951684499590190e-02,1.102707323757846566e-03
3.710000000000000000e+02,2.440147131843720951e-01,1.172228383022551335e-02,-1.158958827218022568e-04,1.650286299053432479e-02,8.030749292215392078e-04
3.720000000000000000e+02,2.440135728641132096e-01,1.172102944157102367e-02,-3.010532770773566833e-04,1.650723036426667359e-02,1.048169695763790168e-03
3.730000000000000000e+02,2.440529202632964190e-01,1.171992368585599194e-02,-2.653813716076112452e-04,1.650811685795219169e-02,2.127584845242090151e-04
3.740000000000000000e+02,2.440318044018615073e-01,1.171743884862992170e-02,-5.963609342568214171e-04,1.651244761407988718e-02,1.039381470646795220e-03
3.750000000000000000e+02,2.440299800719848700e-01,1.171702939636666552e-02,-9.826854318153164288e-05,1.651463317261626582e-02,5.245340487309051647e-04
3.760000000000000000e+02,2.440279665858692548e-01,1.171527260331798638e-02,-4.216303316830254870e-04,1.651855999791469742e-02,9.424380716239143512e-04
3.770000000000000000e+02,2.440282918432708781e-01,1.171463580913518522e-02,-1.528306038723950804e-04,1.652120214682138363e-02,6.341157376050778017e-04
3.780000000000000000e+02,2.440272813999705970e-01,1.171321752622391139e-02,-3.403878987057753721e-04,1.652485449026897674e-02,8.765624274221397831e-04
3.790000000000000000e+02,2.440274217213100616e-01,1.171245611888762674e-02,-1.827377607083925811e-04,1.652776422068412410e-02,6.983352996350365239e-04
3.800000000000000000e+02,2.440266345579900908e-01,1.171124805540259099e-02,-2.899352364087815566e-04,1.653128087897536014e-02,8.439979898968576026e-04
3.810000000000000000e+02,2.440264933088806265e-01,1.171043747687125491e-02,-1.945388475207258678e-04,1.653437415034420335e-02,7.423851285219884360e-04
3.820000000000000000e+02,2.440259815741264715e-01,1.170937626985296340e-02,-2.546896843897690868e-04,1.653782414678521898e-02,8.279991458437576963e-04
3.830000000000000000e+02,2.440256550590971796e-01,1.170855492123012986e-02,-1.971236694800541879e-04,1.654104588049010172e-02,7.732160891720387492e-04
3.840000000000000000e+02,2.440250452522957081e-01,1.170760358331176393e-02,-2.283211004079665801e-04,1.654449213455479531e-02,8.271009755266355923e-04
3.850000000000000000e+02,2.440246221570833152e-01,1.170680381824476014e-02,-1.919436160808158406e-04,1.654781808430459689e-02,7.982279399521261020e-04
3.860000000000000000e+02,2.440240376659372212e-01,1.170593777251274434e-02,-2.078509756836509077e-04,1.655129071787316344e-02,8.334320564562675568e-04
3.870000000000000000e+02,2.440236066473044363e-01,1.170516728271378364e-02,-1.849175517506506392e-04,1.655470655618527034e-02,8.198011949054538573e-04
3.880000000000000000e+02,2.440530518031294172e-01,1.170386811738050384e-02,-3.117996799869592918e-04,1.655626992120298041e-02,3.752076042508144379e-04
3.890000000000000000e+02,2.440358317868971672e-01,1.170214793593883813e-02,-4.128435459999606075e-04,1.655983770682028025e-02,8.562685481521296795e-04
3.900000000000000000e+02,2.440334877953644066e-01,1.170160980235250905e-02,-1.291520607187819983e-04,1.656229252624886669e-02,5.891566628608303205e-04
3.910000000000000000e+02,2.440320765284753057e-01,1.170036990401324140e-02,-2.975756014242819138e-04,1.656569889583417443e-02,8.175287004738682368e-04
3.920000000000000000e+02,2.440319327661982785e-01,1.169973933659231545e-02,-1.513361810220950079e-04,1.656843217146854522e-02,6.559861522487704525e-04
3.930000000000000000e+02,2.440312510307370286e-01,1.169869685173637389e-02,-2.501963654258812335e-04,1.657172313082792142e-02,7.898302462502422485e-04
3.940000000000000000e+02,2.440310601185948225e-01,1.169801748754746053e-02,-1.630474053391845119e-04,1.657462769565872310e-02,6.970955593925872709e-04
3.950000000000000000e+02,2.440304368569860272e-01,1.169711027466341195e-02,-2.177310921716569235e-04,1.657787075205960012e-02,7.783335362101840866e-04
3.960000000000000000e+02,2.440299614698601127e-01,1.169642763828605478e-02,-1.638327305658075425e-04,1.658091016093750716e-02,7.294581306975724422e-04
3.970000000000000000e+02,2.440294128376156724e-01,1.169562510202593227e-02,-1.926087024295764015e-04,1.658415456235911786e-02,7.786563411865901228e-04
3.980000000000000000e+02,2.440583550710728744e-01,1.169445343675535459e-02,-2.811996649386650990e-04,1.658540199032233070e-02,2.993827111710517367e-04
3.990000000000000000e+02,2.440424226408673125e-01,1.169276665951426986e-02,-4.048265378602195277e-04,1.658864474565565836e-02,7.782612799988423979e-04
4.000000000000000000e+02,2.440406262021445616e-01,1.169225810934254768e-02,-1.220520412135252036e-04,1.659073740258663193e-02,5.022376634335892027e-04
4.010000000000000000e+02,2.440392384597194209e-01,1.169103242715210586e-02,-2.941637257061327287e-04,1.659379559514498684e-02,7.339662140048982880e-04
4.020000000000000000e+02,2.440393266522277171e-01,1.169042607352173586e-02,-1.455248712889630272e-04,1.659615109144276998e-02,5.653191114683597156e-04
4.030000000000000000e+02,2.440387310912425223e-01,1.168939292356909430e-02,-2.479559886337930562e-04,1.659907222787005560e-02,7.010727425482123293e-04
4.040000000000000000e+02,2.440384422541110043e-01,1.168873935999191829e-02,-1.568552585222101649e-04,1.660159806099134605e-02,6.061999491100339204e-04
4.050000000000000000e+02,2.440380648300047584e-01,1.168784288745735103e-02,-2.151534082960637252e-04,1.660445775837430735e-02,6.863273719108788605e-04
4.060000000000000000e+02,2.440377398682032628e-01,1.168717531939245449e-02,-1.602163355752606391e-04,1.660709774810525605e-02,6.335975354272882932e-04
4.070000000000000000e+02,2.440372685260532026e-01,1.168637980469608428e-02,-1.909235271289161883e-04,1.660994545813669621e-02,6.834504075460402610e-04
4.080000000000000000e+02,2.440370188394608286e-01,1.168571976767128831e-02,-1.584088859510665700e-04,1.661267388318153973e-02,6.548220107621297937e-04
4.090000000000000000e+02,2.440364886522369270e-01,1.168499685165179033e-02,-1.734998446793141783e-04,1.661553818626013840e-02,6.874327388633771387e-04
4.100000000000000000e+02,2.440361402941716162e-01,1.168436060327281839e-02,-1.526996109532763963e-04,1.661834692617927128e-02,6.740975805922823881e-04
4.110000000000000000e+02,2.440676247152476497e-01,1.168320263522185272e-02,-2.779123322319249187e-04,1.661912291845773354e-02,1.862381468310136848e-04
4.120000000000000000e+02,2.440505519815917013e-01,1.168151771085989069e-02,-4.043818468708603744e-04,1.662199124990319798e-02,6.883995469115632582e-04
4.130000000000000000e+02,2.440485678845644435e-01,1.168107000429940458e-02,-1.074495745166199542e-04,1.662366109963853145e-02,4.007639364801493390e-04
4.140000000000000000e+02,2.440471828919191510e-01,1.167987472666484443e-02,-2.868666322944685067e-04,1.662632762192121569e-02,6.399653478444760311e-04
4.150000000000000000e+02,2.440472808872807264e-01,1.167932507954542662e-02,-1.319153086601474898e-04,1.662826162780976780e-02,4.641614132525095134e-04
4.160000000000000000e+02,2.440468096116580055e-01,1.167833051985069613e-02,-2.386943267353250364e-04,1.663076804110220214e-02,6.015391901846047201e-04
4.170000000000000000e+02,2.440467241561987966e-01,1.167771710638778292e-02,-1.472192310989845409e-04,1.663286083334466342e-02,5.022701381909016206e-04
4.180000000000000000e+02,2.440464408352195358e-01,1.167685620732895196e-02,-2.066157741195082142e-04,1.663528225722557194e-02,5.811417314181781648e-04
4.190000000000000000e+02,2.440463180627359674e-01,1.167622006163882009e-02,-1.526749656318173679e-04,1.663747223091124189e-02,5.255936845604376132e-04
4.200000000000000000e+02,2.440459413116772280e-01,1.167545221878898802e-02,-1.842822839599005103e-04,1.663986483240369532e-02,5.742243581888622746e-04
4.210000000000000000e+02,2.440457904076397677e-01,1.167482243300562578e-02,-1.511485880069835279e-04,1.664212741796425310e-02,5.430205345339064651e-04
4.220000000000000000e+02,2.440452808081028102e-01,1.167412612244226634e-02,-1.671145352064433995e-04,1.664452791886362679e-02,5.761202158494492694e-04
4.230000000000000000e+02,2.440451769665261950e-01,1.167351912506512691e-02,-1.456793705135160124e-04,1.664684972333771440e-02,5.572330737808179040e-04
4.240000000000000000e+02,2.440447539217030781e-01,1.167287927225059939e-02,-1.535646754865476599e-04,1.664926202196111149e-02,5.789516696149496098e-04
4.250000000000000000e+02,2.440442584284459593e-01,1.167230541320105237e-02,-1.377261718911915091e-04,1.665165502015772056e-02,5.743195671863184212e-04
4.260000000000000000e+02,2.440439619203034483e-01,1.167171943333049876e-02,-1.406351689328098637e-04,1.665410252212832370e-02,5.874004729446786121e-04
4.270000000000000000e+02,2.440436313968198101e-01,1.167117035081089403e-02,-1.317798047052127293e-04,1.665654951414046250e-02,5.872780829129331352e-04
4.280000000000000000e+02,2.440698102050113394e-01,1.167014087343287189e-02,-2.470745707251473309e-04,1.665735852546654586e-02,1.941627182603779343e-04
4.290000000000000000e+02,2.440538753526959315e-01,1.166878647250812508e-02,-3.250562219390422847e-04,1.665992967809521233e-02,6.170766308802296072e-04
4.300000000000000000e+02,2.440517819587421644e-01,1.166845757771140663e-02,-7.893475121238706848e-05,1.666153384885032951e-02,3.850009812277640055e-04
4.310000000000000000e+02,2.440505185197093529e-01,1.166752463126446634e-02,-2.239071472655430179e-04,1.666395884197146085e-02,5.819983490718302725e-04
4.320000000000000000e+02,2.440505474337985592e-01,1.166710994109738248e-02,-9.952564010028369743e-05,1.666579495353301063e-02,4.406667747719825038e-04
4.330000000000000000e+02,2.440499444694263220e-01,1.166633855789266962e-02,-1.851319691312588859e-04,1.666811293542299482e-02,5.563156535958559742e-04
4.340000000000000000e+02,2.440498508323110660e-01,1.166587855404416924e-02,-1.104009236401219327e-04,1.667009165061087914e-02,4.748916450923084190e-04
4.350000000000000000e+02,2.440494467285320990e-01,1.166521567475047559e-02,-1.590910304865840810e-04,1.667235640053138512e-02,5.435399809212142653e-04
4.360000000000000000e+02,2.440491923608968938e-01,1.166474014763357707e-02,-1.141265080555206932e-04,1.667443862675835331e-02,4.997342944726799064e-04
4.370000000000000000e+02,2.440489917441768519e-01,1.166414694284931969e-02,-1.423691482216876008e-04,1.667668992227380395e-02,5.403109237081715928e-04
4.380000000000000000e+02,2.440485232503781243e-01,1.166367463303040475e-02,-1.133543565396409500e-04,1.667885328120825156e-02,5.192061442673717329e-04
4.390000000000000000e+02,2.440482006383330738e-01,1.166314416393949768e-02,-1.273125818175614720e-04,1.668112584518636685e-02,5.454153547473232543e-04
4.400000000000000000e+02,2.440772792688199466e-01,1.166218669220289890e-02,-2.297932167838594186e-04,1.668145392816547043e-02,7.873991498497790028e-05
4.410000000000000000e+02,2.440613754581827388e-01,1.166073966434995855e-02,-3.472866847057304632e-04,1.668371861263170247e-02,5.435242718952962987e-04
4.420000000000000000e+02,2.440595174332238215e-01,1.166044606788689715e-02,-7.046315113461853888e-05,1.668486190751210935e-02,2.743907712978647766e-04
4.430000000000000000e+02,2.440583537752032128e-01,1.165944279323985651e-02,-2.407859152897995792e-04,1.668693589928122584e-02,4.977580245881897203e-04
4.440000000000000000e+02,2.440585216882229791e-01,1.165904167767950819e-02,-9.626773448347995484e-05,1.668831635362341692e-02,3.313090421257430069e-04
4.450000000000000000e+02,2.440581433746095985e-01,1.165821615796182667e-02,-1.981247322434975962e-04,1.669023370806106688e-02,4.601650650359579656e-04
4.460000000000000000e+02,2.440582535072925718e-01,1.165774247181382978e-02,-1.136846755191613648e-04,1.669175028092390045e-02,3.639774870799503495e-04
4.470000000000000000e+02,2.440578405473358414e-01,1.165703670060073277e-02,-1.693850911434315932e-04,1.669358515655549463e-02,4.403701515823007888e-04
4.480000000000000000e+02,2.440578878621679493e-01,1.165653967184390565e-02,-1.192869016384616150e-04,1.669518890238273767e-02,3.848989985382626007e-04
4.490000000000000000e+02,2.440575551928633458e-01,1.165591442268253293e-02,-1.500597987293603424e-04,1.669698381642879814e-02,4.307793710546468642e-04
4.500000000000000000e+02,2.440574063292919593e-01,1.165541842193610483e-02,-1.190401791428716917e-04,1.669865572110025564e-02,4.012571211499586874e-04
4.510000000000000000e+02,2.440571630951055004e-01,1.165485984776806760e-02,-1.340578003288529481e-04,1.670043469047773066e-02,4.269526505943807516e-04
4.520000000000000000e+02,2.440569907526008997e-01,1.165437625874759207e-02,-1.160613649139541689e-04,1.670215478564801570e-02,4.128228408684089454e-04
4.530000000000000000e+02,2.440567558938636916e-01,1.165386477337322126e-02,-1.227564898489947427e-04,1.670394058803943704e-02,4.285925739413494625e-04
4.540000000000000000e+02,2.440565824910370107e-01,1.165339982326893918e-02,-1.115880250277084243e-04,1.670570000095807431e-02,4.222591004729952906e-04
4.550000000000000000e+02,2.440562328056527508e-01,1.165292911705296218e-02,-1.129694918346295374e-04,1.670750872056211284e-02,4.340927049691018836e-04
4.560000000000000000e+02,2.440559434921383275e-01,1.165249506132518854e-02,-1.041733746658042478e-04,1.670931176464454659e-02,4.327305797844093241e-04
4.570000000000000000e+02,2.440556811728234465e-01,1.165205826138096361e-02,-1.048319866138866985e-04,1.671115253055716066e-02,4.417838190271795818e-04
4.580000000000000000e+02,2.440554300488096684e-01,1.165164888349095804e-02,-9.825069360125241770e-05,1.671299446877077058e-02,4.420651712663735910e-04
4.590000000000000000e+02,2.440551759617040350e-01,1.165124038472598912e-02,-9.803970359244553714e-05,1.671486863738642220e-02,4.498004677565951587e-04
4.600000000000000000e+02,2.440548705403068064e-01,1.165085661184218392e-02,-9.210549211330850447e-05,1.671675106664657212e-02,4.517830224357767413e-04
4.610000000000000000e+02,2.440848622179646599e-01,1.164996947495637244e-02,-2.129128525949455959e-04,1.671669814453656533e-02,-1.270130640153413525e-05
4.620000000000000000e+02,2.440671602803469176e-01,1.164861946429885178e-02,-3.240025578049836731e-04,1.671869898066905696e-02,4.802006717979688337e-04
4.630000000000000000e+02,2.440650584993571681e-01,1.164847276477000253e-02,-3.520788692382018428e-05,1.671953247237559226e-02,2.000380095682725368e-04
4.640000000000000000e+02,2.440638465955122793e-01,1.164758372445979032e-02,-2.133696744511162766e-04,1.672133650707156166e-02,4.329683270323602231e-04
4.650000000000000000e+02,2.440640579512024788e-01,1.164731515279011746e-02,-6.445720072152685246e-05,1.672241804404725821e-02,2.595688741674124535e-04
4.660000000000000000e+02,2.440636788926516254e-01,1.164660285783124596e-02,-1.709507901290367238e-04,1.672405693997548737e-02,3.933350227754089197e-04
4.670000000000000000e+02,2.440636885060611383e-01,1.164626081796210980e-02,-8.208956859256531704e-05,1.672527923502016220e-02,2.933508107217339968e-04
4.680000000000000000e+02,2.440633635690884762e-01,1.164566148312783621e-02,-1.438403602258666648e-04,1.672683915853862696e-02,3.743816444316815941e-04
4.690000000000000000e+02,2.440633148955941856e-01,1.164528997810197058e-02,-8.916120620766046674e-05,1.672815134845037979e-02,3.149255788206096855e-04
4.700000000000000000e+02,2.440631438756043770e-01,1.164476562991077074e-02,-1.258435658880793914e-04,1.672966696139547779e-02,3.637471068235973164e-04
4.710000000000000000e+02,2.440629868227426613e-01,1.164438416574541113e-02,-9.155139968620916945e-05,1.673104190107146255e-02,3.299855222362409928e-04
4.720000000000000000e+02,2.440629006535165735e-01,1.164391656761836619e-02,-1.122235504907913105e-04,1.673253548328423185e-02,3.584597310645912878e-04
4.730000000000000000e+02,2.440627325758948640e-01,1.164353257624742288e-02,-9.215792902640950477e-05,1.673395756080955921e-02,3.412986060782689226e-04
4.740000000000000000e+02,2.440623808610463963e-01,1.164311653493287253e-02,-9.984991549220954658e-05,1.673545808368324256e-02,3.601254896837582085e-04
4.750000000000000000e+02,2.440622300795967092e-01,1.164274924376801183e-02,-8.814987956670908439e-05,1.673692555430899773e-02,3.521929501816266632e-04
4.760000000000000000e+02,2.440620079215233551e-01,1.164236622994706087e-02,-9.192331702836190326e-05,1.673844099479341110e-02,3.637057162594947777e-04
4.770000000000000000e+02,2.440618278676644493e-01,1.164201684044829065e-02,-8.385347970500224102e-05,1.673994303721357615e-02,3.604901808399654925e-04
4.780000000000000000e+02,2.440615953870143573e-01,1.164166197721972114e-02,-8.516717485667973323e-05,1.674148161260565967e-02,3.692580941002395031e-04
4.790000000000000000e+02,2.440613737691117169e-01,1.164133207063286143e-02,-7.917758084646566992e-05,1.674301999490379264e-02,3.692117515522092322e-04
4.800000000000000000e+02,2.440610558673851904e-01,1.164100680052995718e-02,-7.806482469713126743e-05,1.674458990437433306e-02,3.767782729297236653e-04
