# Time, SliderHeight, Motor1Pos, Motor1Vel, Motor2Pos, Motor2Vel
0.000000000000000000e+00,2.600000000000000089e-01,0.000000000000000000e+00,0.000000000000000000e+00,0.000000000000000000e+00,0.000000000000000000e+00
1.000000000000000000e+00,2.489789602398226886e-01,1.081484556198120074e-03,2.595562934875488281e-01,-1.145667007133126474e-05,-2.749600817119503618e-03
2.000000000000000000e+00,2.587139554549718889e-01,2.077869772911071933e-03,2.391324520111084428e-01,4.616971537962264133e-04,1.135569177282138437e-01
3.000000000000000000e+00,2.617047221703768800e-01,2.943502843379974549e-03,2.077519369125366555e-01,4.922280235437864315e-04,7.327408739414412175e-03
4.000000000000000000e+00,2.573362227240507671e-01,3.853559774160385427e-03,2.184136633872986177e-01,8.181251193489559072e-04,7.821530299324065683e-02
5.000000000000000000e+00,2.594828603864504091e-01,4.666996254324913204e-03,1.952247552394867358e-01,9.149730821698509164e-04,2.324351107701479874e-02
6.000000000000000000e+00,2.566917780175128616e-01,5.487911928117275573e-03,1.970197617101669130e-01,1.148791075885367786e-03,5.611631849172406955e-02
7.000000000000000000e+00,2.568779871578216745e-01,6.246524776595830872e-03,1.820670836348533272e-01,1.267307195863801158e-03,2.844386879482398850e-02
8.000000000000000000e+00,2.547933028259071198e-01,6.993774526337981357e-03,1.793399399381161163e-01,1.445988649886934029e-03,4.288354896555189588e-02
9.000000000000000000e+00,2.539181333946657348e-01,7.696930128055989688e-03,1.687573444123220412e-01,1.564468759798880344e-03,2.843522637886714000e-02
1.000000000000000000e+01,2.519628138873077350e-01,8.381012282715601114e-03,1.641797171183066728e-01,1.706875473759133328e-03,3.417761135046071957e-02
1.100000000000000000e+01,2.504445358886409068e-01,9.030988694977488962e-03,1.559943389428529448e-01,1.815991313623653179e-03,2.618780156748478152e-02
1.200000000000000000e+01,2.483561865357371001e-01,9.659413291589969558e-03,1.508219031869953985e-01,1.932173135325962812e-03,2.788363720855430855e-02
1.300000000000000000e+01,2.463674958186489738e-01,1.025967341087152471e-02,1.440624286275731802e-01,2.028355915814553014e-03,2.308386731726166929e-02
1.400000000000000000e+01,2.104910455270860847e-01,1.083829886992522182e-02,1.388701101728873344e-01,2.124014424816420346e-03,2.295804216044816659e-02
1.500000000000000000e+01,2.142420515769160039e-01,1.139264900040401311e-02,1.330440313149099107e-01,2.206393713535951314e-03,1.977102929268741149e-02
1.600000000000000000e+01,2.212070120199454981e-01,1.192634337788001445e-02,1.280866505942405142e-01,2.285034839564236298e-03,1.887387024678835110e-02
1.700000000000000000e+01,2.403476805956585582e-01,1.243857472728887928e-02,1.229355238581277127e-01,2.353938693660706429e-03,1.653692498315278633e-02
1.800000000000000000e+01,2.363463258418234680e-01,1.293153102231270508e-02,1.183095108057180544e-01,2.417924386529228444e-03,1.535656628844526625e-02
1.900000000000000000e+01,2.357010600506934117e-01,1.340523838361662272e-02,1.136897667129400935e-01,2.474245213665978924e-03,1.351699851282012199e-02
2.000000000000000000e+01,2.357416321580331764e-01,1.386116275143971753e-02,1.094218482775429074e-01,2.525364856665724030e-03,1.226871431993884452e-02
2.100000000000000000e+01,2.360002822642528753e-01,1.429969363807289708e-02,1.052474127919631880e-01,2.570133823139732644e-03,1.074455195376211071e-02
2.200000000000000000e+01,2.362570867663620899e-01,1.472189685925636912e-02,1.013287730840330969e-01,2.609854689351847300e-03,9.533007890907467183e-03
2.300000000000000000e+01,2.365327684333651537e-01,1.512831441648519043e-02,9.754021373491701674e-02,2.644120342576140436e-03,8.223756773830397798e-03
2.400000000000000000e+01,2.367834896728158445e-01,1.551979769922231731e-02,9.395598785691050558e-02,2.673679113497169982e-03,7.094105021047138714e-03
2.500000000000000000e+01,2.370326678588327018e-01,1.589691626266139315e-02,9.050845522537845356e-02,2.698465399104028190e-03,5.948708545645959439e-03
2.600000000000000000e+01,2.372638829072546141e-01,1.626037344126214645e-02,8.722972286418041732e-02,2.718944722498510720e-03,4.915037614675848120e-03
2.700000000000000000e+01,2.374883714121891753e-01,1.661074263133442350e-02,8.408860561734647632e-02,2.735196341956832276e-03,3.900388669997151801e-03
2.800000000000000000e+01,2.376993920143226635e-01,1.694863525691981190e-02,8.109423014049321754e-02,2.747547929514244144e-03,2.964381013778890663e-03
2.900000000000000000e+01,2.379022812335647719e-01,1.727458371819810129e-02,7.822763070678957764e-02,2.756145415191685495e-03,2.063396562585908308e-03
3.000000000000000000e+01,2.380941908792775230e-01,1.758913870076303163e-02,7.549319581558348868e-02,2.761233466482476868e-03,1.221132309789944555e-03
3.100000000000000000e+01,2.382778092143687243e-01,1.789278986111856456e-02,7.287627848532768349e-02,2.762978677608917896e-03,4.188506703458319200e-04
3.200000000000000000e+01,2.384521799282786902e-01,1.818602557364981664e-02,7.037657100750029093e-02,2.761578773091173319e-03,-3.359770842586644974e-04
3.300000000000000000e+01,2.386185148552830426e-01,1.846929729606729825e-02,6.798521338019546112e-02,2.757199878830529725e-03,-1.050934622554508058e-03
3.400000000000000000e+01,2.387766141526895536e-01,1.874305306335203800e-02,6.570138414833771867e-02,2.750009510008546987e-03,-1.725688517275854490e-03
3.500000000000000000e+01,2.389271151959186101e-01,1.900770802764807990e-02,6.351719143105029330e-02,2.740170505065077106e-03,-2.361361186432719712e-03
3.600000000000000000e+01,2.390706084371826967e-01,1.926365370690770462e-02,6.142696302231003685e-02,2.727823671192129967e-03,-2.963240129507335209e-03
3.700000000000000000e+01,2.392068706516362053e-01,1.951127822971555556e-02,5.942988547388426690e-02,2.713119782935529724e-03,-3.528933181584081695e-03
3.800000000000000000e+01,2.393366920541117049e-01,1.975093687173894857e-02,5.751807408561449009e-02,2.696194837971736119e-03,-4.061986791310423506e-03
3.900000000000000000e+01,2.394604125192246746e-01,1.998296726184406458e-02,5.568729362522798626e-02,2.677171594740983349e-03,-4.565578375380659540e-03
4.000000000000000000e+01,2.395776516978295467e-01,2.020771498855440662e-02,5.393945441048224321e-02,2.656184783777903492e-03,-5.036834631139214258e-03
4.100000000000000000e+01,2.396894056548019569e-01,2.042548512012290138e-02,5.226483157643850574e-02,2.633350249719596577e-03,-5.480288173993622287e-03
4.200000000000000000e+01,2.397958755736392389e-01,2.063657009811115800e-02,5.066039471718191550e-02,2.608772975952572317e-03,-5.898545704085773889e-03
4.300000000000000000e+01,2.398968024279949374e-01,2.084126292094596808e-02,4.912627748035446745e-02,2.582572036092109762e-03,-6.288225566511007961e-03
4.400000000000000000e+01,2.399929188232869937e-01,2.103983324597138993e-02,4.765687800610129976e-02,2.554843653891493687e-03,-6.654811728147884062e-03
4.500000000000000000e+01,2.400841439652951492e-01,2.123254164406193634e-02,4.625001554173083229e-02,2.525693533987489504e-03,-6.996028776961019449e-03
4.600000000000000000e+01,2.401710776940804148e-01,2.141962858740398268e-02,4.490086640209117047e-02,2.495206074498344372e-03,-7.316990277394804822e-03
4.700000000000000000e+01,2.402534094296938372e-01,2.160134030045707601e-02,4.361081113274206666e-02,2.463476739731599793e-03,-7.615040344018722367e-03
4.800000000000000000e+01,2.403316924440998537e-01,2.177788646188417304e-02,4.237107874250334305e-02,2.430604757563096727e-03,-7.889275720440711709e-03
4.900000000000000000e+01,2.404061497559714655e-01,2.194948558171489275e-02,4.118378875937298705e-02,2.396657363913177758e-03,-8.147374475980581968e-03
5.000000000000000000e+01,2.404766600516603514e-01,2.211634027756045895e-02,4.004512700293572092e-02,2.361725950955750192e-03,-8.383539109782648865e-03
5.100000000000000000e+01,2.405434581056208609e-01,2.227865078584539624e-02,3.895452198838486590e-02,2.325887279433187533e-03,-8.601281165415005162e-03
5.200000000000000000e+01,2.406071462739518829e-01,2.243658539603027996e-02,3.790430644437199625e-02,2.289211806910807466e-03,-8.802113405371195243e-03
5.300000000000000000e+01,2.406672933119981539e-01,2.259033133590575976e-02,3.689902557011479761e-02,2.251766325871001288e-03,-8.986915449553467203e-03
5.400000000000000000e+01,2.407242162797032237e-01,2.274005711182979644e-02,3.593418622176887400e-02,2.213628057971436282e-03,-9.153184295895615274e-03
5.500000000000000000e+01,2.407785580618080346e-01,2.288591438155105837e-02,3.500574473310276435e-02,2.174841498132761008e-03,-9.308774361282058651e-03
5.600000000000000000e+01,2.408297056213971055e-01,2.302806348584223242e-02,3.411578502988171779e-02,2.135478470624725070e-03,-9.447126601928642481e-03
5.700000000000000000e+01,2.408785084859848824e-01,2.316664277260371829e-02,3.325902882275668521e-02,2.095584780290018524e-03,-9.574485680329607520e-03
5.800000000000000000e+01,2.409246986226835641e-01,2.330179464224192351e-02,3.243644871316918310e-02,2.055210187218496371e-03,-9.689902337165278573e-03
5.900000000000000000e+01,2.409686794540871480e-01,2.343364725450034283e-02,3.164462694202035270e-02,2.014399837705878240e-03,-9.794483883028393123e-03
6.000000000000000000e+01,2.410101584736064340e-01,2.356233384332268380e-02,3.088478131736186599e-02,1.973201249322510068e-03,-9.887661212008350825e-03
6.100000000000000000e+01,2.410498545977245166e-01,2.368796835184605945e-02,3.015228204560986558e-02,1.931649263530334617e-03,-9.972476590122089299e-03
6.200000000000000000e+01,2.410871919009014430e-01,2.381067718321440430e-02,2.945011952840259628e-02,1.889780013174912742e-03,-1.004862008530123599e-02
6.300000000000000000e+01,2.411229309113041563e-01,2.393055620762630717e-02,2.877096585885647456e-02,1.847638443226157787e-03,-1.011397678770118227e-02
6.400000000000000000e+01,2.411566205770098448e-01,2.404772152507516497e-02,2.811967618772620581e-02,1.805244780781343344e-03,-1.017447898675544193e-02
6.500000000000000000e+01,2.411886790652912338e-01,2.416227165238114469e-02,2.749203055343524965e-02,1.762642414052177989e-03,-1.022456801499967843e-02
6.600000000000000000e+01,2.412190299280671246e-01,2.427430718790636252e-02,2.688852852605189137e-02,1.719845481308352559e-03,-1.027126385851811347e-02
6.700000000000000000e+01,2.412478174870189562e-01,2.438391270138648773e-02,2.630532323522998331e-02,1.676901324846596843e-03,-1.030659755082135448e-02
6.800000000000000000e+01,2.412753077990335282e-01,2.449117622991814694e-02,2.574324684759781920e-02,1.633814889619884846e-03,-1.034074445441087765e-02
6.900000000000000000e+01,2.413009932792748446e-01,2.459618893232954490e-02,2.520304857873560678e-02,1.590629667123850391e-03,-1.036445339904824847e-02
7.000000000000000000e+01,2.413257014336532280e-01,2.469902687966617563e-02,2.468110736079169934e-02,1.547355851179022706e-03,-1.038571582675864614e-02
7.100000000000000000e+01,2.413487456065868397e-01,2.479977643620353417e-02,2.417989356896582329e-02,1.504015401324652803e-03,-1.040170796504879744e-02
7.200000000000000000e+01,2.413707499935495160e-01,2.489850337951087997e-02,2.369446639376339772e-02,1.460651050203955669e-03,-1.040744426896732765e-02
7.300000000000000000e+01,2.413916110853812635e-01,2.499527886723078990e-02,2.322611705277800517e-02,1.417244228911624044e-03,-1.041763711015957633e-02
7.400000000000000000e+01,2.414111893146614340e-01,2.509017286386462653e-02,2.277455919212073576e-02,1.373859720477017083e-03,-1.041228202430566005e-02
7.500000000000000000e+01,2.414300487040606791e-01,2.518324240580182075e-02,2.233669006492701101e-02,1.330467533468923224e-03,-1.041412488194252625e-02
7.600000000000000000e+01,2.414474217956326385e-01,2.527456266231492207e-02,2.191686156314395090e-02,1.287115866406995761e-03,-1.040440009486256513e-02
7.700000000000000000e+01,2.414642699809013415e-01,2.536417740645769900e-02,2.150753859426665290e-02,1.243827401040824331e-03,-1.038923168788115706e-02
7.800000000000000000e+01,2.414798434644645775e-01,2.545215593546637164e-02,2.111484696208175416e-02,1.200558902943886334e-03,-1.038443954326510009e-02
7.900000000000000000e+01,2.414947358161369240e-01,2.553854851037021950e-02,2.073421797692369742e-02,1.157446990252649103e-03,-1.034685904589694068e-02
8.000000000000000000e+01,2.415089480579462877e-01,2.562339470898528440e-02,2.036308766761596445e-02,1.114290730613966447e-03,-1.035750231328385305e-02
8.100000000000000000e+01,2.415215674928493650e-01,2.570678332260335069e-02,2.001326726833574376e-02,1.071449459868357296e-03,-1.028190497894618249e-02
8.200000000000000000e+01,2.415350641030541701e-01,2.578869366056622814e-02,1.965848111109051374e-02,1.028395442831861765e-03,-1.033296408875894294e-02
8.300000000000000000e+01,2.415450520511389643e-01,2.586927286191316802e-02,1.933900832326582511e-02,9.859790706204156572e-04,-1.017992933074708499e-02
8.400000000000000000e+01,2.415591423351929612e-01,2.594840483352297417e-02,1.899167318635337429e-02,9.428731228476679074e-04,-1.034542746545945476e-02
8.500000000000000000e+01,2.415638322489223888e-01,2.602638731738980346e-02,1.871579612803911732e-02,9.013478976733517098e-04,-9.966054041835882213e-03
8.600000000000000000e+01,2.415839347423128780e-01,2.610282008938035955e-02,1.834386527773373965e-02,8.575399132975077606e-04,-1.051391625020254954e-02
8.700000000000000000e+01,2.415667864210298832e-01,2.617849496514070701e-02,1.816197018248337861e-02,8.190967519483921761e-04,-9.226358723787750696e-03
8.800000000000000000e+01,2.416255725823006906e-01,2.625196806255760892e-02,1.763354338005608535e-02,7.718840483289626016e-04,-1.133104886866309266e-02
8.900000000000000000e+01,2.415451945971078540e-01,2.632643159689244602e-02,1.787124824036063347e-02,7.423737028563410015e-04,-7.082482913429189245e-03
9.000000000000000000e+01,2.417392167322499341e-01,2.639588249696967620e-02,1.666821601853521115e-02,6.882391861276843320e-04,-1.299228401487761281e-02
9.100000000000000000e+01,2.414871422893100084e-01,2.646944384518935475e-02,1.765472357272314038e-02,6.640660342889734020e-04,-5.801556441290624082e-03
9.200000000000000000e+01,2.418153447716744897e-01,2.653569041477792795e-02,1.589917670125764668e-02,6.074813413452006877e-04,-1.358032630650545663e-02
9.300000000000000000e+01,2.414829064037309625e-01,2.660720238600303850e-02,1.716287309402682315e-02,5.796975895894999464e-04,-6.668100421368188327e-03
9.400000000000000000e+01,2.417702102681543175e-01,2.667217237677130259e-02,1.559279778438335193e-02,5.303355945787008871e-04,-1.184687880259177595e-02
9.500000000000000000e+01,2.415546166540872564e-01,2.674039190275327368e-02,1.637268623567304793e-02,4.919818102181199764e-04,-9.204908246539408173e-03
9.600000000000000000e+01,2.417764404332941874e-01,2.680594854933817175e-02,1.573359518037555430e-02,4.560428044926617057e-04,-8.625361374109984103e-03
9.700000000000000000e+01,2.416819307002878170e-01,2.686977139393396247e-02,1.531748270298955751e-02,4.131032469893587667e-04,-1.030549380079270015e-02
9.800000000000000000e+01,2.416385700591042740e-01,2.693406072144049340e-02,1.542943860156733085e-02,3.719467310566972810e-04,-9.877563823838761761e-03
9.900000000000000000e+01,2.417014930330637079e-01,2.699758733427234589e-02,1.524638707964489498e-02,3.396767760184079719e-04,-7.744789209189431589e-03
1.000000000000000000e+02,2.417468994097238533e-01,2.705815167519051018e-02,1.453544182035926453e-02,2.930711566085573939e-04,-1.118534865836413525e-02
1.010000000000000000e+02,2.416038881545982953e-01,2.712068654765599843e-02,1.500836939171718357e-02,2.588336270953114221e-04,-8.217007083179038440e-03
1.020000000000000000e+02,2.416991053089897479e-01,2.718026236041669319e-02,1.429819506256708832e-02,2.202880120393974626e-04,-9.250947613419352455e-03
1.030000000000000000e+02,2.416923674651377529e-01,2.723973112323372844e-02,1.427250307608855968e-02,1.758387265397749494e-04,-1.066782851990940445e-02
1.040000000000000000e+02,2.417447848384006170e-01,2.729997931163212835e-02,1.445956521561609157e-02,1.463796178119640249e-04,-7.070186094674621446e-03
1.050000000000000000e+02,2.417292218167610696e-01,2.735671677036968438e-02,1.361699009701308923e-02,1.088922487602301343e-04,-8.996968572416134610e-03
1.060000000000000000e+02,2.417146832095504461e-01,2.741376892329038667e-02,1.369251670096877961e-02,6.449097188373597959e-05,-1.065630645035859497e-02
1.070000000000000000e+02,2.417440228711787154e-01,2.747184101142582241e-02,1.393730115250453941e-02,3.595391707223723432e-05,-6.848893154759698974e-03
1.080000000000000000e+02,2.417524545648483958e-01,2.752627941437739423e-02,1.306521670837708718e-02,-1.458348980172625617e-06,-8.978943852578366927e-03
1.090000000000000000e+02,2.417174800496713905e-01,2.758126980581916340e-02,1.319769394602477233e-02,-4.447152438082294513e-05,-1.032316209615607647e-02
1.100000000000000000e+02,2.417424856366348629e-01,2.763708057532379345e-02,1.339458468111102800e-02,-7.283716348728183892e-05,-6.807753385550135809e-03
1.110000000000000000e+02,2.417504978357424561e-01,2.768953996528145459e-02,1.259025358983903789e-02,-1.092937134829122356e-04,-8.749571998951294338e-03
1.120000000000000000e+02,2.417293888888733255e-01,2.774245551032098606e-02,1.269973080948738099e-02,-1.517787790076159378e-04,-1.019641572592888679e-02
1.130000000000000000e+02,2.417402851166672029e-01,2.779631595432783403e-02,1.292650656164392835e-02,-1.794610214690252423e-04,-6.643738190738232227e-03
1.140000000000000000e+02,2.417607133150113108e-01,2.784684239396332042e-02,1.212634551251695093e-02,-2.154775934617365917e-04,-8.643977278250725149e-03
1.150000000000000000e+02,2.417315661443970864e-01,2.789791497367721113e-02,1.225741913133349646e-02,-2.568177592340855991e-04,-9.921639785363757860e-03
1.160000000000000000e+02,2.417337517227106103e-01,2.794985456997355414e-02,1.246550311112220796e-02,-2.840687635139282474e-04,-6.540241027162231255e-03
1.170000000000000000e+02,2.417568586445455192e-01,2.799862516459849029e-02,1.170494270998445260e-02,-3.192290378816040790e-04,-8.438465848242192660e-03
1.180000000000000000e+02,2.417382048438541653e-01,2.804790053814227788e-02,1.182608965050897451e-02,-3.599705795399358275e-04,-9.777969997999617913e-03
1.190000000000000000e+02,2.417314264447164573e-01,2.809812681678302421e-02,1.205430687377914874e-02,-3.865595021455093877e-04,-6.381341425337657899e-03
1.200000000000000000e+02,2.417635456203325872e-01,2.814520837306805010e-02,1.129957350840586974e-02,-4.212240404706446757e-04,-8.319489198032466518e-03
1.210000000000000000e+02,2.417368068332975684e-01,2.819286623922623650e-02,1.143788787796467740e-02,-4.607761898644575785e-04,-9.492515854515102755e-03
1.220000000000000000e+02,2.417205544583741206e-01,2.824138306536017051e-02,1.164403827214380641e-02,-4.868568165965877419e-04,-6.259350415711236598e-03
1.230000000000000000e+02,2.417540715509652882e-01,2.828691161518776670e-02,1.092685195862321684e-02,-5.205910796114670940e-04,-8.096223123571034963e-03
1.240000000000000000e+02,2.417425534350736427e-01,2.833296394745959262e-02,1.105255974523796682e-02,-5.597587462600701674e-04,-9.400239995664744566e-03
1.250000000000000000e+02,2.417217986915322081e-01,2.838000064625025368e-02,1.128880770975906542e-02,-5.851478288346159034e-04,-6.093379817890980099e-03
1.260000000000000000e+02,2.417644303235385872e-01,2.842402038845995640e-02,1.056473813032863043e-02,-6.185272458256405601e-04,-8.011060077845912411e-03
1.270000000000000000e+02,2.417346434033760261e-01,2.846866903832664941e-02,1.071567596800632703e-02,-6.560989167986242465e-04,-9.017201033516076061e-03
1.280000000000000000e+02,2.417008843651767824e-01,2.851411487884534385e-02,1.090700172448702196e-02,-6.809732229815235183e-04,-5.969833483895824362e-03
1.290000000000000000e+02,2.417409421684431903e-01,2.855676103826116502e-02,1.023507825979667538e-02,-7.131087152452418891e-04,-7.712518143292405523e-03
1.300000000000000000e+02,2.417470819210650879e-01,2.859989679053848849e-02,1.035258054655777658e-02,-7.511585360094085503e-04,-9.131956983399995217e-03
1.310000000000000000e+02,2.417185214274726046e-01,2.864413582502645800e-02,1.061736827711272542e-02,-7.752778115407150516e-04,-5.788626127513557713e-03
1.320000000000000000e+02,2.417726923893249447e-01,2.868539892405995786e-02,9.903143768039735645e-03,-8.076802996984731430e-04,-7.776597157861954088e-03
1.330000000000000000e+02,2.417193267732777318e-01,2.872732596888427289e-02,1.006249075783545270e-02,-8.422074472905792314e-04,-8.286515422105459466e-03
1.340000000000000000e+02,2.416629079307300865e-01,2.876957973807803270e-02,1.014090460650271704e-02,-8.660703617383600037e-04,-5.727099467467390570e-03
1.350000000000000000e+02,2.417405942811156061e-01,2.880882595813586203e-02,9.419092813878636797e-03,-8.986828430606393515e-04,-7.826995517347033055e-03
1.360000000000000000e+02,2.417420721009319873e-01,2.884902934676710981e-02,9.648813271499556352e-03,-9.345922641853331549e-04,-8.618261069926523230e-03
1.370000000000000000e+02,2.417420787931037762e-01,2.888968917132340303e-02,9.758357893510299225e-03,-9.590539415917882305e-04,-5.870802577549220740e-03
1.380000000000000000e+02,2.417864432203628566e-01,2.892780251129857885e-02,9.147201594042024542e-03,-9.903457526419762007e-04,-7.510034652045115451e-03
1.390000000000000000e+02,2.416541707521680515e-01,2.896616451994258809e-02,9.206882074562211873e-03,-1.015848539394279861e-03,-6.120668820552862752e-03
1.400000000000000000e+02,2.418247078270298889e-01,2.900292944462829967e-02,8.823581924570994897e-03,-1.055459113164200578e-03,-9.506537704780982506e-03
1.410000000000000000e+02,2.416731249854282282e-01,2.904218616809770004e-02,9.421613632655739118e-03,-1.075677943002646382e-03,-4.852519161226979266e-03
1.420000000000000000e+02,2.418120221675831572e-01,2.907752619356503143e-02,8.481606112159730329e-03,-1.108750052309312624e-03,-7.937306233599887573e-03
1.430000000000000000e+02,2.417075289241595870e-01,2.911422441154956631e-02,8.807572316288534917e-03,-1.138858359286858265e-03,-7.225993674610953037e-03
1.440000000000000000e+02,2.416804523579504094e-01,2.915043989815901959e-02,8.691716786268961770e-03,-1.163214125605718406e-03,-5.845383916526426804e-03
1.450000000000000000e+02,2.418118193595149013e-01,2.918469959367833017e-02,8.222326924634874162e-03,-1.199820624845853324e-03,-8.785559817632401097e-03
1.460000000000000000e+02,2.416130463284142937e-01,2.922124023286883088e-02,8.769753405720120618e-03,-1.219083550947538388e-03,-4.623102264404434572e-03
1.470000000000000000e+02,2.418055099723012136e-01,2.925377209284237695e-02,7.807646393651456601e-03,-1.253279637840938208e-03,-8.207060854415942908e-03
1.480000000000000000e+02,2.417221808253801618e-01,2.928858598442148423e-02,8.355333978985718391e-03,-1.284469084966049059e-03,-7.485467310026609408e-03
1.490000000000000000e+02,2.417558586009000143e-01,2.932293028315140215e-02,8.242631695180612991e-03,-1.309411253808429260e-03,-5.986120522171255176e-03
1.500000000000000000e+02,2.417685490706771578e-01,2.935583536201411339e-02,7.897218927050499854e-03,-1.337620943959724491e-03,-6.770325636310857084e-03
1.510000000000000000e+02,2.416744997780989057e-01,2.938898346099181116e-02,7.955543754647683569e-03,-1.361410319848711716e-03,-5.709450213356948023e-03
1.520000000000000000e+02,2.418249159869302611e-01,2.942045533096577375e-02,7.553248793751300184e-03,-1.398117719292727747e-03,-8.809775866563826496e-03
1.530000000000000000e+02,2.416522701767908621e-01,2.945438019100492244e-02,8.141966409395658480e-03,-1.416849255222029031e-03,-4.495568623032310772e-03
1.540000000000000000e+02,2.417961450340803398e-01,2.948477490484861449e-02,7.294731322486406114e-03,-1.447643307910232878e-03,-7.390572645168906780e-03
1.550000000000000000e+02,2.417147298140895073e-01,2.951652264680477630e-02,7.619458069478854054e-03,-1.476070733772270275e-03,-6.822582206888958001e-03
1.560000000000000000e+02,2.416810380150566095e-01,2.954803295646097477e-02,7.562474317487514162e-03,-1.498711303758231469e-03,-5.433736796630680467e-03
1.570000000000000000e+02,2.417495960093965501e-01,2.957771162858592595e-02,7.122881309988564509e-03,-1.527815098845297257e-03,-6.984910820895780595e-03
1.580000000000000000e+02,2.417457992124815713e-01,2.960825659328416432e-02,7.330791527577497010e-03,-1.558399241389506282e-03,-7.340194210610183345e-03
1.590000000000000000e+02,2.416904401331608498e-01,2.963926232823827639e-02,7.441376388986587279e-03,-1.579809418334737021e-03,-5.138442466855359068e-03
1.600000000000000000e+02,2.417469001793264849e-01,2.966836562439253977e-02,6.984791077022980618e-03,-1.606828952029050244e-03,-6.484688086635158853e-03
1.610000000000000000e+02,2.417271725476978494e-01,2.969769705068811202e-02,7.039542310937093109e-03,-1.635005343583632387e-03,-6.762333973099695153e-03
1.620000000000000000e+02,2.416466728726004431e-01,2.972747723835896319e-02,7.147245041004399516e-03,-1.655617313942415103e-03,-4.946872886107832670e-03
1.630000000000000000e+02,2.418144810198665784e-01,2.975512600401381338e-02,6.635703757164194798e-03,-1.689818777577335902e-03,-8.208351272380978031e-03
1.640000000000000000e+02,2.416015307810067125e-01,2.978545335761357063e-02,7.278564863941402313e-03,-1.706170785278543272e-03,-3.924481848289748838e-03
1.650000000000000000e+02,2.417629981389171900e-01,2.981231796934940767e-02,6.447506816600839449e-03,-1.734624027161962498e-03,-6.828778052020628014e-03
1.660000000000000000e+02,2.417435238723388002e-01,2.984058190136864089e-02,6.783343684615777969e-03,-1.764824692489088982e-03,-7.248159678510350014e-03
1.670000000000000000e+02,2.417078170706195295e-01,2.986937165161582253e-02,6.909540059323615938e-03,-1.785542166587291476e-03,-4.972193783568603850e-03
1.680000000000000000e+02,2.417665621559544065e-01,2.989627206415895744e-02,6.456099010352408900e-03,-1.812280047480567535e-03,-6.417091414386228224e-03
1.690000000000000000e+02,2.416631300754644440e-01,2.992404895525383607e-02,6.666453862771181890e-03,-1.832889506115192380e-03,-4.946270072309960977e-03
1.700000000000000000e+02,2.416916122348383988e-01,2.995048416780579301e-02,6.344451012469467382e-03,-1.856488624160209516e-03,-5.663788330804135282e-03
1.710000000000000000e+02,2.417835503184759260e-01,2.997669152537546164e-02,6.289765816720574096e-03,-1.888763789959129911e-03,-7.746039791740915587e-03
1.720000000000000000e+02,2.416682100454497772e-01,3.000470206160232162e-02,6.722528694446399007e-03,-1.906482324478116393e-03,-4.252448284556742571e-03
1.730000000000000000e+02,2.417786764334726168e-01,3.002992704318113021e-02,6.053995578913818308e-03,-1.934066020546799632e-03,-6.620087056483953125e-03
1.740000000000000000e+02,2.416392228027344768e-01,3.005674662108678841e-02,6.436698697357602465e-03,-1.952738758557438737e-03,-4.481457122553380093e-03
1.750000000000000000e+02,2.417013958476262880e-01,3.008174230069050187e-02,5.998963104891099664e-03,-1.976542593371953972e-03,-5.712920355483644061e-03
1.760000000000000000e+02,2.417581755287609435e-01,3.010692859017499376e-02,6.044709476278307264e-03,-2.006688186526699429e-03,-7.234942357138948905e-03
1.770000000000000000e+02,2.416562442735527838e-01,3.013352753433660297e-02,6.383746598785866415e-03,-2.024131428055856146e-03,-4.186377966997569498e-03
1.780000000000000000e+02,2.417539860759939374e-01,3.015768509749839482e-02,5.797815158830044169e-03,-2.050119922095112925e-03,-6.237238569421677328e-03
1.790000000000000000e+02,2.416286717849837895e-01,3.018320672034917676e-02,6.125189484187572482e-03,-2.068244453963903693e-03,-4.349887648509819828e-03
1.800000000000000000e+02,2.416829563705658879e-01,3.020710510712348515e-02,5.735612825834420121e-03,-2.090796397932477568e-03,-5.412466552457688429e-03
1.810000000000000000e+02,2.417619064891764757e-01,3.023107494305219897e-02,5.752760622890972300e-03,-2.121045545310646253e-03,-7.259795370760462573e-03
1.820000000000000000e+02,2.416533810187213027e-01,3.025670378492768819e-02,6.150922050117448893e-03,-2.137605143269727566e-03,-3.974303510179558532e-03
1.830000000000000000e+02,2.417582736823354617e-01,3.027974036984498393e-02,5.528780380151182734e-03,-2.163519703117808800e-03,-6.219494363539463180e-03
1.840000000000000000e+02,2.416317342468252694e-01,3.030431141355446889e-02,5.897050490276668257e-03,-2.181031920038951216e-03,-4.202932061074222438e-03
1.850000000000000000e+02,2.416908096372115955e-01,3.032719048471056028e-02,5.490977077461639717e-03,-2.203428199207400472e-03,-5.375107000427847490e-03
1.860000000000000000e+02,2.417052841546913633e-01,3.035027480472256289e-02,5.540236802880296567e-03,-2.228787124333970072e-03,-6.086142030376670044e-03
1.870000000000000000e+02,2.416104876187970263e-01,3.037421973485044530e-02,5.746783230692040223e-03,-2.245134910903030280e-03,-3.923468776574443040e-03
1.880000000000000000e+02,2.416838494123319803e-01,3.039638421288980846e-02,5.319474729447065502e-03,-2.267257117985301603e-03,-5.309329699745165242e-03
1.890000000000000000e+02,2.417228459174286248e-01,3.041889405644098918e-02,5.402362452283374777e-03,-2.294242331958223219e-03,-6.476451353501239822e-03
1.900000000000000000e+02,2.416227738448827600e-01,3.044259593777343120e-02,5.688451519786208617e-03,-2.309942116668904297e-03,-3.767948330563463451e-03
1.910000000000000000e+02,2.417142627570564861e-01,3.046413760545785970e-02,5.170000244262473212e-03,-2.333262925704518691e-03,-5.596994168547410504e-03
1.920000000000000000e+02,2.416027078151772034e-01,3.048690008805489404e-02,5.462995823288284772e-03,-2.349572045588760056e-03,-3.914188772217884124e-03
1.930000000000000000e+02,2.416893995136702444e-01,3.050774171031545717e-02,5.001989342535530410e-03,-2.372309981283285494e-03,-5.457104566686074749e-03
1.940000000000000000e+02,2.416872600026448992e-01,3.052958083298590655e-02,5.241389440907653213e-03,-2.396509400106361463e-03,-5.807860517538224708e-03
1.950000000000000000e+02,2.416145482732509342e-01,3.055202071122574761e-02,5.385570777562086013e-03,-2.412328930825114945e-03,-3.796687372500821400e-03
1.960000000000000000e+02,2.416808350633293523e-01,3.057282243539161462e-02,4.992413799807964882e-03,-2.433617083371751241e-03,-5.109156611192684251e-03
1.970000000000000000e+02,2.415915424931404099e-01,3.059445032124292335e-02,5.190692604313796275e-03,-2.449546815069470612e-03,-3.823135607452687185e-03
1.980000000000000000e+02,2.417559770630299532e-01,3.061443225636847898e-02,4.795664430133498093e-03,-2.478163981047671726e-03,-6.868119834768229154e-03
1.990000000000000000e+02,2.415606223781043282e-01,3.063704636188130034e-02,5.427385323076830762e-03,-2.489910610213830981e-03,-2.819190999878190725e-03
2.000000000000000000e+02,2.417155292587604143e-01,3.065649724643009291e-02,4.668212291710329212e-03,-2.513493814238452594e-03,-5.659968965909197708e-03
2.010000000000000000e+02,2.415596219230728703e-01,3.067794091055845579e-02,5.146479390807231005e-03,-2.527035617350098084e-03,-3.250032746794876727e-03
2.020000000000000000e+02,2.417315400007048753e-01,3.069691906324686914e-02,4.554756645219145555e-03,-2.553150004357591669e-03,-6.267452881798511559e-03
2.030000000000000000e+02,2.415257012288476168e-01,3.071852640883757091e-02,5.185762941768191220e-03,-2.564261823770995399e-03,-2.666836659216849197e-03
2.040000000000000000e+02,2.417071537603065756e-01,3.073685950241942730e-02,4.399942459645761993e-03,-2.587860631783864794e-03,-5.663713923088654033e-03
2.050000000000000000e+02,2.416581826990358284e-01,3.075723489776743119e-02,4.890094883521337900e-03,-2.610361317215711876e-03,-5.400164503643268415e-03
2.060000000000000000e+02,2.416277413790178519e-01,3.077775008358750800e-02,4.923644596818575053e-03,-2.626051690689873257e-03,-3.765689633798700604e-03
2.070000000000000000e+02,2.416759662121355789e-01,3.079694874052837580e-02,4.607677665808321797e-03,-2.646212060800389679e-03,-4.838488826523952742e-03
2.080000000000000000e+02,2.416066988716388808e-01,3.081684287670627409e-02,4.774592682695627706e-03,-2.661859357140281684e-03,-3.755351121574130625e-03
2.090000000000000000e+02,2.416312842039998465e-01,3.083578465688524908e-02,4.546027242954075488e-03,-2.679745059504548294e-03,-4.292568567423936908e-03
2.100000000000000000e+02,2.415820852405435870e-01,3.085498626251462900e-02,4.608385351051512077e-03,-2.694868557540694171e-03,-3.629639528674977536e-03
2.110000000000000000e+02,2.417291449137730641e-01,3.087303145003467489e-02,4.330845004810632629e-03,-2.721543887626309138e-03,-6.402079220547609445e-03
2.120000000000000000e+02,2.415522302458897319e-01,3.089351350730771065e-02,4.915693745528183084e-03,-2.732167441415150715e-03,-2.549652909321952279e-03
2.130000000000000000e+02,2.416957567360892289e-01,3.091101310518310288e-02,4.199903490093827990e-03,-2.754162260516350783e-03,-5.278756584288024113e-03
2.140000000000000000e+02,2.415548772005945699e-01,3.093044014006531700e-02,4.662488371731702066e-03,-2.766571285563810666e-03,-2.978166011390377763e-03
2.150000000000000000e+02,2.416381360602811446e-01,3.094800648139785226e-02,4.215921919808180221e-03,-2.785046498127127877e-03,-4.434051015196112215e-03
2.160000000000000000e+02,2.416549558439514411e-01,3.096603350439124103e-02,4.326485518413423007e-03,-2.806382686623074864e-03,-5.120685239027263080e-03
2.170000000000000000e+02,2.415636655735703964e-01,3.098495159166101895e-02,4.540340944746729113e-03,-2.818846080468624671e-03,-2.991214522931912902e-03
2.180000000000000000e+02,2.416414086302467457e-01,3.100216042849462603e-02,4.130120840065562397e-03,-2.837301354834252231e-03,-4.429265847750646530e-03
2.190000000000000000e+02,2.415530929264787796e-01,3.102032328336606568e-02,4.359085169145661409e-03,-2.850229212273447214e-03,-3.102685785406835046e-03
2.200000000000000000e+02,2.417045364256131257e-01,3.103685261738120538e-02,3.967040163633244777e-03,-2.874645084215966123e-03,-5.859809266204524247e-03
2.210000000000000000e+02,2.415150846605272628e-01,3.105583230274190989e-02,4.555124486569232627e-03,-2.883836894218839899e-03,-2.206034400689658483e-03
2.220000000000000000e+02,2.416622315408377408e-01,3.107196757214455637e-02,3.872464656635299027e-03,-2.903759625588584956e-03,-4.781455528738803168e-03
2.230000000000000000e+02,2.415220191567746533e-01,3.108990813413509829e-02,4.305734877730135399e-03,-2.914667106348483964e-03,-2.617795382375722249e-03
2.240000000000000000e+02,2.417169362211317174e-01,3.110558859137810273e-02,3.763309738320743357e-03,-2.939806053076826457e-03,-6.033347214802217348e-03
2.250000000000000000e+02,2.414962824419874809e-01,3.112422193093793490e-02,4.472001494359435954e-03,-2.947659883874392556e-03,-1.884919391415818685e-03
2.260000000000000000e+02,2.416660286503178878e-01,3.113964273182747919e-02,3.700992213490617716e-03,-2.967817630763299429e-03,-4.837859253337600807e-03
2.270000000000000000e+02,2.415101052380346780e-01,3.115715580498771772e-02,4.203137558457244009e-03,-2.977825178643179159e-03,-2.401811491171136972e-03
2.280000000000000000e+02,2.417024318093291269e-01,3.117221961171211600e-02,3.615313613855832258e-03,-3.001678901190029964e-03,-5.724893411244219230e-03
2.290000000000000000e+02,2.414845943333926159e-01,3.119017894059654752e-02,4.310238932263586731e-03,-3.009206627300938137e-03,-1.806654266617978982e-03
2.300000000000000000e+02,2.416495647693825133e-01,3.120508321280088607e-02,3.577025329041245809e-03,-3.028285001122214652e-03,-4.578809717106413837e-03
2.310000000000000000e+02,2.415991058371006195e-01,3.122145823289715003e-02,3.930004823103223563e-03,-3.045531789249913013e-03,-4.139229150647598908e-03
2.320000000000000000e+02,2.415603152553152388e-01,3.123789663447191362e-02,3.945216377943055845e-03,-3.057853003823533204e-03,-2.957091497668847772e-03
2.330000000000000000e+02,2.415990533930142681e-01,3.125335820101586559e-02,3.710775970547911494e-03,-3.073310797620645851e-03,-3.709870511307040205e-03
2.340000000000000000e+02,2.415458777713480054e-01,3.126926835728684184e-02,3.818437505034153866e-03,-3.085476906331186507e-03,-2.919866090529779114e-03
2.350000000000000000e+02,2.416594387053610793e-01,3.128397487820076817e-02,3.529565019342315643e-03,-3.106423454183525508e-03,-5.027171484561362806e-03
2.360000000000000000e+02,2.415008788667261652e-01,3.130065801280342008e-02,4.003952304635732297e-03,-3.114882088095263964e-03,-2.030072138817244978e-03
2.370000000000000000e+02,2.416232138408127006e-01,3.131500106209209044e-02,3.442331829281352652e-03,-3.132083734109565153e-03,-4.128395043432294201e-03
2.380000000000000000e+02,2.415563008196513206e-01,3.133031625111859508e-02,3.675645366360826179e-03,-3.145442423890163017e-03,-3.206085547343515141e-03
2.390000000000000000e+02,2.415579433967903755e-01,3.134534395268245843e-02,3.606648375327986631e-03,-3.158297618423324717e-03,-3.085246687958783079e-03
2.400000000000000000e+02,2.416294717177392415e-01,3.135967204417974136e-02,3.438741959347105595e-03,-3.177028493828387180e-03,-4.495410097214970480e-03
2.410000000000000000e+02,2.415064307741942029e-01,3.137546709306714143e-02,3.790811732976830540e-03,-3.186020314139151668e-03,-2.158036874583435082e-03
2.420000000000000000e+02,2.416003190031839887e-01,3.138940686725896767e-02,3.345545806037961319e-03,-3.201675772321587940e-03,-3.757309963784689552e-03
2.430000000000000000e+02,2.415943266712524962e-01,3.140394233349873276e-02,3.488511897543151909e-03,-3.218153176501188737e-03,-3.954577003104207782e-03
2.440000000000000000e+02,2.415274682115030047e-01,3.141903889169332664e-02,3.623173966703055211e-03,-3.228441489325414686e-03,-2.469195077814269335e-03
2.450000000000000000e+02,2.415823873785794829e-01,3.143292581052940099e-02,3.332860520658430421e-03,-3.242811278495395539e-03,-3.448749400795388283e-03
2.460000000000000000e+02,2.415511070881349587e-01,3.144701750555994185e-02,3.382006807329796232e-03,-3.255413143594117903e-03,-3.024447623693365169e-03
2.470000000000000000e+02,2.416013414302576878e-01,3.146064819040698263e-02,3.271364363290162405e-03,-3.271965630637898616e-03,-3.972596890507372816e-03
2.480000000000000000e+02,2.415047963581272161e-01,3.147540354315300770e-02,3.541284659045857829e-03,-3.281041729372268477e-03,-2.178263696248739813e-03
2.490000000000000000e+02,2.415754626925575299e-01,3.148870747592206337e-02,3.192943864573222646e-03,-3.295058663945291556e-03,-3.364064297525532366e-03
2.500000000000000000e+02,2.416229335309073578e-01,3.150229224111836951e-02,3.260343647113329250e-03,-3.313867579507280125e-03,-4.514139734877287841e-03
2.510000000000000000e+02,2.415113582460103048e-01,3.151714422400674065e-02,3.564475893208515940e-03,-3.322268124960628833e-03,-2.016130908803704692e-03
2.520000000000000000e+02,2.416068038960530739e-01,3.153006487228517812e-02,3.100955586824765721e-03,-3.338087943192520179e-03,-3.796756375653874416e-03
2.530000000000000000e+02,2.415148196289891580e-01,3.154423797320569239e-02,3.401544220923281674e-03,-3.347551609554940202e-03,-2.271279926980857705e-03
2.540000000000000000e+02,2.415691683491166530e-01,3.155717340450844843e-02,3.104503512661404858e-03,-3.360962697179111641e-03,-3.218661029801180885e-03
2.550000000000000000e+02,2.415105438663457393e-01,3.157071208698440656e-02,3.249283794229598267e-03,-3.370677267858029034e-03,-2.331496962940213420e-03
2.560000000000000000e+02,2.416484177333062811e-01,3.158297983275747123e-02,2.944258985535372006e-03,-3.390851703629740692e-03,-4.841864585210778685e-03
2.570000000000000000e+02,2.414714104841355069e-01,3.159754851229213540e-02,3.496483088318873798e-03,-3.396777328313441233e-03,-1.422149924088153810e-03
2.580000000000000000e+02,2.416104951151236968e-01,3.160948173189586513e-02,2.863972704895178471e-03,-3.412969456351350010e-03,-3.886110729098157628e-03
2.590000000000000000e+02,2.414867658635089787e-01,3.162318007588342528e-02,3.287602557013722619e-03,-3.420734508450599693e-03,-1.863612503819943398e-03
2.600000000000000000e+02,2.415668894894610619e-01,3.163526174937133367e-02,2.899601637097458471e-03,-3.434028044122652574e-03,-3.190448561292662764e-03
2.610000000000000000e+02,2.415904268938579846e-01,3.164774945666398720e-02,2.997049750237583323e-03,-3.450254206489892714e-03,-3.894278968137607991e-03
2.620000000000000000e+02,2.414979987955980234e-01,3.166118315223827306e-02,3.224086937829379398e-03,-3.458183764889559333e-03,-1.903094015919969042e-03
2.630000000000000000e+02,2.415761779407896714e-01,3.167305508491581600e-02,2.849263842610617447e-03,-3.471945832116269271e-03,-3.302896134410365260e-03
2.640000000000000000e+02,2.414998811289775782e-01,3.168589355082732095e-02,3.081231818760658044e-03,-3.480607662858076299e-03,-2.078839378033687981e-03
2.650000000000000000e+02,2.415439504258526937e-01,3.169771722614412451e-02,2.837682076032689918e-03,-3.492355018421414940e-03,-2.819365335201251196e-03
2.660000000000000000e+02,2.416024880556375543e-01,3.170950318621282293e-02,2.828630416486966389e-03,-3.509391225015980401e-03,-4.088689582695684624e-03
2.670000000000000000e+02,2.414832699126492899e-01,3.172266858031850406e-02,3.159694585364259452e-03,-3.516154684996575155e-03,-1.623230395342697193e-03
2.680000000000000000e+02,2.415816208173084956e-01,3.173392023804154360e-02,2.700397853529078358e-03,-3.530278876479714303e-03,-3.389805955953419363e-03
2.690000000000000000e+02,2.414909741061151138e-01,3.174642195431228581e-02,3.000411904977297230e-03,-3.538196764280287024e-03,-1.900293072137486036e-03
2.700000000000000000e+02,2.415469989865321465e-01,3.175771385956425996e-02,2.710057260473113655e-03,-3.550046830539075292e-03,-2.844015902109186915e-03
2.710000000000000000e+02,2.415398552670511012e-01,3.176913403018533089e-02,2.740840949057163616e-03,-3.561912098721321460e-03,-2.847664363739070732e-03
2.720000000000000000e+02,2.414997757425275671e-01,3.178098833825890313e-02,2.845033937658023558e-03,-3.570581688720055134e-03,-2.080701599696074822e-03
2.730000000000000000e+02,2.415245272506008345e-01,3.179217178492500795e-02,2.684027199865614364e-03,-3.581009968055170762e-03,-2.502787040427775084e-03
2.740000000000000000e+02,2.416103457002822807e-01,3.180307844657097316e-02,2.617598795031607882e-03,-3.598608554902587523e-03,-4.223660843379994922e-03
2.750000000000000000e+02,2.414709697831052826e-01,3.181570637646186084e-02,3.030703173813853544e-03,-3.604235400570252653e-03,-1.350442960239676710e-03
2.760000000000000000e+02,2.415845706244905688e-01,3.182612509259663547e-02,2.500491872346677184e-03,-3.618571089552314896e-03,-3.440565355694986949e-03
2.770000000000000000e+02,2.414836504542795803e-01,3.183805623361695564e-02,2.863473844877555564e-03,-3.625728766211211169e-03,-1.717842398135103251e-03
2.780000000000000000e+02,2.415488057936907851e-01,3.184861751869753205e-02,2.534708419338017535e-03,-3.637582731956603716e-03,-2.844951778894207021e-03
2.790000000000000000e+02,2.414862889927433809e-01,3.185995112384197581e-02,2.720065234665669952e-03,-3.645311040393750448e-03,-1.854794024915238163e-03
2.800000000000000000e+02,2.415216005697146950e-01,3.187044939643657315e-02,2.519585422703652430e-03,-3.655471651385899193e-03,-2.438546638115744909e-03
2.810000000000000000e+02,2.415970770876620100e-01,3.188079379930658375e-02,2.482656688802346943e-03,-3.672079977221513313e-03,-3.985998200547364451e-03
2.820000000000000000e+02,2.414649385344828925e-01,3.189273419338767290e-02,2.865694579461380148e-03,-3.677380220116247770e-03,-1.272058294736252287e-03
2.830000000000000000e+02,2.415730471688876113e-01,3.190259370555871554e-02,2.366282921049498757e-03,-3.690922208358969094e-03,-3.250077178253089026e-03
2.840000000000000000e+02,2.414774712734379380e-01,3.191387706517807149e-02,2.708006308644817384e-03,-3.697671097140894751e-03,-1.619733307662184077e-03
2.850000000000000000e+02,2.415393178090535220e-01,3.192386686749795061e-02,2.397552556770623806e-03,-3.708860860439760262e-03,-2.685543191727725147e-03
2.860000000000000000e+02,2.414804279149765920e-01,3.193458360740143720e-02,2.572017576836941721e-03,-3.716151553159585848e-03,-1.749766252758118076e-03
2.870000000000000000e+02,2.415139476143052244e-01,3.194451415438297887e-02,2.383331275569500196e-03,-3.725748906519135446e-03,-2.303364806291858385e-03
2.880000000000000000e+02,2.415858045667811371e-01,3.195427631934882884e-02,2.342919591804590741e-03,-3.741465530746094018e-03,-3.771989814470072012e-03
2.890000000000000000e+02,2.414571686080199675e-01,3.196557972827776539e-02,2.712818142944037770e-03,-3.746353775361037104e-03,-1.173178707586378360e-03
2.900000000000000000e+02,2.415620419038722322e-01,3.197488367832627965e-02,2.232948011644113415e-03,-3.759130981759752771e-03,-3.066529535691725917e-03
2.910000000000000000e+02,2.414700651941690257e-01,3.198555257381596045e-02,2.560534917522956210e-03,-3.765417504437351768e-03,-1.508765442623791805e-03
2.920000000000000000e+02,2.415299137769170712e-01,3.199498296074017312e-02,2.263292861810960351e-03,-3.775955701179428865e-03,-2.529167218098499030e-03
2.930000000000000000e+02,2.414735600451378417e-01,3.200510577771682741e-02,2.429476074396740796e-03,-3.782766991222626888e-03,-1.634709610367573139e-03
2.940000000000000000e+02,2.415059703850033213e-01,3.201447734530844108e-02,2.249176221986564413e-03,-3.791786669598198618e-03,-2.164722810137252422e-03
2.950000000000000000e+02,2.415843625391479732e-01,3.202366302514683682e-02,2.204563161214634186e-03,-3.807399956592083263e-03,-3.747188878532281033e-03
2.960000000000000000e+02,2.414502308320282120e-01,3.203447682060972523e-02,2.595310911093014379e-03,-3.811702244838788712e-03,-1.032549179209288261e-03
2.970000000000000000e+02,2.415591019511589277e-01,3.204321936601577103e-02,2.098210897450665958e-03,-3.824302724529302783e-03,-3.024115125723344892e-03
2.980000000000000000e+02,2.414648919317901876e-01,3.205341237240000307e-02,2.446321532215441855e-03,-3.830134793019427265e-03,-1.399696437629873932e-03
2.990000000000000000e+02,2.415271198642541528e-01,3.206232380601365534e-02,2.138744067276954555e-03,-3.840449517246776780e-03,-2.475533814563861054e-03
3.000000000000000000e+02,2.414698345605201246e-01,3.207197893094438507e-02,2.317229983375546868e-03,-3.846896513661537172e-03,-1.547279139542515058e-03
3.010000000000000000e+02,2.415037985775845553e-01,3.208085694680998939e-02,2.130723807744613982e-03,-3.855685549225928380e-03,-2.109368535453902058e-03
3.020000000000000000e+02,2.415208786890218062e-01,3.208959250618123593e-02,2.096534249098518880e-03,-3.866065446371962089e-03,-2.491175315048117789e-03
3.030000000000000000e+02,2.414626411366039560e-01,3.209906227133963591e-02,2.272743638016478003e-03,-3.872021912315076145e-03,-1.429551826347421305e-03
3.040000000000000000e+02,2.415040667103679761e-01,3.210765911672020662e-02,2.063242891336529179e-03,-3.880812236900387305e-03,-2.109677900474723339e-03
3.050000000000000000e+02,2.415275175437298361e-01,3.211620089542137346e-02,2.050026888280071392e-03,-3.891804156050603872e-03,-2.638060596052017003e-03
3.060000000000000000e+02,2.414559849519944401e-01,3.212559433517101631e-02,2.254425539914643815e-03,-3.897191680434372845e-03,-1.293005852104552999e-03
3.070000000000000000e+02,2.415107507263918873e-01,3.213391184673784068e-02,1.996202776037264270e-03,-3.906391282312328406e-03,-2.207904450709399172e-03
3.080000000000000000e+02,2.414598443494060942e-01,3.214284619599454967e-02,2.144243821610762168e-03,-3.912242395522151292e-03,-1.404267170357436116e-03
3.090000000000000000e+02,2.415564142563994821e-01,3.215061726844044981e-02,1.865057387015799659e-03,-3.925116880181699422e-03,-3.089876318291645725e-03
3.100000000000000000e+02,2.414292468348746279e-01,3.216010056602946338e-02,2.275991421363469068e-03,-3.928665242807845466e-03,-8.516070302751217042e-04
3.110000000000000000e+02,2.415252474601081167e-01,3.216784431219110729e-02,1.858499078794865166e-03,-3.938827939948661219e-03,-2.439047313795722656e-03
3.120000000000000000e+02,2.414436021843042735e-01,3.217671220603106341e-02,2.128294521588928491e-03,-3.943575457686440341e-03,-1.139404257066927535e-03
3.130000000000000000e+02,2.415487444381670123e-01,3.218404590335588455e-02,1.760087357957467293e-03,-3.955622778501570284e-03,-2.891356995631111718e-03
3.140000000000000000e+02,2.414267864543409026e-01,3.219314789663082349e-02,2.184478385985063036e-03,-3.959131903624847973e-03,-8.421900295867059544e-04
3.150000000000000000e+02,2.415151869452602795e-01,3.220064466579939527e-02,1.799224600456563253e-03,-3.968575419926123615e-03,-2.266443912306077835e-03
3.160000000000000000e+02,2.415174009171184855e-01,3.220865083959242869e-02,1.921481710327332601e-03,-3.979028282146164844e-03,-2.508686932809901793e-03
3.170000000000000000e+02,2.414532495818788593e-01,3.221729752483467463e-02,2.075204458138970968e-03,-3.984037489927498045e-03,-1.202209867520032897e-03
3.180000000000000000e+02,2.415064723106891131e-01,3.222492375277935528e-02,1.830294706723093780e-03,-3.992876136854507131e-03,-2.121275262482147719e-03
3.190000000000000000e+02,2.414573484162655104e-01,3.223318096850513043e-02,1.981731774185712096e-03,-3.998376333802915530e-03,-1.320047267618014095e-03
3.200000000000000000e+02,2.414871480449174712e-01,3.224076961870065566e-02,1.821276046926459174e-03,-4.005909521983503502e-03,-1.807965163341198342e-03
3.210000000000000000e+02,2.414987233824861523e-01,3.224817002559739881e-02,1.776097655217979184e-03,-4.014447489782801970e-03,-2.049112271831684401e-03
3.220000000000000000e+02,2.414545659586817272e-01,3.225621057552083282e-02,1.929731981624446075e-03,-4.019784355569933076e-03,-1.280847788911400071e-03
3.230000000000000000e+02,2.414832222024516084e-01,3.226361014338963162e-02,1.775896288511730030e-03,-4.027046944133096627e-03,-1.743021255159324422e-03
3.240000000000000000e+02,2.415248937853232969e-01,3.227080286163436229e-02,1.726252378735133701e-03,-4.037798085994258150e-03,-2.580274046678678740e-03
3.250000000000000000e+02,2.414359237256961110e-01,3.227908333661256429e-02,1.987313994769009020e-03,-4.041660412440545129e-03,-9.269583471088441336e-04
3.260000000000000000e+02,2.415054819838461375e-01,3.228607960103944269e-02,1.679103462450222146e-03,-4.050411292868580371e-03,-2.100211302728501820e-03
3.270000000000000000e+02,2.414449838827045780e-01,3.229390155444854249e-02,1.877268818183696003e-03,-4.055073803620134164e-03,-1.119002580372847888e-03
3.280000000000000000e+02,2.414840055042141720e-01,3.230092403137933832e-02,1.685394463391267196e-03,-4.062354096353498756e-03,-1.747270256007456973e-03
3.290000000000000000e+02,2.415238235931754518e-01,3.230786078491550140e-02,1.664820848679923011e-03,-4.073092582938586670e-03,-2.577236780421042570e-03
3.300000000000000000e+02,2.414324518360066174e-01,3.231588734499910714e-02,1.926374420064670343e-03,-4.076647844002765329e-03,-8.532626554029012524e-04
3.310000000000000000e+02,2.415050487015930059e-01,3.232258261338810668e-02,1.606864413360380162e-03,-4.085363261596250579e-03,-2.091700222436445721e-03
3.320000000000000000e+02,2.414425302426067566e-01,3.233015731021749578e-02,1.817927239053662930e-03,-4.089798084041556224e-03,-1.064357386873365742e-03
3.330000000000000000e+02,2.414834044868729157e-01,3.233690285627981165e-02,1.618931054955785034e-03,-4.097006519867543370e-03,-1.730024598236962934e-03
3.340000000000000000e+02,2.414866347012892267e-01,3.234393383955638801e-02,1.687435986377532971e-03,-4.105032732352491796e-03,-1.926290996387608478e-03
3.350000000000000000e+02,2.414748929860777993e-01,3.235076331194480098e-02,1.639073373218890477e-03,-4.111939410668601774e-03,-1.657602795866393395e-03
3.360000000000000000e+02,2.414565619817490572e-01,3.235785514087423376e-02,1.702038943063980542e-03,-4.117348460301662946e-03,-1.298171911934699069e-03
3.370000000000000000e+02,2.414667109086996721e-01,3.236462225408854448e-02,1.624107171434228209e-03,-4.123448836984153903e-03,-1.464090403797766414e-03
3.380000000000000000e+02,2.414528548442507749e-01,3.237145140770038287e-02,1.638996866841127076e-03,-4.128645598626702259e-03,-1.247222794211617133e-03
3.390000000000000000e+02,2.415424123605155460e-01,3.237756488775556107e-02,1.467235213243014503e-03,-4.140691053710469395e-03,-2.890909220104091737e-03
3.400000000000000000e+02,2.414096660373759307e-01,3.238537475774880270e-02,1.874368798378578914e-03,-4.142576775389666781e-03,-4.525732030074627876e-04
3.410000000000000000e+02,2.415135170326999647e-01,3.239132803936385641e-02,1.428787587612502866e-03,-4.151930003931505152e-03,-2.244774850041258464e-03
3.420000000000000000e+02,2.414280423400617381e-01,3.239858253228014573e-02,1.741078299908691918e-03,-4.155307256755142765e-03,-8.105406776730858347e-04
3.430000000000000000e+02,2.414870727159301178e-01,3.240470913507775136e-02,1.470384671425962065e-03,-4.162748728120616720e-03,-1.785953127713839784e-03
3.440000000000000000e+02,2.414364668705852035e-01,3.241151955980411253e-02,1.634501934327197000e-03,-4.166795162413538395e-03,-9.711442303012580556e-04
3.450000000000000000e+02,2.414688860563141970e-01,3.241766097571017330e-02,1.473939817454181017e-03,-4.172995225606448109e-03,-1.488015166298432140e-03
3.460000000000000000e+02,2.415210326652866279e-01,3.242364147426277099e-02,1.435319652622993412e-03,-4.183552669710812084e-03,-2.533786585047350954e-03
3.470000000000000000e+02,2.414172432962131964e-01,3.243087822294846156e-02,1.736819684565072937e-03,-4.185979450830534625e-03,-5.824274687333571947e-04
3.480000000000000000e+02,2.415000390954769038e-01,3.243662158226829489e-02,1.378406236759395064e-03,-4.194365996245153459e-03,-2.012770899508515947e-03
3.490000000000000000e+02,2.414310119142725752e-01,3.244339866649373350e-02,1.626500214106044433e-03,-4.197925788940585524e-03,-8.543502469037364197e-04
3.500000000000000000e+02,2.414778591031981891e-01,3.244925734723069083e-02,1.406083376869044247e-03,-4.204717057443554430e-03,-1.629904440712536505e-03
3.510000000000000000e+02,2.414367822822791054e-01,3.245565821037540988e-02,1.536207154732299827e-03,-4.208749323489419623e-03,-9.677438510076713084e-04
3.520000000000000000e+02,2.414623191498798116e-01,3.246150275065035756e-02,1.402689665988221101e-03,-4.214476689167515576e-03,-1.374567762743069592e-03
3.530000000000000000e+02,2.415023798034303393e-01,3.246710302733518683e-02,1.344066404359678651e-03,-4.223454250670971577e-03,-2.154614760829380842e-03
3.540000000000000000e+02,2.414199697940880018e-01,3.247376176313742507e-02,1.598096592536801547e-03,-4.226195458896260700e-03,-6.578899740693443243e-04
3.550000000000000000e+02,2.414836227643830935e-01,3.247926719652542704e-02,1.321304013120747469e-03,-4.233385294263964857e-03,-1.725560488248930767e-03
3.560000000000000000e+02,2.414298791610964001e-01,3.248552398473587149e-02,1.501629170507144846e-03,-4.236901955903597979e-03,-8.439987935118994098e-04
3.570000000000000000e+02,2.414654513903070621e-01,3.249107638043143703e-02,1.332574966935435147e-03,-4.242813994000371389e-03,-1.418889143225559885e-03
3.580000000000000000e+02,2.414727222704250442e-01,3.249662785060289383e-02,1.332352841150001837e-03,-4.249499293282032672e-03,-1.604471827598709724e-03
3.590000000000000000e+02,2.414245890954884177e-01,3.250268690196943949e-02,1.454172327971575565e-03,-4.252701610886741590e-03,-7.685562251302117736e-04
3.600000000000000000e+02,2.414929499676193581e-01,3.250758313997310911e-02,1.175097120881420055e-03,-4.260459566557547699e-03,-1.861909360993396767e-03
3.610000000000000000e+02,2.414157127144676007e-01,3.251376338919508002e-02,1.483259813273178629e-03,-4.263082076973750793e-03,-6.294024998888059566e-04
3.620000000000000000e+02,2.414677284651906286e-01,3.251895890273094614e-02,1.246923248607508319e-03,-4.269112442138365236e-03,-1.447287639507446140e-03
3.630000000000000000e+02,2.414956730129111107e-01,3.252423218081094275e-02,1.265586739198356573e-03,-4.277720460443085182e-03,-2.065924393132800851e-03
3.640000000000000000e+02,2.414170902253902906e-01,3.253044614375837779e-02,1.491351107384874565e-03,-4.280197874117487068e-03,-5.945792818564344870e-04
3.650000000000000000e+02,2.414797715106343501e-01,3.253552668393489694e-02,1.219329642364310948e-03,-4.287122424109579034e-03,-1.661891998102109184e-03
3.660000000000000000e+02,2.414270624639801854e-01,3.254137647262531075e-02,1.403949285698600233e-03,-4.290396225370476761e-03,-7.857123026154697260e-04
3.670000000000000000e+02,2.414622771635964171e-01,3.254652007487315868e-02,1.234464539482885669e-03,-4.296068297833396943e-03,-1.361297391100942458e-03
3.680000000000000000e+02,2.414312107751924452e-01,3.255205464217095918e-02,1.328296151471510976e-03,-4.299656638262790501e-03,-8.612017030545425587e-04
3.690000000000000000e+02,2.414499922724736847e-01,3.255716685640162172e-02,1.226931415358414445e-03,-4.304483602541786004e-03,-1.158471426958933162e-03
3.700000000000000000e+02,2.415017931305992183e-01,3.256195712544509430e-02,1.149664570433821817e-03,-4.313422024836584094e-03,-2.145221350751522552e-03
3.710000000000000000e+02,2.414065065708971836e-01,3.256796526104938777e-02,1.441952545030631989e-03,-4.315158680602036896e-03,-4.167973837087249507e-04
3.720000000000000000e+02,2.414808495069501182e-01,3.257265618008382824e-02,1.125820568265121623e-03,-4.322148760589119079e-03,-1.677619196899818484e-03
3.730000000000000000e+02,2.414198898742370425e-01,3.257825711296272880e-02,1.344223890935831046e-03,-4.324911007329801556e-03,-6.629392177638305985e-04
3.740000000000000000e+02,2.414616670640580276e-01,3.258305638173869534e-02,1.151824506231684687e-03,-4.330519663121477555e-03,-1.346077390002157082e-03
3.750000000000000000e+02,2.414259782712959990e-01,3.258832283063622243e-02,1.263947735406375627e-03,-4.333721111432842568e-03,-7.683475947276373168e-04
3.760000000000000000e+02,2.414486217807939594e-01,3.259311539246123601e-02,1.150214838003205120e-03,-4.338419933001958287e-03,-1.127717176587739959e-03
3.770000000000000000e+02,2.414907012920440021e-01,3.259763615634060641e-02,1.084983331048673585e-03,-4.346467192557649205e-03,-1.931342293365884491e-03
3.780000000000000000e+02,2.414078027822159078e-01,3.260323996590451523e-02,1.344914295338919992e-03,-4.348320463127107113e-03,-4.447849366698954435e-04
3.790000000000000000e+02,2.414718141535878160e-01,3.260770497859980660e-02,1.071603046870543219e-03,-4.354645870089103935e-03,-1.518097670879304953e-03
3.800000000000000000e+02,2.414191143164571285e-01,3.261294033781913376e-02,1.256486212639005380e-03,-4.357343858670003657e-03,-6.475172594158974150e-04
3.810000000000000000e+02,2.414550304863037344e-01,3.261747645454451255e-02,1.088668014090188969e-03,-4.362461300863120645e-03,-1.228186126348155931e-03
3.820000000000000000e+02,2.414240181231094018e-01,3.262241577036611995e-02,1.185435797185650482e-03,-4.365507277216157389e-03,-7.310343247287329248e-04
3.830000000000000000e+02,2.414434609617475691e-01,3.262693176611976276e-02,1.083838980874417442e-03,-4.369816786386458880e-03,-1.034282200872362664e-03
3.840000000000000000e+02,2.415066338682113900e-01,3.263114205058285228e-02,1.010468271142209423e-03,-4.379175989244411121e-03,-2.246208685908523094e-03
3.850000000000000000e+02,2.413952440401806177e-01,3.263674314099397622e-02,1.344261698669022833e-03,-4.380018086329733572e-03,-2.021033004774718152e-04
3.860000000000000000e+02,2.414830784471444503e-01,3.264079673052400904e-02,9.728614872086503718e-04,-4.387203433606436456e-03,-1.724483346408655629e-03
3.870000000000000000e+02,2.414124201742826881e-01,3.264596738517674263e-02,1.240957116655903034e-03,-4.389369372813062276e-03,-5.198254095902209160e-04
3.880000000000000000e+02,2.414620505517107163e-01,3.265020455190392051e-02,1.016920014523002309e-03,-4.395004228245546693e-03,-1.352365303796231565e-03
3.890000000000000000e+02,2.414208266108615608e-01,3.265504235340004752e-02,1.161072359070129071e-03,-4.397796434091999149e-03,-6.701294031486149626e-04
3.900000000000000000e+02,2.414480733413688074e-01,3.265932838390348675e-02,1.028647320825393750e-03,-4.402435751305687484e-03,-1.113436131285197757e-03
3.910000000000000000e+02,2.414239708549527075e-01,3.266391622618283752e-02,1.101082147043376796e-03,-4.405450859243908654e-03,-7.236259051731103870e-04
3.920000000000000000e+02,2.414384618837358554e-01,3.266816955791393418e-02,1.020799615462723506e-03,-4.409416081844886974e-03,-9.516534242346955542e-04
3.930000000000000000e+02,2.414630101748142244e-01,3.267206151757814231e-02,9.340703194092907441e-04,-4.415138411623002052e-03,-1.373359146747721174e-03
3.940000000000000000e+02,2.414140910364547532e-01,3.267674592446977860e-02,1.124257653993537311e-03,-4.417479108227797581e-03,-5.617671851509344234e-04
3.950000000000000000e+02,2.414475956546274782e-01,3.268078576698617982e-02,9.695622039368726906e-04,-4.422050900792873739e-03,-1.097230215618293873e-03
3.960000000000000000e+02,2.414192913388833461e-01,3.268519396576353986e-02,1.057967706565585489e-03,-4.424724174746955292e-03,-6.415857489795869732e-04
3.970000000000000000e+02,2.414372896932609480e-01,3.268921348321787712e-02,9.646841890410974953e-04,-4.428563474631753982e-03,-9.214319723515954075e-04
3.980000000000000000e+02,2.414946251474160699e-01,3.269291106243497891e-02,8.874190121039347932e-04,-4.436936520680531508e-03,-2.009531051706547194e-03
3.990000000000000000e+02,2.413927643931271516e-01,3.269791914833429514e-02,1.201940615836122415e-03,-4.437645843601105249e-03,-1.702375009375956070e-04
4.000000000000000000e+02,2.414722316531068835e-01,3.270153484344073824e-02,8.677668255455579793e-04,-4.444029095546674253e-03,-1.531980466936548515e-03
4.010000000000000000e+02,2.414086583152705301e-01,3.270614895664614163e-02,1.107387169296293172e-03,-4.445929737533113948e-03,-4.561540767454900190e-04
4.020000000000000000e+02,2.414533559626977632e-01,3.270992690238936490e-02,9.067069783738239755e-04,-4.450928438793518710e-03,-1.199688302497142756e-03
4.030000000000000000e+02,2.414164878219797472e-01,3.271423698344987779e-02,1.034419454523311530e-03,-4.453390751297315805e-03,-5.909550009112410221e-04
4.040000000000000000e+02,2.414408728353640010e-01,3.271805964942884476e-02,9.174398349519078885e-04,-4.457500296495959385e-03,-9.862908476744288236e-04
4.050000000000000000e+02,2.414194680707213436e-01,3.272214007176850459e-02,9.793013615185730200e-04,-4.460155647324627430e-03,-6.372841988803894849e-04
4.060000000000000000e+02,2.414326232434936825e-01,3.272591828290397076e-02,9.067706725126501626e-04,-4.463667231822301962e-03,-8.427802794419048419e-04
4.070000000000000000e+02,2.414579426513575044e-01,3.272932831046832663e-02,8.184066154456400184e-04,-4.468977401537692698e-03,-1.274440731693677817e-03
4.080000000000000000e+02,2.414092207892668818e-01,3.273354297096166959e-02,1.011518518402661389e-03,-4.470946843512791681e-03,-4.726660740238414768e-04
4.090000000000000000e+02,2.414425810786025861e-01,3.273712359721412529e-02,8.593503005891949638e-04,-4.475136251386947935e-03,-1.005457889797432966e-03
4.100000000000000000e+02,2.414148787929771833e-01,3.274107602713725168e-02,9.485831815509100694e-04,-4.477461194039426308e-03,-5.579862365948448514e-04
4.110000000000000000e+02,2.414327432814161734e-01,3.274465487122120433e-02,8.589225801482291804e-04,-4.480950566082659084e-03,-8.374492903757855752e-04
4.120000000000000000e+02,2.414679064800319963e-01,3.274791461449973184e-02,7.823383868468094041e-04,-4.487115469806986570e-03,-1.479576893838698828e-03
4.130000000000000000e+02,2.414007508826300497e-01,3.275214541253996386e-02,1.015391529656259860e-03,-4.488451294957325997e-03,-3.205980360814729424e-04
4.140000000000000000e+02,2.414506289772775927e-01,3.275548791121411785e-02,8.021996817971078879e-04,-4.493216168885316719e-03,-1.143569742717861050e-03
4.150000000000000000e+02,2.414102468359838605e-01,3.275942379921392006e-02,9.446131199527502782e-04,-4.495211658735310915e-03,-4.789175639986591182e-04
4.160000000000000000e+02,2.414377929448006110e-01,3.276283132195664805e-02,8.178054582550696406e-04,-4.499056377092054172e-03,-9.227324056183174722e-04
4.170000000000000000e+02,2.414144871610721110e-01,3.276653178363700403e-02,8.881108032856093685e-04,-4.501319159741440715e-03,-5.430678358527566340e-04
4.180000000000000000e+02,2.414293595536555204e-01,3.276991961367836659e-02,8.130792099267278826e-04,-4.504556079972088685e-03,-7.768608553554589733e-04
4.190000000000000000e+02,2.414640612728669034e-01,3.277295339393854201e-02,7.281072624426585069e-04,-4.510383869004794960e-03,-1.398669367849607933e-03
4.200000000000000000e+02,2.413996532406612883e-01,3.277694698491370739e-02,9.584618340403838191e-04,-4.511635391794352121e-03,-3.003654694936350785e-04
4.210000000000000000e+02,2.414469133308918825e-01,3.278009389618015412e-02,7.552587039473670572e-04,-4.516115197976919814e-03,-1.075153483816153723e-03
4.220000000000000000e+02,2.414090482178384567e-01,3.278379354488744624e-02,8.879156897506997785e-04,-4.517999966106258335e-03,-4.523443510411431258e-04
4.230000000000000000e+02,2.414348993855358616e-01,3.278700024341080904e-02,7.696076456073074751e-04,-4.521618340329012185e-03,-8.684098134609772885e-04
4.240000000000000000e+02,2.414129179251187085e-01,3.279048971579660854e-02,8.374733725916077773e-04,-4.523752204013476927e-03,-5.121272842715580325e-04
4.250000000000000000e+02,2.414268415770960963e-01,3.279368149684338402e-02,7.660274512263437951e-04,-4.526790455854615494e-03,-7.291804418733169703e-04
4.260000000000000000e+02,2.414622612690276449e-01,3.279651463534924427e-02,6.799532414066876765e-04,-4.532469101202589619e-03,-1.362874883513879708e-03
4.270000000000000000e+02,2.413973193920931903e-01,3.280032173325574119e-02,9.137034975596116521e-04,-4.533549485147492057e-03,-2.592921467766888359e-04
4.280000000000000000e+02,2.414451034910043981e-01,3.280327063966487905e-02,7.077375381927019423e-04,-4.537887511954577686e-03,-1.041126433700498548e-03
4.290000000000000000e+02,2.414069299339630104e-01,3.280679184730026648e-02,8.450898324922318742e-04,-4.539616991437302705e-03,-4.150750758539626436e-04
4.300000000000000000e+02,2.414331380818497130e-01,3.280980781157938342e-02,7.238314269879255695e-04,-4.543095116251062195e-03,-8.347499553022484121e-04
4.310000000000000000e+02,2.414112351947704238e-01,3.281311936920088684e-02,7.947738291608427708e-04,-4.545100848362804320e-03,-4.813757068181824658e-04
4.320000000000000000e+02,2.414251759949021803e-01,3.281613284660529067e-02,7.232345770571612861e-04,-4.548010143158959413e-03,-6.982307510771273464e-04
4.330000000000000000e+02,2.414440597997109805e-01,3.281878843098588044e-02,6.373402513417362894e-04,-4.552164074332521945e-03,-9.969434816549755871e-04
4.340000000000000000e+02,2.414066264959674191e-01,3.282215992802729049e-02,8.091592899383546252e-04,-4.553885375429841433e-03,-4.131122633567799445e-04
4.350000000000000000e+02,2.414301675964323768e-01,3.282506515619720150e-02,6.972547607790457883e-04,-4.557142147199670992e-03,-7.816252247591673171e-04
4.360000000000000000e+02,2.414109140711786505e-01,3.282821695818356061e-02,7.564324767257654420e-04,-4.559096486255453766e-03,-4.690413733878260943e-04
4.370000000000000000e+02,2.414230248865835426e-01,3.283111050349885041e-02,6.944508756692258176e-04,-4.561840122838872920e-03,-6.584727800205768906e-04
4.380000000000000000e+02,2.414504111740191916e-01,3.283362739876206221e-02,6.040548631714464560e-04,-4.566520225365811210e-03,-1.123224606465133679e-03
4.390000000000000000e+02,2.414002005261309536e-01,3.283698298504829360e-02,8.053407086957137511e-04,-4.567779275941568316e-03,-3.021721381817546329e-04
4.400000000000000000e+02,2.414349403922434467e-01,3.283970547479254931e-02,6.533975386221024372e-04,-4.571369394731779855e-03,-8.616285096508346890e-04
4.410000000000000000e+02,2.414070461454045358e-01,3.284282465978059090e-02,7.486043971297587016e-04,-4.573062834009928961e-03,-4.064254267558791963e-04
4.420000000000000000e+02,2.414258540176791312e-01,3.284557460565078885e-02,6.599870088478865162e-04,-4.575998999669587952e-03,-7.046797583180814447e-04
4.430000000000000000e+02,2.414097152904489674e-01,3.284852053510159409e-02,7.070230681928773263e-04,-4.577844569195882451e-03,-4.429366863105861640e-04
4.440000000000000000e+02,2.414784206790248633e-01,3.285096168032632102e-02,5.858748539347726197e-04,-4.584987080331768584e-03,-1.714202672612607928e-03
4.450000000000000000e+02,2.413582984510454221e-01,3.285467462025110780e-02,8.911055819484979632e-04,-4.583410943418122704e-03,3.782728592750374350e-04
4.460000000000000000e+02,2.414579804767791049e-01,3.285679994329929882e-02,5.100775315663331078e-04,-4.588521449139327212e-03,-1.226521373089051788e-03
4.470000000000000000e+02,2.414271962755749068e-01,3.285960943045126981e-02,6.742769164738684953e-04,-4.591851644269248287e-03,-7.992468311810115890e-04
4.480000000000000000e+02,2.414125148014819866e-01,3.286259167418026372e-02,7.157384949591305903e-04,-4.593968955685113001e-03,-5.081547398075137801e-04
4.490000000000000000e+02,2.414238050978883277e-01,3.286534398131032292e-02,6.605537112136793424e-04,-4.596854481433173753e-03,-6.925261795346387321e-04
4.500000000000000000e+02,2.414132346096501680e-01,3.286821365979502446e-02,6.887228363278510585e-04,-4.599000757933313123e-03,-5.151063600335012600e-04
4.510000000000000000e+02,2.414190982789703177e-01,3.287093088962084186e-02,6.521351581968313701e-04,-4.601537900520765757e-03,-6.089142209886399355e-04
4.520000000000000000e+02,2.414126862592649025e-01,3.287369109454303662e-02,6.624491813268092123e-04,-4.603623288441793283e-03,-5.004931010465378570e-04
4.530000000000000000e+02,2.414156075542633617e-01,3.287634592940168188e-02,6.371603660749511734e-04,-4.605890405292236908e-03,-5.441080441064258299e-04
4.540000000000000000e+02,2.414115759341463607e-01,3.287900205497951145e-02,6.374701386783867066e-04,-4.607866128857784210e-03,-4.741736557312611075e-04
4.550000000000000000e+02,2.414128248835328006e-01,3.288158130370162635e-02,6.190196933076065871e-04,-4.609908384859891586e-03,-4.901414405057700260e-04
4.560000000000000000e+02,2.414522035822093404e-01,3.288365289096708416e-02,4.971809437104895892e-04,-4.614734224384000640e-03,-1.158201485786150651e-03
4.570000000000000000e+02,2.413904932743042575e-01,3.288672409193160728e-02,7.370882314850562764e-04,-4.615322309366631098e-03,-1.411403958313682191e-04
4.580000000000000000e+02,2.414346535607600208e-01,3.288901018637074847e-02,5.486626653934403245e-04,-4.618900758796097572e-03,-8.588278630720360893e-04
4.590000000000000000e+02,2.414000048269896725e-01,3.289182026634176331e-02,6.744191930438325419e-04,-4.620111820093418184e-03,-2.906547113569313669e-04
4.600000000000000000e+02,2.414239630842899831e-01,3.289418360434181315e-02,5.672011200124988869e-04,-4.622926412036032322e-03,-6.755020662273681243e-04
4.610000000000000000e+02,2.414043132697048788e-01,3.289681123538681917e-02,6.306314508020861853e-04,-4.624405556354347843e-03,-3.549946363956964180e-04
4.620000000000000000e+02,2.414172495898216364e-01,3.289917852158392303e-02,5.681486873051628519e-04,-4.626733018690512740e-03,-5.585909606796715318e-04
4.630000000000000000e+02,2.414060285630786340e-01,3.290166574441792668e-02,5.969334801604990470e-04,-4.628293554055648053e-03,-3.745284876324259235e-04
4.640000000000000000e+02,2.414478645129812251e-01,3.290350547070027692e-02,4.415343077634897059e-04,-4.632679687957278608e-03,-1.052672136391382286e-03
4.650000000000000000e+02,2.413905314538572489e-01,3.290634279969466280e-02,6.809589586518431919e-04,-4.633252331265547141e-03,-1.374343939844474690e-04
4.660000000000000000e+02,2.414300033825775571e-01,3.290847241339429907e-02,5.111072879120328758e-04,-4.636458948701480641e-03,-7.695881846239888179e-04
4.670000000000000000e+02,2.413991674064454029e-01,3.291106351706520050e-02,6.218648810161468308e-04,-4.637578338038565728e-03,-2.686534409004222822e-04
4.680000000000000000e+02,2.414205479968908885e-01,3.291325369062948758e-02,5.256416554286735517e-04,-4.640111271585815184e-03,-6.079040513399308274e-04
4.690000000000000000e+02,2.414030883236624181e-01,3.291567133710019549e-02,5.802351529696349146e-04,-4.641461010873790954e-03,-3.239374291142497206e-04
4.700000000000000000e+02,2.414146666426344734e-01,3.291785549948705869e-02,5.241989728479456729e-04,-4.643562115363793555e-03,-5.042650776005663240e-04
4.710000000000000000e+02,2.414447798737126283e-01,3.291966722073916968e-02,4.348131005071690877e-04,-4.647815418347528080e-03,-1.020792716096369668e-03
4.720000000000000000e+02,2.413913516559859918e-01,3.292236149514694843e-02,6.466258578677226698e-04,-4.648418411506240189e-03,-1.447183580908658306e-04
4.730000000000000000e+02,2.414292176365075704e-01,3.292438006739405870e-02,4.844573393057830012e-04,-4.651580760644338959e-03,-7.589637931436140229e-04
4.740000000000000000e+02,2.413996682392995918e-01,3.292684697593473153e-02,5.920580497618786612e-04,-4.652722177702180856e-03,-2.739400938821496363e-04
4.750000000000000000e+02,2.414200453661949075e-01,3.292893112368221187e-02,5.001954593945625834e-04,-4.655228482572651948e-03,-6.015131689131644060e-04
4.760000000000000000e+02,2.414032500040476648e-01,3.293124706684084219e-02,5.558263580716037676e-04,-4.656594964998750190e-03,-3.279557822634937819e-04
4.770000000000000000e+02,2.414143194686180494e-01,3.293333350545550597e-02,5.007452675185614793e-04,-4.658683237598005775e-03,-5.011854238213808970e-04
4.780000000000000000e+02,2.414045921010821993e-01,3.293553154803743194e-02,5.275302196626138491e-04,-4.660110446481483155e-03,-3.425301320345078542e-04
4.790000000000000000e+02,2.414104914129788226e-01,3.293758398530699516e-02,4.925849446945430908e-04,-4.661905642882812999e-03,-4.308471363190908253e-04
4.800000000000000000e+02,2.414443967220773479e-01,3.293919304497930356e-02,3.861743213542060825e-04,-4.666086784856127850e-03,-1.003474073595506284e-03
