# Time, SliderHeight, Motor1Pos, Motor1Vel, Motor2Pos, Motor2Vel
0.000000000000000000e+00,2.600000000000000089e-01,0.000000000000000000e+00,0.000000000000000000e+00,0.000000000000000000e+00,0.000000000000000000e+00
1.000000000000000000e+00,-2.541492570538157469e-01,6.715583801269531423e-03,1.611740112304687500e+00,1.850501915490172442e-03,4.441204597176414137e-01
2.000000000000000000e+00,1.170065018329844719e-01,1.407071471214294510e-02,1.765231418609619407e+00,6.460274655293894025e-03,1.106345457552893263e+00
3.000000000000000000e+00,3.012363723070532462e-01,2.150397169589996632e-02,1.783981676101684899e+00,9.424538433065968168e-03,7.114233066652978499e-01
4.000000000000000000e+00,2.695185936786025360e-01,2.839107514619827743e-02,1.652904828071594334e+00,1.343620449618537598e-02,9.627998551486579570e-01
5.000000000000000000e+00,2.841214444038617226e-01,3.527092219471932022e-02,1.651163291645049824e+00,1.650601899656077912e-02,7.367554800900968370e-01
6.000000000000000000e+00,2.607160193905893597e-01,4.189394665730000050e-02,1.589525871019363157e+00,2.007301531176373249e-02,8.560791156487085329e-01
7.000000000000000000e+00,2.956171610352685275e-01,4.811577874099016994e-02,1.493239700085640109e+00,2.310576217187129688e-02,7.278592464258153427e-01
8.000000000000000000e+00,2.690642957389057788e-01,5.405825565166593599e-02,1.426194458562183298e+00,2.622047667942039792e-02,7.475314818117843041e-01
9.000000000000000000e+00,2.499166707573610147e-01,6.011352112806428449e-02,1.453263714335603973e+00,2.909727374271346353e-02,6.904312951903356366e-01
1.000000000000000000e+01,2.528939149186379964e-01,6.601834151968290210e-02,1.417156893988469113e+00,3.221467859356774016e-02,7.481771642050256688e-01
1.100000000000000000e+01,2.653754511461249854e-01,7.178867924652930499e-02,1.384881054443137804e+00,3.493094856397794407e-02,6.519047928984490481e-01
1.200000000000000000e+01,-1.561594531845045819e-01,7.720407010712418416e-02,1.299693806542769448e+00,3.778742326667743762e-02,6.855539286478791183e-01
1.300000000000000000e+01,-1.368007060420954601e-01,8.230229760645205173e-02,1.223574599838687771e+00,4.021767294440422441e-02,5.832599226544288307e-01
1.400000000000000000e+01,-1.121070603295422630e-01,8.684756647442318234e-02,1.090864528313070680e+00,4.266478582650799073e-02,5.873070917049035833e-01
1.500000000000000000e+01,-7.818709882851540560e-02,9.111105463708522867e-02,1.023237159038892230e+00,4.464698402074317868e-02,4.757275666164447747e-01
1.600000000000000000e+01,1.463672451081960979e-01,9.485071056482984042e-02,8.975174226587067094e-01,4.671292299892851330e-02,4.958253547644800863e-01
1.700000000000000000e+01,3.888504473517235827e-01,9.843044120130950425e-02,8.591353527551189861e-01,4.830435030985549133e-02,3.819425546224742840e-01
1.800000000000000000e+01,2.893388430444515103e-01,1.014918920820177817e-01,7.347482113699878026e-01,5.007425945345733709e-02,4.247781944644438146e-01
1.900000000000000000e+01,2.598540567585934657e-01,1.045179996572632719e-01,7.262658180589171009e-01,5.132027865423323398e-02,2.990446081862149219e-01
2.000000000000000000e+01,1.974993053379015262e-01,1.070157438680620909e-01,5.994586105917170116e-01,5.287746301820292483e-02,3.737242473527249698e-01
2.100000000000000000e+01,2.035004377070033510e-01,1.096012488012160085e-01,6.205211839569396703e-01,5.381171768258004307e-02,2.242211194505075444e-01
2.200000000000000000e+01,2.124028525632346565e-01,1.115396524845350817e-01,4.652168839965771241e-01,5.523139688239186995e-02,3.407230079548385637e-01
2.300000000000000000e+01,2.199280564606778121e-01,1.138018940624719033e-01,5.429379787048386197e-01,5.582051304003913389e-02,1.413878778353432342e-01
2.400000000000000000e+01,2.183609099756922689e-01,1.151774622138849041e-01,3.301363563391208622e-01,5.716508434007134404e-02,3.226971120077302690e-01
2.500000000000000000e+01,2.197412794467123731e-01,1.172704306547674158e-01,5.023124258118020213e-01,5.739184083294553151e-02,5.442155828980427268e-02
2.600000000000000000e+01,2.218679683868981789e-01,1.181643730843374568e-01,2.145461830968106720e-01,5.874955784262878705e-02,3.258520823239815511e-01
2.700000000000000000e+01,2.064124525374383678e-01,1.204860025283224778e-01,5.571910665564046017e-01,5.869788955770473965e-02,-1.240038838177187630e-02
2.800000000000000000e+01,2.240725364900402750e-01,1.209819567361211379e-01,1.190290098716784706e-01,6.029533090992750949e-02,3.833859245334655386e-01
2.900000000000000000e+01,1.915306235090219467e-01,1.237334774684611810e-01,6.603649757616112392e-01,5.987219035497860081e-02,-1.015537331877384708e-01
3.000000000000000000e+01,2.200392650756000101e-01,1.237372428154512316e-01,9.036832776116998645e-04,6.197235187058282996e-02,5.040387637450144398e-01
3.100000000000000000e+01,1.709232048699896866e-01,1.271473946941226174e-01,8.184364508811327044e-01,6.093890907438135468e-02,-2.480262710883538446e-01
3.200000000000000000e+01,2.050125540740187491e-01,1.264033838515374319e-01,-1.785626022204478414e-01,6.386401905673073920e-02,7.020263957638525065e-01
3.300000000000000000e+01,1.092141058238865203e-01,1.311130813539145290e-01,1.130327400570504182e+00,6.189006267501706571e-02,-4.737495316112810828e-01
3.400000000000000000e+01,1.823836648386168990e-01,1.296390973091781917e-01,-3.537561707367229413e-01,6.557954944442594136e-02,8.854768246581310454e-01
3.500000000000000000e+01,2.154800596622638564e-02,1.356093897724742481e-01,1.432870191191051745e+00,6.272923589132976818e-02,-6.840752527430804530e-01
3.600000000000000000e+01,1.913086872033521180e-01,1.347657812497177754e-01,-2.024660454615556660e-01,6.633150872406086418e-02,8.645454798554627063e-01
3.700000000000000000e+01,2.496120027347439874e-02,1.407841181124080965e-01,1.444400847045674174e+00,6.401414262027972646e-02,-5.561678649074723868e-01
3.800000000000000000e+01,1.903736639619524329e-01,1.397255899357843223e-01,-2.540467623897026961e-01,6.766068238814426650e-02,8.751695442874906083e-01
3.900000000000000000e+01,-2.911119369145179214e-02,1.462810434349809674e-01,1.573308839807195714e+00,6.530053890895444468e-02,-5.664344350055576793e-01
4.000000000000000000e+01,2.032299514490339964e-01,1.458825287938103898e-01,-9.564351388093661477e-02,6.880877719839109674e-02,8.419771894647953836e-01
4.100000000000000000e+01,-3.171556699074054575e-02,1.524976209453732801e-01,1.587622116375093873e+00,6.705527378728849686e-02,-4.208408186646226401e-01
4.200000000000000000e+01,2.113946064682112325e-01,1.522538825006364560e-01,-5.849722673683932506e-02,7.073415645679854979e-02,8.829318406824111509e-01
4.300000000000000000e+01,-8.052232974794265585e-02,1.594048884893997931e-01,1.716241437303203110e+00,6.908981664486037177e-02,-3.946415548651618366e-01
4.400000000000000000e+01,2.129181657720277121e-01,1.602752340468485137e-01,2.088829337876925152e-01,7.291474954759269433e-02,9.179838966557565261e-01
4.500000000000000000e+01,-6.195092114222683355e-02,1.676762699152110903e-01,1.776248608407020146e+00,7.194909558043989517e-02,-2.317569521166710222e-01
4.600000000000000000e+01,1.986737405751080598e-01,1.694776593743710646e-01,4.323334701983914119e-01,7.625012862379997036e-02,1.032247930406418490e+00
4.700000000000000000e+01,-5.864017885487488035e-02,1.775218587064868181e-01,1.930607839707782825e+00,7.563839774379182979e-02,-1.468154112019535162e-01
4.800000000000000000e+01,4.391248902983610480e-02,1.817577368606881349e-01,1.016610757008317378e+00,8.084214389070319695e-02,1.248899075258729230e+00
4.900000000000000000e+01,2.443220101306045611e-02,1.908319550683876265e-01,2.177812369847879292e+00,8.113938566022119159e-02,7.133802468431960087e-02
5.000000000000000000e+01,-1.428132282746574777e-01,1.974703035534003115e-01,1.593203636403042189e+00,8.747173271227068336e-02,1.519763292491878026e+00
5.100000000000000000e+01,8.176815642958201735e-02,2.080272342366497607e-01,2.533663363979866912e+00,8.867500653821218382e-02,2.887857182259605526e-01
5.200000000000000000e+01,-2.225961668690351336e-01,2.170182024152981781e-01,2.157832362875622856e+00,9.569946556875456867e-02,1.685870167330172364e+00
5.300000000000000000e+01,1.688157327558439391e-01,2.286777336637891012e-01,2.798287499637824638e+00,9.825188783048410812e-02,6.125813428150894691e-01
5.400000000000000000e+01,-1.101393246689119643e-03,2.386497949708263622e-01,2.393294713688943531e+00,1.041315761752999031e-01,1.411125202755790120e+00
5.500000000000000000e+01,2.009243953304115649e-01,2.491797413037683540e-01,2.527187119906079804e+00,1.082911880961094780e-01,9.983068609942983285e-01
5.600000000000000000e+01,1.035593493852154934e-01,2.595041697181419971e-01,2.477862819449677900e+00,1.128093656751635726e-01,1.084362618972981362e+00
5.700000000000000000e+01,1.049568417054386193e-02,2.707138214846864233e-01,2.690316423970656512e+00,1.173240061545252483e-01,1.083513715046801273e+00
5.800000000000000000e+01,6.965764620712397437e-02,2.824261922463024432e-01,2.810968982787842574e+00,1.217195080956683106e-01,1.054920465874335189e+00
5.900000000000000000e+01,7.633829588083185236e-02,2.944864099096333176e-01,2.894452239199415189e+00,1.261154135808776333e-01,1.055017316450239884e+00
6.000000000000000000e+01,1.177218796676657575e-01,3.067192493215939453e-01,2.935881458870552851e+00,1.303156425590196732e-01,1.008054954754092458e+00
6.100000000000000000e+01,1.557857323636239189e-01,3.187773935467601016e-01,2.893954614039871753e+00,1.343411813019103340e-01,9.661292982937612628e-01
6.200000000000000000e+01,2.099283378138226408e-01,3.302488964010140693e-01,2.753160685020954457e+00,1.377808937663755895e-01,8.255309914716590924e-01
6.300000000000000000e+01,2.179622792576963730e-01,3.412562645552656426e-01,2.641768357020378044e+00,1.406624754813683986e-01,6.915796115982726366e-01
6.400000000000000000e+01,2.393909334418374557e-01,3.517261776692922060e-01,2.512779147366379195e+00,1.426518536170685580e-01,4.774507525680407038e-01
6.500000000000000000e+01,2.329600983301162165e-01,3.615613192345237259e-01,2.360433975655562122e+00,1.439190724501923646e-01,3.041325199497103560e-01
6.600000000000000000e+01,1.986919887412446351e-01,3.711346456417991546e-01,2.297598337746102448e+00,1.446198778730087564e-01,1.681933014759310618e-01
6.700000000000000000e+01,2.099403580197098662e-01,3.804048182665105138e-01,2.224841429930719539e+00,1.446328184839237030e-01,3.105746619586735591e-03
6.800000000000000000e+01,2.140711701867159256e-01,3.893511726340096457e-01,2.147125048199786335e+00,1.439322610513154854e-01,-1.681337838259727435e-01
6.900000000000000000e+01,2.172075224458789033e-01,3.979446799044586425e-01,2.062441744907759222e+00,1.425321441868315497e-01,-3.360280474761430103e-01
7.000000000000000000e+01,2.147810166536180676e-01,4.061880746909082296e-01,1.978414748747899132e+00,1.405671008365682595e-01,-4.716104040631900474e-01
7.100000000000000000e+01,2.071545977739409627e-01,4.140755032971883409e-01,1.892982865507229828e+00,1.383604617250935032e-01,-5.295933867539390771e-01
7.200000000000000000e+01,2.080105967860116645e-01,4.215153660295834492e-01,1.785567055774826661e+00,1.360761354745895491e-01,-5.482383001209492068e-01
7.300000000000000000e+01,2.045663868800222662e-01,4.285322373426965759e-01,1.684049115147143949e+00,1.338480201890622778e-01,-5.347476685265474261e-01
7.400000000000000000e+01,2.053977471736802840e-01,4.351486991620656664e-01,1.587950836648582609e+00,1.316487629165542794e-01,-5.278217454019169530e-01
7.500000000000000000e+01,1.974769466280385244e-01,4.414294449179765323e-01,1.507378981418605601e+00,1.297198211399101520e-01,-4.629460263945907039e-01
7.600000000000000000e+01,1.930006913782655598e-01,4.474547762583917510e-01,1.446079521699646264e+00,1.280930169335316171e-01,-3.904330095308484183e-01
7.700000000000000000e+01,1.901835475231661299e-01,4.532151513309757851e-01,1.382490017420163531e+00,1.268325264552124798e-01,-3.025177147965936175e-01
7.800000000000000000e+01,1.888582332273635311e-01,4.586766862573762871e-01,1.310768382336116256e+00,1.259624673855868904e-01,-2.088141767101393542e-01
7.900000000000000000e+01,1.786528910344165610e-01,4.638273629868247538e-01,1.236162415067637133e+00,1.257855994215161255e-01,-4.244831137698656942e-02
8.000000000000000000e+01,1.713548889283559862e-01,4.686652344449590557e-01,1.161089149952228450e+00,1.263957056007143920e-01,1.464254830075826241e-01
8.100000000000000000e+01,1.985880902089695310e-01,4.732163121086492286e-01,1.092258639285644817e+00,1.266295462270720373e-01,5.612175032583573142e-02
8.200000000000000000e+01,1.942600892534518120e-01,4.774065288702417087e-01,1.005652022782200783e+00,1.268679216074935223e-01,5.721009130115428665e-02
8.300000000000000000e+01,1.992582679150098901e-01,4.812901144739354375e-01,9.320605448865006970e-01,1.268877727971429448e-01,4.764285515863442289e-03
8.400000000000000000e+01,1.987876804632872085e-01,4.848637454669938451e-01,8.576714383340227066e-01,1.268303224388373229e-01,-1.378808599335152457e-02
8.500000000000000000e+01,2.011186242751518416e-01,4.881527906320485832e-01,7.893708396131369209e-01,1.266326870639363777e-01,-4.743248997622671881e-02
8.600000000000000000e+01,2.019371824739412957e-01,4.911704378418859096e-01,7.242353303609617710e-01,1.263442903335955936e-01,-6.921521528178772864e-02
8.700000000000000000e+01,2.034268159592257930e-01,4.939365789672292006e-01,6.638738700823906269e-01,1.259530189319962024e-01,-9.390513638385682149e-02
8.800000000000000000e+01,2.045001812234413796e-01,4.964679007569622882e-01,6.075172295359381192e-01,1.254795792183368008e-01,-1.136255312782574745e-01
8.900000000000000000e+01,2.056894860815458026e-01,4.987821630987503974e-01,5.554229620291504244e-01,1.249263467685695767e-01,-1.327757879441325006e-01
9.000000000000000000e+01,2.067308498527341831e-01,5.008957432821414812e-01,5.072592440138607994e-01,1.243047698467122514e-01,-1.491784612457577319e-01
9.100000000000000000e+01,2.077481822007920809e-01,5.028245968024805945e-01,4.629248448813740868e-01,1.236206696211318429e-01,-1.641840541392973751e-01
9.200000000000000000e+01,2.086800035845580992e-01,5.045835962055164048e-01,4.221598567285861359e-01,1.228820329176502774e-01,-1.772728088355765563e-01
9.300000000000000000e+01,2.095544427972107215e-01,5.061867943544379189e-01,3.847675557411702751e-01,1.220948796286311089e-01,-1.889167893646000185e-01
9.400000000000000000e+01,2.103578627268060386e-01,5.076472799004697611e-01,3.505165310476406892e-01,1.212654978854429966e-01,-1.990516183651482862e-01
9.500000000000000000e+01,2.110986860494112327e-01,5.089772140993936711e-01,3.191842077417314516e-01,1.203992609052045026e-01,-2.078968752572391276e-01
9.600000000000000000e+01,2.117751460635264038e-01,5.101878639463202081e-01,2.905559632623623267e-01,1.195013026109569693e-01,-2.155099906194085646e-01
9.700000000000000000e+01,2.123915545439313823e-01,5.112896319962570990e-01,2.644243319848666451e-01,1.185761720338964903e-01,-2.220313384945141744e-01
9.800000000000000000e+01,2.129496808921406692e-01,5.122920831888336801e-01,2.405882862183757742e-01,1.176281007909300153e-01,-2.275370983119540391e-01
9.900000000000000000e+01,2.134536669383245988e-01,5.132040359659336692e-01,2.188686665039930312e-01,1.166609965525284842e-01,-2.321050172163661718e-01
1.000000000000000000e+02,2.141229874056965743e-01,5.140334581316008400e-01,1.990613197601246165e-01,1.156800680608309068e-01,-2.354228380074170901e-01
1.010000000000000000e+02,2.138531608797797356e-01,5.147880093299255222e-01,1.810922875979113222e-01,1.146829199379511000e-01,-2.393155494911521075e-01
1.020000000000000000e+02,2.126956880969752273e-01,5.154744836439435485e-01,1.647538353643321907e-01,1.136725935653944836e-01,-2.424783294135885447e-01
1.030000000000000000e+02,2.118250995032569528e-01,5.160984934691087433e-01,1.497623580396476028e-01,1.126629430575684515e-01,-2.423161218782471926e-01
1.040000000000000000e+02,2.110229248066262941e-01,5.166661931451043133e-01,1.362479222389376410e-01,1.116442436099348845e-01,-2.444878674320563605e-01
1.050000000000000000e+02,2.103701318438034040e-01,5.171825108867782461e-01,1.239162580017394294e-01,1.106248726976674090e-01,-2.446490189441925256e-01
1.060000000000000000e+02,2.097628889359862692e-01,5.176522392399262040e-01,1.127348047555143118e-01,1.096033575581904507e-01,-2.451636334744693446e-01
1.070000000000000000e+02,2.092366176625362340e-01,5.180796080809958459e-01,1.025685218567063961e-01,1.085830742189163173e-01,-2.448680014257922088e-01
1.080000000000000000e+02,2.087630791558709731e-01,5.184685196122404971e-01,9.333876749871214407e-02,1.075645835612009799e-01,-2.444377578516794269e-01
1.090000000000000000e+02,2.083465357589058264e-01,5.188224977165979412e-01,8.495474504578652553e-02,1.065496726270581118e-01,-2.435786241942893560e-01
1.100000000000000000e+02,2.079755274936000986e-01,5.191447734845818784e-01,7.734618431614206924e-02,1.055392586710009600e-01,-2.424993494537149019e-01
1.110000000000000000e+02,2.076479189491500787e-01,5.194382548939696642e-01,7.043553825306725358e-02,1.045345011470333457e-01,-2.411418057522273783e-01
1.120000000000000000e+02,2.073577079471214668e-01,5.197055948856648122e-01,6.416159800684087533e-02,1.035362290583271422e-01,-2.395853012894892387e-01
1.130000000000000000e+02,2.071020707618421719e-01,5.199492049473702915e-01,5.846641480932753682e-02,1.025452898722638700e-01,-2.378254046551853407e-01
1.140000000000000000e+02,2.068769695647717510e-01,5.201712792592975143e-01,5.329783486253926450e-02,1.015623688454522500e-01,-2.359010464347902347e-01
1.150000000000000000e+02,2.066794243635612927e-01,5.203738045042208826e-01,4.860605878159697524e-02,1.005880886823983522e-01,-2.338272391329359878e-01
1.160000000000000000e+02,2.065063436255460960e-01,5.205585806173446128e-01,4.434626714968335770e-02,9.962296214186701360e-02,-2.316303697275225448e-01
1.170000000000000000e+02,2.063556268863213639e-01,5.207272513820624393e-01,4.048098353226681212e-02,9.866746859377410750e-02,-2.293184515422982683e-01
1.180000000000000000e+02,2.062245477069211963e-01,5.208812962033281257e-01,3.697075710377070723e-02,9.772199179115023671e-02,-2.269144326297286296e-01
1.190000000000000000e+02,2.061113528008595708e-01,5.210220703873860160e-01,3.378580417390077140e-02,9.678686519353765783e-02,-2.244303834270177378e-01
1.200000000000000000e+02,2.060139153067112594e-01,5.211507817888777483e-01,3.089073635800392015e-02,9.586237699545609170e-02,-2.218771675395769527e-01
1.210000000000000000e+02,2.059308335485050823e-01,5.212685532397243193e-01,2.826514820318228385e-02,9.494874485038172496e-02,-2.192717148178495168e-01
1.220000000000000000e+02,2.058607505623760159e-01,5.213763952886341091e-01,2.588209173834794471e-02,9.404618848903768813e-02,-2.166135267225695882e-01
1.230000000000000000e+02,2.058015571823203216e-01,5.214751935875574507e-01,2.371159174159675337e-02,9.315484010510691193e-02,-2.139236121433850668e-01
1.240000000000000000e+02,2.057530112235643749e-01,5.215658048278790648e-01,2.174669767717445773e-02,9.227481271300407017e-02,-2.112065741046818546e-01
1.250000000000000000e+02,2.057133412610307466e-01,5.216489523481185886e-01,1.995540485749853002e-02,9.140621994700387498e-02,-2.084622638400475125e-01
1.260000000000000000e+02,2.056818517669889157e-01,5.217253348366448495e-01,1.833179724629516866e-02,9.054908659250208991e-02,-2.057120050804277789e-01
1.270000000000000000e+02,2.056576138991035030e-01,5.217955572711291401e-01,1.685338427622948623e-02,8.970347071917363080e-02,-2.029478095988307695e-01
1.280000000000000000e+02,2.056397468072369561e-01,5.218601760523916555e-01,1.550850750301305606e-02,8.886937690653551325e-02,-2.001825150331471570e-01
1.290000000000000000e+02,2.056277088369374562e-01,5.219197038620988494e-01,1.428667432972714757e-02,8.804679735519727046e-02,-1.974190923211786852e-01
1.300000000000000000e+02,2.056207377983559070e-01,5.219746021137444680e-01,1.317558039494774735e-02,8.723570120406759498e-02,-1.946630762711206442e-01
1.310000000000000000e+02,2.056182389265937549e-01,5.220252741585402756e-01,1.216129075098466676e-02,8.643606663874962848e-02,-1.919122956763109622e-01
1.320000000000000000e+02,2.056197416990618310e-01,5.220721068544307286e-01,1.123984701370521824e-02,8.564782038224398597e-02,-1.891791015613537297e-01
1.330000000000000000e+02,2.056249628130208951e-01,5.221154483735663820e-01,1.040196459256053675e-02,8.487091436657551169e-02,-1.864574437604337165e-01
1.340000000000000000e+02,2.056329391310864063e-01,5.221555882290207506e-01,9.633565309058476911e-03,8.410526360746685415e-02,-1.837561821860785316e-01
1.350000000000000000e+02,2.056438824475320948e-01,5.221928227453450644e-01,8.936283917848288419e-03,8.335077969818638355e-02,-1.810761382273114173e-01
1.360000000000000000e+02,2.056571563803472336e-01,5.222274066937070414e-01,8.300147606866448494e-03,8.260736519122045818e-02,-1.784194816718215337e-01
1.370000000000000000e+02,2.056727668904354267e-01,5.222595812890885592e-01,7.721902891567222933e-03,8.187493834412451488e-02,-1.757824433030280575e-01
1.380000000000000000e+02,2.056898851969109765e-01,5.222895397831113229e-01,7.190038565472395629e-03,8.115338386561669892e-02,-1.731730748418746357e-01
1.390000000000000000e+02,2.057086190805843540e-01,5.223174799440905014e-01,6.705638635006978300e-03,8.044257415176493675e-02,-1.705943313244223103e-01
1.400000000000000000e+02,2.057288910956856232e-01,5.223435797635171962e-01,6.263956662410186810e-03,7.974241224001535344e-02,-1.680388588198983568e-01
1.410000000000000000e+02,2.057500863060314211e-01,5.223679875127972272e-01,5.857859827215903398e-03,7.905276318067848418e-02,-1.655157742408500388e-01
1.420000000000000000e+02,2.057724205184865429e-01,5.223908485571319149e-01,5.486650640333860622e-03,7.837351743957260419e-02,-1.630189778654128063e-01
1.430000000000000000e+02,2.057955220446302247e-01,5.224122937251991505e-01,5.146840336136531552e-03,7.770454067327955960e-02,-1.605544239103320892e-01
1.440000000000000000e+02,2.058193217845002698e-01,5.224324407628108125e-01,4.835289026795700634e-03,7.704570601213106551e-02,-1.581203186756384160e-01
1.450000000000000000e+02,2.058437619121987472e-01,5.224513956412029092e-01,4.549170814099414567e-03,7.639689927311832385e-02,-1.557136173630578324e-01
1.460000000000000000e+02,2.058684929257344753e-01,5.224692537344841625e-01,4.285942387499399805e-03,7.575797000797078462e-02,-1.533430236354110243e-01
1.470000000000000000e+02,2.058935423138294474e-01,5.224861008793544315e-01,4.043314768864516434e-03,7.512878281310705897e-02,-1.510049267672940732e-01
1.480000000000000000e+02,2.059190649663755757e-01,5.225020262497787060e-01,3.822088901817942332e-03,7.450922178541256879e-02,-1.486946466466769756e-01
1.490000000000000000e+02,2.059446277585659513e-01,5.225170981813970217e-01,3.617263588397831662e-03,7.389914684922624377e-02,-1.464179846847195599e-01
1.500000000000000000e+02,2.059702955563663396e-01,5.225313781762883636e-01,3.427198773932112631e-03,7.329843193626248143e-02,-1.441715791113034884e-01
1.510000000000000000e+02,2.059960291665484944e-01,5.225449335072546164e-01,3.253279431899989711e-03,7.270693378260760509e-02,-1.419595568771710725e-01
1.520000000000000000e+02,2.060218685162807650e-01,5.225578247198238158e-01,3.093891016620145019e-03,7.212452941081469449e-02,-1.397770492302994050e-01
1.530000000000000000e+02,2.060475203528313315e-01,5.225700943840436707e-01,2.944719412770059608e-03,7.155108429921208657e-02,-1.376268267846245119e-01
1.540000000000000000e+02,2.060729877650423481e-01,5.225817808129600284e-01,2.804742939925310152e-03,7.098646545715969758e-02,-1.355085220925717482e-01
1.550000000000000000e+02,2.060985552850246871e-01,5.225929423301802768e-01,2.678764132857045389e-03,7.043054723212521795e-02,-1.334203740082756662e-01
1.560000000000000000e+02,2.061238620095085239e-01,5.226036075850973850e-01,2.559661180110444755e-03,6.988321057608246067e-02,-1.313607974502607745e-01
1.570000000000000000e+02,2.061488888362576766e-01,5.226138142830926148e-01,2.449607518860957584e-03,6.934430662258227185e-02,-1.293369488400452627e-01
1.580000000000000000e+02,2.061738258553398873e-01,5.226235963590262212e-01,2.347698224063974031e-03,6.881372523268647345e-02,-1.273395335749914481e-01
1.590000000000000000e+02,2.061983560773037738e-01,5.226329724333439453e-01,2.250257836257514056e-03,6.829133747893643969e-02,-1.253730609000089924e-01
1.600000000000000000e+02,2.062226467375493921e-01,5.226419711853786954e-01,2.159700488327073297e-03,6.777701540548351777e-02,-1.234372976286997187e-01
1.610000000000000000e+02,2.062466494639199899e-01,5.226506184265455879e-01,2.075337880063715494e-03,6.727063193019609810e-02,-1.215320340689794443e-01
1.620000000000000000e+02,2.062705838120366397e-01,5.226589493080598947e-01,1.999411563433220202e-03,6.677207863885493977e-02,-1.196527899218764873e-01
1.630000000000000000e+02,2.062940252384195261e-01,5.226669716241600927e-01,1.925355864034781561e-03,6.628123411657264874e-02,-1.178026853477508185e-01
1.640000000000000000e+02,2.063171278949594845e-01,5.226747043105975932e-01,1.855844745012825243e-03,6.579797120802907684e-02,-1.159830980504574227e-01
1.650000000000000000e+02,2.063400994130768218e-01,5.226821763305018465e-01,1.793284777024679432e-03,6.532218143246412700e-02,-1.141895461355862951e-01
1.660000000000000000e+02,2.063624923408267364e-01,5.226893899088267403e-01,1.731258797976228340e-03,6.485373735503575932e-02,-1.124265785828093139e-01
1.670000000000000000e+02,2.063847773038250399e-01,5.226963708899240446e-01,1.675435463347774070e-03,6.439253620320881111e-02,-1.106882764384659878e-01
1.680000000000000000e+02,2.064060431923553929e-01,5.227031186918115191e-01,1.619472452982939625e-03,6.393837819557789126e-02,-1.089979218314195697e-01
1.690000000000000000e+02,2.064244897908858456e-01,5.227096447114504274e-01,1.566244713349384610e-03,6.349070206963773610e-02,-1.074422702256356416e-01
1.700000000000000000e+02,2.064445771525381390e-01,5.227159711273874354e-01,1.518339824883685940e-03,6.304967024082179516e-02,-1.058476389158262698e-01
1.710000000000000000e+02,2.064632283789741285e-01,5.227220940582902875e-01,1.469503416695088849e-03,6.261504742275206259e-02,-1.043094763367364425e-01
1.720000000000000000e+02,2.064822128060300188e-01,5.227280338529417536e-01,1.425550716344781924e-03,6.218680662480644689e-02,-1.027777915069478104e-01
1.730000000000000000e+02,2.065006033090997783e-01,5.227337969042903376e-01,1.383132323655091684e-03,6.176481626848418643e-02,-1.012776855173432716e-01
1.740000000000000000e+02,2.065188597935730674e-01,5.227393889660409965e-01,1.342094820148791168e-03,6.134901157418253675e-02,-9.979312663239663095e-02
1.750000000000000000e+02,2.065368022416791127e-01,5.227448271374630639e-01,1.305161141289060090e-03,6.093928059557112559e-02,-9.833543486673948508e-02
1.760000000000000000e+02,2.065544543909137165e-01,5.227501148870112857e-01,1.269059891576920481e-03,6.053554045975034770e-02,-9.689763259698602749e-02
1.770000000000000000e+02,2.065719590575486042e-01,5.227552672572706172e-01,1.236568862252090213e-03,6.013771061770499526e-02,-9.547916209088405659e-02
1.780000000000000000e+02,2.065889283711431490e-01,5.227602739447091418e-01,1.201604985238134780e-03,5.974569473329892355e-02,-9.408381225745748866e-02
1.790000000000000000e+02,2.066057718898438034e-01,5.227651495180773988e-01,1.170137608371538823e-03,5.935941206001564552e-02,-9.270784158798651975e-02
1.800000000000000000e+02,2.066223751220702676e-01,5.227699070892957156e-01,1.141817092385545443e-03,5.897877204169109377e-02,-9.135360439789248777e-02
1.810000000000000000e+02,2.066386815267413080e-01,5.227745465382142021e-01,1.113467740441182689e-03,5.860369913494557076e-02,-9.001749761892523238e-02
1.820000000000000000e+02,2.066546109263113218e-01,5.227790677567236699e-01,1.085092442265125088e-03,5.823410150707435118e-02,-8.870343068909271322e-02
1.830000000000000000e+02,2.066703555454262042e-01,5.227834825685427900e-01,1.059554836594258807e-03,5.786989650304479038e-02,-8.740920096709429987e-02
1.840000000000000000e+02,2.066858277632785679e-01,5.227877896941686142e-01,1.033710150190194233e-03,5.751101568869496083e-02,-8.613139544395898017e-02
1.850000000000000000e+02,2.067010435471025864e-01,5.227919999030442577e-01,1.010450130154607554e-03,5.715736766654103823e-02,-8.487552531694117497e-02
1.860000000000000000e+02,2.067160051347234073e-01,5.227961109668489703e-01,9.866553131285889407e-04,5.680888805321322732e-02,-8.363510719867378596e-02
1.870000000000000000e+02,2.067307197777966676e-01,5.228001328010819515e-01,9.652402159227383696e-04,5.646548909733359323e-02,-8.241574941111236285e-02
1.880000000000000000e+02,2.067451565115053791e-01,5.228040624089236310e-01,9.431058820060969194e-04,5.612710373335515202e-02,-8.121248735482668180e-02
1.890000000000000000e+02,2.067593281462496158e-01,5.228079090142158103e-01,9.231852701193128544e-04,5.579364179635511872e-02,-8.003086488000797638e-02
1.900000000000000000e+02,2.067733342759432713e-01,5.228116689977710951e-01,9.023960532669057224e-04,5.546505788268757398e-02,-7.886013928021005925e-02
1.910000000000000000e+02,2.067869063330220469e-01,5.228153391022628549e-01,8.808250780176418368e-04,5.514125748783101771e-02,-7.771209476557348894e-02
1.920000000000000000e+02,2.068003177435913942e-01,5.228189283173506618e-01,8.614116210666773309e-04,5.482216745795626123e-02,-7.658160716994222295e-02
1.930000000000000000e+02,2.068136042359107196e-01,5.228224447339793191e-01,8.439399908689892201e-04,5.450772789875910074e-02,-7.546549420731828162e-02
1.940000000000000000e+02,2.068266549776224539e-01,5.228258956341472752e-01,8.282160402985379441e-04,5.419786105345967414e-02,-7.436804287186177254e-02
1.950000000000000000e+02,2.068395117030396579e-01,5.228292756511103700e-01,8.112040711468960401e-04,5.389252075784468909e-02,-7.328167094759711897e-02
1.960000000000000000e+02,2.068519493900211892e-01,5.228325799548111386e-01,7.930328881801129454e-04,5.359161777861743553e-02,-7.221671501454125786e-02
1.970000000000000000e+02,2.068642648204340739e-01,5.228358161196694498e-01,7.766795659931363194e-04,5.329508965217771149e-02,-7.116675034553367196e-02
1.980000000000000000e+02,2.068765196524864070e-01,5.228389909632477073e-01,7.619624587882227245e-04,5.300289204427472561e-02,-7.012742589671655535e-02
1.990000000000000000e+02,2.068882780277836453e-01,5.228420987002585507e-01,7.458568826147264587e-04,5.271492545835299720e-02,-6.911198062121425012e-02
2.000000000000000000e+02,2.069000172803485416e-01,5.228451460459441202e-01,7.313629645476323526e-04,5.243114796224743190e-02,-6.810659906533540753e-02
2.010000000000000000e+02,2.069114909677796099e-01,5.228481271234589611e-01,7.154586035548911576e-04,5.215150391073718888e-02,-6.711457236245872704e-02
2.020000000000000000e+02,2.069227236909533807e-01,5.228510485650130768e-01,7.011459729852280009e-04,5.187591339090764919e-02,-6.614172475908887405e-02
2.030000000000000000e+02,2.069338735423836562e-01,5.228539163407949220e-01,6.882661876353976570e-04,5.160432824479294772e-02,-6.518043506752856098e-02
2.040000000000000000e+02,2.069415275183550673e-01,5.228567238920930338e-01,6.738123115428514996e-04,5.133607997629748010e-02,-6.437958443891296512e-02
2.050000000000000000e+02,2.069507332891634133e-01,5.228594653310043583e-01,6.579453387199415840e-04,5.107140641323852648e-02,-6.352165513414918807e-02
2.060000000000000000e+02,2.069590114207827403e-01,5.228621591940255664e-01,6.465271250987470473e-04,5.081009880327815725e-02,-6.271382639048857233e-02
2.070000000000000000e+02,2.069674588641055024e-01,5.228647864059896566e-01,6.305308713734056368e-04,5.055220142013531343e-02,-6.189537195428276156e-02
2.080000000000000000e+02,2.069755669836178258e-01,5.228673536395976873e-01,6.161360659358940985e-04,5.029762307341524574e-02,-6.109880321281620230e-02
2.090000000000000000e+02,2.069837841959853986e-01,5.228698788240465634e-01,6.060442677206149100e-04,5.004632919035488514e-02,-6.031053193448576710e-02
2.100000000000000000e+02,2.069918214135811618e-01,5.228723542544382319e-01,5.941032940050739895e-04,4.979828860781381622e-02,-5.952973980985700603e-02
2.110000000000000000e+02,2.069995387343953885e-01,5.228747729961861213e-01,5.804980194960937968e-04,4.955343752391423023e-02,-5.876426013590142772e-02
2.120000000000000000e+02,2.070073008297154682e-01,5.228771407326626708e-01,5.682567543759971642e-04,4.931175404497050579e-02,-5.800403494649328945e-02
2.130000000000000000e+02,2.070148976583296996e-01,5.228794625792347883e-01,5.572431773082826573e-04,4.907318267751005492e-02,-5.725712819050740587e-02
2.140000000000000000e+02,2.070224582313053840e-01,5.228817431426776574e-01,5.473352262895377031e-04,4.883769116260040788e-02,-5.651796357831497669e-02
2.150000000000000000e+02,2.070299219016006609e-01,5.228839865708672097e-01,5.384227654913781736e-04,4.860523842472535411e-02,-5.578865709001288448e-02
2.160000000000000000e+02,2.070371218080580833e-01,5.228861846764325527e-01,5.275453356700579707e-04,4.837577553805075259e-02,-5.507109280190507217e-02
2.170000000000000000e+02,2.070442914611242413e-01,5.228883420160351791e-01,5.177615046223211885e-04,4.814927009870661329e-02,-5.436130544259357156e-02
2.180000000000000000e+02,2.070513619399173277e-01,5.228904626929534727e-01,5.089624604037711617e-04,4.792568086520353904e-02,-5.366141604073845772e-02
2.190000000000000000e+02,2.070583217439471713e-01,5.228925504030449423e-01,5.010504219526823845e-04,4.770496456090494997e-02,-5.297191303166202958e-02
2.200000000000000000e+02,2.070650641982101636e-01,5.228945965530553686e-01,4.910760025051621059e-04,4.748708213561987634e-02,-5.229178206841734317e-02
2.210000000000000000e+02,2.070717201386595707e-01,5.228966053342463116e-01,4.821074858271844283e-04,4.727199219409514153e-02,-5.162158596593600934e-02
2.220000000000000000e+02,2.070782639768848632e-01,5.228985805224404260e-01,4.740451665804727558e-04,4.705965126668332221e-02,-5.096182257883639238e-02
2.230000000000000000e+02,2.070848348939918759e-01,5.229005255242284989e-01,4.668004291455714718e-04,4.685004350997050426e-02,-5.030586161107668958e-02
2.240000000000000000e+02,2.070910862456592783e-01,5.229024314776217208e-01,4.574288143624222897e-04,4.664311339003535811e-02,-4.966322878443574923e-02
2.250000000000000000e+02,2.070973928390164309e-01,5.229043142613825079e-01,4.518681025930384662e-04,4.643882199537652244e-02,-4.902993471812074761e-02
2.260000000000000000e+02,2.071035374606350621e-01,5.229061643264633075e-01,4.440156193902568271e-04,4.623714608396235076e-02,-4.840221873940088460e-02
2.270000000000000000e+02,2.071095581358954330e-01,5.229079849990996287e-01,4.369614327128337511e-04,4.603804091749979371e-02,-4.778523995101319199e-02
2.280000000000000000e+02,2.071154728087025720e-01,5.229097792772171571e-01,4.306267482042257146e-04,4.584146592984397750e-02,-4.717799703739644634e-02
2.290000000000000000e+02,2.071212624087796772e-01,5.229115379432798250e-01,4.220798550506904166e-04,4.564740212677068781e-02,-4.657531273758985790e-02
2.300000000000000000e+02,2.071268263396744691e-01,5.229132646096578130e-01,4.143999307116192927e-04,4.545578556565792877e-02,-4.598797466706221887e-02
2.310000000000000000e+02,2.071324493140274392e-01,5.229149625542985902e-01,4.075067137773980518e-04,4.526660457710699609e-02,-4.540343725222329568e-02
2.320000000000000000e+02,2.071379465805263664e-01,5.229166347114079239e-01,4.013177062328249808e-04,4.507981990371523473e-02,-4.482832161402242749e-02
2.330000000000000000e+02,2.071433577784579094e-01,5.229182837238990356e-01,3.957629978704123004e-04,4.489539605617968998e-02,-4.426172340853026105e-02
2.340000000000000000e+02,2.071486327362206947e-01,5.229199119644388771e-01,3.907777295656241433e-04,4.471328955772924107e-02,-4.370555962810748762e-02
2.350000000000000000e+02,2.071537945363179367e-01,5.229215096534254315e-01,3.834453567725402208e-04,4.453348470956579319e-02,-4.315316355922805408e-02
2.360000000000000000e+02,2.071587984983573327e-01,5.229230798916422174e-01,3.768571720282981553e-04,4.435593285122167023e-02,-4.261244600258997511e-02
2.370000000000000000e+02,2.071637688702527569e-01,5.229246254888296752e-01,3.709433249805053857e-04,4.418060677753325727e-02,-4.207825768521882004e-02
2.380000000000000000e+02,2.071688163922572046e-01,5.229261609026653046e-01,3.684993205475864636e-04,4.400748145132966915e-02,-4.155007828886073118e-02
2.390000000000000000e+02,2.071735026508213229e-01,5.229276633161760168e-01,3.605792425652971987e-04,4.383652686976228369e-02,-4.102909957617218578e-02
2.400000000000000000e+02,2.071782086071913276e-01,5.229291480050480834e-01,3.563253292834794449e-04,4.366769489077847871e-02,-4.051967495611279169e-02
2.410000000000000000e+02,2.071828189815211330e-01,5.229306048748674218e-01,3.496487566296711184e-04,4.350097798459769127e-02,-4.001205748338967916e-02
2.420000000000000000e+02,2.071874524401242368e-01,5.229320486684221336e-01,3.465104531397550087e-04,4.333634051900068368e-02,-3.951299174328235658e-02
2.430000000000000000e+02,2.071918116044674796e-01,5.229334687548443661e-01,3.408207413319126657e-04,4.317374240545824443e-02,-3.902354725018546133e-02
2.440000000000000000e+02,2.071962128652669322e-01,5.229348675873515262e-01,3.357198017147512291e-04,4.301316460771300448e-02,-3.853867145885822576e-02
2.450000000000000000e+02,2.072005538666011892e-01,5.229362473008384304e-01,3.311312368697812473e-04,4.285458898849774795e-02,-3.805814861166200574e-02
2.460000000000000000e+02,2.072041026223700455e-01,5.229376095456801377e-01,3.269387620019377646e-04,4.269785677386055134e-02,-3.761573151292714468e-02
2.470000000000000000e+02,2.072056337004327398e-01,5.229389316783362718e-01,3.173118374813115928e-04,4.254259438554397477e-02,-3.726297319597830782e-02
2.480000000000000000e+02,2.072084804711479267e-01,5.229402306514526755e-01,3.117535479307279793e-04,4.238888896961887087e-02,-3.688929982202426155e-02
2.490000000000000000e+02,2.072104562444921916e-01,5.229415079200780969e-01,3.065444701090283227e-04,4.223674481573686662e-02,-3.651459693168149917e-02
2.500000000000000000e+02,2.072128967179994175e-01,5.229427662151949763e-01,3.019908280475802381e-04,4.208608647995668028e-02,-3.615800058724517874e-02
2.510000000000000000e+02,2.072151336794425258e-01,5.229440071862564432e-01,2.978330547445924375e-04,4.193695503412210590e-02,-3.579154700029722747e-02
2.520000000000000000e+02,2.072172357450898506e-01,5.229452206601571396e-01,2.912337361708313343e-04,4.178929789299716535e-02,-3.543771386998550293e-02
2.530000000000000000e+02,2.072194211030712607e-01,5.229464095124256584e-01,2.853245444566433926e-04,4.164311378477691949e-02,-3.508418597285908186e-02
2.540000000000000000e+02,2.072215855643436966e-01,5.229475879895960633e-01,2.828345208924881965e-04,4.149838383387815383e-02,-3.473518821570332343e-02
2.550000000000000000e+02,2.072237446251072590e-01,5.229487453419197074e-01,2.777645576730410526e-04,4.135509630755192928e-02,-3.438900631829378690e-02
2.560000000000000000e+02,2.072257685254260684e-01,5.229498835287892389e-01,2.731648486960561433e-04,4.121323655773303368e-02,-3.404633995653435358e-02
2.570000000000000000e+02,2.072278771601726577e-01,5.229510046517003019e-01,2.690694986476579770e-04,4.107278001576206150e-02,-3.370957007303302527e-02
2.580000000000000000e+02,2.072298959659178430e-01,5.229521102221245110e-01,2.653369018029680436e-04,4.093373079123494712e-02,-3.337181388650803382e-02
2.590000000000000000e+02,2.072318824101239687e-01,5.229532019388114517e-01,2.620120048667570062e-04,4.079603940574487442e-02,-3.304593251761772654e-02
2.600000000000000000e+02,2.072339289991470823e-01,5.229542811508269828e-01,2.590108837226662818e-04,4.065972740110854189e-02,-3.271488111271955712e-02
2.610000000000000000e+02,2.072357595417030351e-01,5.229553370602593176e-01,2.534182637642833557e-04,4.052476684974321702e-02,-3.239053232767778040e-02
2.620000000000000000e+02,2.072377994734940498e-01,5.229563842277293872e-01,2.513201928236128975e-04,4.039113212381480189e-02,-3.207233422281936114e-02
2.630000000000000000e+02,2.072395643607320426e-01,5.229574110685640820e-01,2.464418003198794540e-04,4.025884705320546819e-02,-3.174841694624019189e-02
2.640000000000000000e+02,2.072416065839353949e-01,5.229584323582703309e-01,2.451095294956941173e-04,4.012782669477916314e-02,-3.144488602231336472e-02
2.650000000000000000e+02,2.072434096832814765e-01,5.229594474737300214e-01,2.436277103190146571e-04,3.999816945238434535e-02,-3.111773817475595172e-02
2.660000000000000000e+02,2.072451845664449732e-01,5.229604347077738691e-01,2.369361705313157221e-04,3.986969879035657388e-02,-3.083295888666466242e-02
2.670000000000000000e+02,2.072469935833539945e-01,5.229614187447695350e-01,2.361688789487646073e-04,3.974262822572268566e-02,-3.049693551213277648e-02
2.680000000000000000e+02,2.072487027991816999e-01,5.229623785745609599e-01,2.303591499388290610e-04,3.961663639447132734e-02,-3.023803950032557045e-02
2.690000000000000000e+02,2.072504759676165320e-01,5.229633370503061762e-01,2.300341788416168903e-04,3.949212162405266874e-02,-2.988354490047747183e-02
2.700000000000000000e+02,2.072523501379171240e-01,5.229642873725838248e-01,2.280773466351428765e-04,3.936850407036345673e-02,-2.966821288541060184e-02
2.710000000000000000e+02,2.072537518461930739e-01,5.229652105766330328e-01,2.215689718015520482e-04,3.924662529713376924e-02,-2.925090557512568731e-02
2.720000000000000000e+02,2.072557364491217080e-01,5.229661343599343315e-01,2.217079923155429650e-04,3.912509225948691827e-02,-2.916792903524412575e-02
2.730000000000000000e+02,2.072569599380750249e-01,5.229670365629245365e-01,2.165287176544390061e-04,3.900618262780555096e-02,-2.853831160352887988e-02
2.740000000000000000e+02,2.072591436428246614e-01,5.229679595981379103e-01,2.215284511974272637e-04,3.888583177136809010e-02,-2.888420554498981677e-02
2.750000000000000000e+02,2.072595477811225995e-01,5.229688194249096922e-01,2.063584252280311639e-04,3.877113475541635323e-02,-2.752728382841761884e-02
2.760000000000000000e+02,2.072625303170373134e-01,5.229697988127351982e-01,2.350530781245208643e-04,3.864835369394511999e-02,-2.946745475309550319e-02
2.770000000000000000e+02,2.072555708499868865e-01,5.229705642749798988e-01,1.837109387357817769e-04,3.854075913125552116e-02,-2.582269504550394751e-02
2.780000000000000000e+02,2.073037424091657144e-01,5.229714183072109446e-01,2.049677354545348016e-04,3.841965540266452372e-02,-2.906489486183987808e-02
2.790000000000000000e+02,2.072496510562741590e-01,5.229721714495014773e-01,1.807541497348694800e-04,3.831512401214945407e-02,-2.508753372361591238e-02
2.800000000000000000e+02,2.073013114496827514e-01,5.229730072552132292e-01,2.005933708109740711e-04,3.819596204123551497e-02,-2.859887301934484899e-02
2.810000000000000000e+02,2.072555470394470967e-01,5.229737448729876448e-01,1.770282658475103466e-04,3.809393450352027699e-02,-2.448660905165789964e-02
2.820000000000000000e+02,2.073123258782370859e-01,5.229745774542082781e-01,1.998194929633450906e-04,3.797705173100941745e-02,-2.805186540260582589e-02
2.830000000000000000e+02,2.072609437521535647e-01,5.229753018600791226e-01,1.738574090035087405e-04,3.787723925517751805e-02,-2.395499419965646526e-02
2.840000000000000000e+02,2.073249944032268255e-01,5.229761090042110983e-01,1.937145916826912818e-04,3.776272886790871253e-02,-2.748249294451272570e-02
2.850000000000000000e+02,2.072657171564447065e-01,5.229768123352069864e-01,1.687994390138375931e-04,3.766498669712680519e-02,-2.345812098765736459e-02
2.860000000000000000e+02,2.073306166725493171e-01,5.229775988203413384e-01,1.887564322467238400e-04,3.755206951174809571e-02,-2.710012449089003322e-02
2.870000000000000000e+02,2.072702070387436313e-01,5.229782852368127788e-01,1.647399531551941860e-04,3.745636580454818343e-02,-2.296888972797845457e-02
2.880000000000000000e+02,2.073317456214090471e-01,5.229790310665403119e-01,1.789991346109702638e-04,3.734463628128771584e-02,-2.681508558251148588e-02
2.890000000000000000e+02,2.072717948685331157e-01,5.229796822563069769e-01,1.562855439902644135e-04,3.725048556782387804e-02,-2.259617123132081490e-02
2.900000000000000000e+02,2.073353850569641943e-01,5.229804069204762040e-01,1.739194006237684527e-04,3.714019838453453543e-02,-2.646892398944264771e-02
2.910000000000000000e+02,2.072728315734966020e-01,5.229810405578452226e-01,1.520729685725290422e-04,3.704742995395725325e-02,-2.226442333854775080e-02
2.920000000000000000e+02,2.073393740752610681e-01,5.229817360195776477e-01,1.669108157881398532e-04,3.693865065456020808e-02,-2.610703185529001172e-02
2.930000000000000000e+02,2.072733986505668480e-01,5.229823449261999935e-01,1.461375893500984409e-04,3.684717319810859593e-02,-2.195458954838701293e-02
2.940000000000000000e+02,2.073434233902592960e-01,5.229830165961242283e-01,1.612007818181889526e-04,3.673992569015408632e-02,-2.573940190908299841e-02
2.950000000000000000e+02,2.072739256386758877e-01,5.229836057145179629e-01,1.413884145094280250e-04,3.664970661182638534e-02,-2.165257879864749060e-02
2.960000000000000000e+02,2.073470448854253523e-01,5.229842579747674414e-01,1.565424598793052570e-04,3.654397018916210466e-02,-2.537674143942749566e-02
2.970000000000000000e+02,2.072743541116055799e-01,5.229848312837808155e-01,1.375941632044121404e-04,3.645497250839173364e-02,-2.135944338488874467e-02
2.980000000000000000e+02,2.073502425130901994e-01,5.229854557575956964e-01,1.498737155820182752e-04,3.635074451324114830e-02,-2.501471883614073827e-02
2.990000000000000000e+02,2.072745884949464268e-01,5.229860057490596237e-01,1.319979513548785461e-04,3.626293561983617852e-02,-2.107413441719275041e-02
3.000000000000000000e+02,2.073532340451248457e-01,5.229866194873435958e-01,1.472971881462692987e-04,3.616019399173912158e-02,-2.465799074329440288e-02
3.010000000000000000e+02,2.072749239750962258e-01,5.229871615747716529e-01,1.301009827405092138e-04,3.607355024622750650e-02,-2.079449892278715378e-02
3.020000000000000000e+02,2.073555663788111125e-01,5.229877545443625264e-01,1.423127018126974636e-04,3.597226854745472213e-02,-2.430760770546750577e-02
3.030000000000000000e+02,2.072751577205688978e-01,5.229882797132588967e-01,1.260405351315982197e-04,3.588678071108776513e-02,-2.051708072806909811e-02
3.040000000000000000e+02,2.073576685536513420e-01,5.229888676217915311e-01,1.410980478311398023e-04,3.578693280807550281e-02,-2.396349672294264058e-02
3.050000000000000000e+02,2.072754901885335288e-01,5.229893900730647749e-01,1.253883055831244374e-04,3.570258016976399218e-02,-2.024463319476331805e-02
3.060000000000000000e+02,2.073593973833026127e-01,5.229899617960275249e-01,1.372135110678188857e-04,3.560417354584367172e-02,-2.361758974087695140e-02
3.070000000000000000e+02,2.072755923015311696e-01,5.229904715191792119e-01,1.223335563980198842e-04,3.552092327361947022e-02,-1.998006533380856237e-02
3.080000000000000000e+02,2.073607462831940362e-01,5.229910299647899663e-01,1.340269465760653676e-04,3.542392067204108014e-02,-2.328062437881326871e-02
3.090000000000000000e+02,2.072756288001466884e-01,5.229915296067172426e-01,1.199140625538596522e-04,3.534174505007364048e-02,-1.972214927218622973e-02
3.100000000000000000e+02,2.073617633022292739e-01,5.229920771268888879e-01,1.314048411976565661e-04,3.524612159155571939e-02,-2.294963004430124187e-02
3.110000000000000000e+02,2.072757398832398845e-01,5.229925688550084439e-01,1.180147486987843648e-04,3.516502052434940240e-02,-1.946425612951563702e-02
3.120000000000000000e+02,2.073624127436872466e-01,5.229931073498689242e-01,1.292387665168159741e-04,3.507075313335601685e-02,-2.262417383841322516e-02
3.130000000000000000e+02,2.072757869754119631e-01,5.229935928670698120e-01,1.165241282221153232e-04,3.499070320222427699e-02,-1.921198347161796882e-02
3.140000000000000000e+02,2.073628149217467409e-01,5.229941119519015968e-01,1.245803596235035599e-04,3.489778732387437132e-02,-2.229981080397748158e-02
3.150000000000000000e+02,2.072757970054072141e-01,5.229945938667914795e-01,1.156595735687430092e-04,3.481876519344596216e-02,-1.896531130281861946e-02
3.160000000000000000e+02,2.073629223968579405e-01,5.229950958562894492e-01,1.204774795076342066e-04,3.472717407294427516e-02,-2.198186892040463608e-02
3.170000000000000000e+02,2.072756398965269198e-01,5.229955643072864424e-01,1.124282392664854104e-04,3.464915957395802576e-02,-1.872347975670054371e-02
3.180000000000000000e+02,2.073724024034891700e-01,5.229960641041042635e-01,1.199512362703372020e-04,3.456019627363478286e-02,-2.135119207757869494e-02
3.190000000000000000e+02,2.072794822528277736e-01,5.229965238014888662e-01,1.103273723101075510e-04,3.448378957393146566e-02,-1.833760792879597298e-02
3.200000000000000000e+02,2.073746970768092779e-01,5.229969987964763201e-01,1.139987969773778391e-04,3.439737774169802920e-02,-2.073883973602510394e-02
3.210000000000000000e+02,2.072838578224035500e-01,5.229974504127792301e-01,1.083879126961322852e-04,3.432282199547440071e-02,-1.789337909367001017e-02
3.220000000000000000e+02,2.073801157347243962e-01,5.229979038392753576e-01,1.088223590665885919e-04,3.423878156504045478e-02,-2.016970330414714907e-02
3.230000000000000000e+02,2.072879559006289840e-01,5.229983410658228804e-01,1.049343714133133215e-04,3.416589684697745460e-02,-1.749233233512032665e-02
3.240000000000000000e+02,2.073805412329841336e-01,5.229987766183676889e-01,1.045326107455365772e-04,3.408417441065711428e-02,-1.961338471688233581e-02
3.250000000000000000e+02,2.072922746586345344e-01,5.229991996703878820e-01,1.015324848531914937e-04,3.401313205098403097e-02,-1.705016632154047335e-02
3.260000000000000000e+02,2.073855347952168193e-01,5.229996204808700089e-01,1.009945157213498101e-04,3.393362853858425399e-02,-1.908084297594663664e-02
3.270000000000000000e+02,2.072959703306130608e-01,5.230000362842419648e-01,9.979280928067705463e-05,3.386410366755727291e-02,-1.668596904647565507e-02
3.280000000000000000e+02,2.073835324767533683e-01,5.230004446811382657e-01,9.801525510923980646e-05,3.378680299477574561e-02,-1.855216146756596268e-02
3.290000000000000000e+02,2.073003109734005978e-01,5.230008491633822976e-01,9.707573855803447416e-05,3.371916742606159006e-02,-1.623253649139772686e-02
3.300000000000000000e+02,2.073909724875751537e-01,5.230012354456384793e-01,9.270774148136700678e-05,3.364394385037950547e-02,-1.805365816370075455e-02
3.310000000000000000e+02,2.073028663845261355e-01,5.230016300467164037e-01,9.470425870111163276e-05,3.357743291835442456e-02,-1.596262368601927828e-02
3.320000000000000000e+02,2.073820794525035038e-01,5.230020096124096129e-01,9.109576637662746370e-05,3.350432947607008549e-02,-1.754482614824147760e-02
3.330000000000000000e+02,2.073082747651603108e-01,5.230023898740600030e-01,9.126279608225038096e-05,3.344018679027944974e-02,-1.539424458975255199e-02
3.340000000000000000e+02,2.074016939893144618e-01,5.230027524586933207e-01,8.702031199590380673e-05,3.336899106388120650e-02,-1.708697433557780643e-02
3.350000000000000000e+02,2.073070673919027440e-01,5.230031474696981153e-01,9.480264113799138914e-05,3.330447080983391789e-02,-1.548486097135008156e-02
3.360000000000000000e+02,2.073610572077205505e-01,5.230034942373267270e-01,8.322423087987907287e-05,3.323545155399595247e-02,-1.656462140111149284e-02
3.370000000000000000e+02,2.073183832353884259e-01,5.230038413359480165e-01,8.330366909825175125e-05,3.317583014026589255e-02,-1.430913929521433585e-02
3.380000000000000000e+02,2.074346742736591920e-01,5.230041888633700786e-01,8.340658129963537417e-05,3.310827217054584937e-02,-1.621391273281081249e-02
3.390000000000000000e+02,2.073193293351239808e-01,5.230044914406775103e-01,7.261855378283235034e-05,3.304379840323951045e-02,-1.547370415352155443e-02
3.400000000000000000e+02,2.073205639134807765e-01,5.230048032203142849e-01,7.482711282268032316e-05,3.298710553611259449e-02,-1.360628811046012479e-02
3.410000000000000000e+02,2.074606677143227274e-01,5.230051372745752047e-01,8.017302261451626376e-05,3.292240113884485619e-02,-1.552905534425664744e-02
3.420000000000000000e+02,2.073567305204700728e-01,5.230054394041618870e-01,7.251110079683685766e-05,3.286086996758039169e-02,-1.476748110347219332e-02
3.430000000000000000e+02,2.073255021888655292e-01,5.230057613168658248e-01,7.725904893335911448e-05,3.280569121170506808e-02,-1.324290141007691823e-02
3.440000000000000000e+02,2.074604386860088023e-01,5.230060826798383911e-01,7.712711342288589261e-05,3.274389293665840722e-02,-1.483158601119861225e-02
3.450000000000000000e+02,2.073616541519492928e-01,5.230063732024829992e-01,6.972543470786638398e-05,3.268455334108576887e-02,-1.424150293743244554e-02
3.460000000000000000e+02,2.073314705290830451e-01,5.230066884542615702e-01,7.566042686033821801e-05,3.263160627264814068e-02,-1.270729642503123751e-02
3.470000000000000000e+02,2.074611043410994060e-01,5.230070002072633173e-01,7.482072040859842242e-05,3.257223150767445813e-02,-1.424994359368420872e-02
3.480000000000000000e+02,2.073701760044101283e-01,5.230072819011991614e-01,6.760654460072747316e-05,3.251525514560971164e-02,-1.367432689553902021e-02
3.490000000000000000e+02,2.073359332864600502e-01,5.230075831934543062e-01,7.231014122478242843e-05,3.246414674154382562e-02,-1.226601697581338087e-02
3.500000000000000000e+02,2.074593641363921270e-01,5.230078766992362072e-01,7.044138765820925636e-05,3.240720159460662442e-02,-1.366683526492792032e-02
3.510000000000000000e+02,2.073747135983514123e-01,5.230081537337905040e-01,6.648829302090185855e-05,3.235236805016315775e-02,-1.316005066643122570e-02
3.520000000000000000e+02,2.073405978740825162e-01,5.230084556925111983e-01,7.247009297251647453e-05,3.230314263912407308e-02,-1.181409864938078556e-02
3.530000000000000000e+02,2.074580421369262573e-01,5.230087331792612204e-01,6.659682000584574754e-05,3.224849856356593741e-02,-1.311457813395245503e-02
3.540000000000000000e+02,2.073792858973848852e-01,5.230089837320103241e-01,6.013265979590120939e-05,3.219576153061213392e-02,-1.265688790891308577e-02
3.550000000000000000e+02,2.073446167798637940e-01,5.230092796387135756e-01,7.101760878812572015e-05,3.214825162593884511e-02,-1.140237712158976950e-02
3.560000000000000000e+02,2.074553132487624296e-01,5.230095459854096074e-01,6.392320705840226166e-05,3.209581968662384571e-02,-1.258366543559958500e-02
3.570000000000000000e+02,2.073819530079515083e-01,5.230097863828854221e-01,5.769539419483087306e-05,3.204506553642762906e-02,-1.218099604709250126e-02
3.580000000000000000e+02,2.073486481152659877e-01,5.230100778120755356e-01,6.994300563532307739e-05,3.199928957423225223e-02,-1.098623092688987869e-02
3.590000000000000000e+02,2.074536640277394872e-01,5.230103355930688647e-01,6.186743839889846447e-05,3.194896652150749222e-02,-1.207753265394229461e-02
3.600000000000000000e+02,2.073855256001613523e-01,5.230105681634208414e-01,5.581688447956280102e-05,3.190014912296116473e-02,-1.171617565111915046e-02
3.610000000000000000e+02,2.073519848816338107e-01,5.230108589408997144e-01,6.978659493503679449e-05,3.185588872292929169e-02,-1.062249600764869975e-02
3.620000000000000000e+02,2.074500594688663546e-01,5.230111098846520479e-01,6.022650055068814036e-05,3.180761478543507603e-02,-1.158574499861211166e-02
3.630000000000000000e+02,2.073862783820991651e-01,5.230113361969775942e-01,5.431495812553268428e-05,3.176059014404741115e-02,-1.128591393303897926e-02
3.640000000000000000e+02,2.073558008782975248e-01,5.230116124414538881e-01,6.629867430598434847e-05,3.171803855914621245e-02,-1.021238037628837726e-02
3.650000000000000000e+02,2.074497924354123113e-01,5.230118473692647596e-01,5.638267461139073299e-05,3.167168568727801725e-02,-1.112468924836613679e-02
3.660000000000000000e+02,2.073907991840177323e-01,5.230120591698421695e-01,5.083213858486019848e-05,3.162649724628623094e-02,-1.084522583802868118e-02
3.670000000000000000e+02,2.073576707712666278e-01,5.230123320854307423e-01,6.549974126597871095e-05,3.158504623193759270e-02,-9.948243443672571615e-03
3.680000000000000000e+02,2.074426420437406604e-01,5.230125425139310336e-01,5.050284008040779730e-05,3.154064000119055633e-02,-1.065749537928832244e-02
3.690000000000000000e+02,2.073863103198495816e-01,5.230127441046316106e-01,4.838176813625539766e-05,3.149694695780747011e-02,-1.048633041194122449e-02
3.700000000000000000e+02,2.073637154726843124e-01,5.230130020259085022e-01,6.190110646341612905e-05,3.145781336214469037e-02,-9.392062959066357214e-03
3.710000000000000000e+02,2.074507806199346882e-01,5.230132047641391502e-01,4.865717535307651295e-05,3.141503980159696119e-02,-1.026565453145561815e-02
3.720000000000000000e+02,2.074010734482684692e-01,5.230133993472625420e-01,4.669994960184041310e-05,3.137341087029282133e-02,-9.990943512994046941e-03
3.730000000000000000e+02,2.073574536492439890e-01,5.230136754841628877e-01,6.627285608967924059e-05,3.133305457252446441e-02,-9.685511464405289345e-03
3.740000000000000000e+02,2.074184303896584036e-01,5.230138584519413714e-01,4.391226683253839411e-05,3.129242976877030791e-02,-9.749952900997513675e-03
3.750000000000000000e+02,2.073628268582494161e-01,5.230140471171403904e-01,4.527964776373030064e-05,3.125109398142304068e-02,-9.920588963343622904e-03
3.760000000000000000e+02,2.073800286718498753e-01,5.230142554074187489e-01,4.998966679400844806e-05,3.121774478376298373e-02,-8.003807438413610906e-03
3.770000000000000000e+02,2.074761136980627363e-01,5.230144634008593307e-01,4.991842574790349022e-05,3.117771841956652398e-02,-9.606327407150519471e-03
3.780000000000000000e+02,2.074408010771828792e-01,5.230146387222323057e-01,4.207712951001605760e-05,3.114061363171005681e-02,-8.905149085552441224e-03
3.790000000000000000e+02,2.073830187531151004e-01,5.230148204031176418e-01,4.360341248954019427e-05,3.110108810883998459e-02,-9.486125488817609419e-03
3.800000000000000000e+02,2.073773010333896383e-01,5.230150551298745620e-01,5.633442166458194674e-05,3.106747584940951906e-02,-8.066942263311746228e-03
3.810000000000000000e+02,2.074500677133091220e-01,5.230152425285246043e-01,4.497567601436458582e-05,3.102981484379501581e-02,-9.038641347480906932e-03
3.820000000000000000e+02,2.074139428915694472e-01,5.230154111794403926e-01,4.047621977748102804e-05,3.099363438918614072e-02,-8.683309106129719762e-03
3.830000000000000000e+02,2.073624732416485816e-01,5.230158733530215764e-01,1.109216594785384193e-04,3.095529780748243823e-02,-9.200779608888577654e-03
3.840000000000000000e+02,2.073788473782110786e-01,5.230160814128229640e-01,4.993435232962109896e-05,3.092273696069783653e-02,-7.814603228304737789e-03
3.850000000000000000e+02,2.074339900592497565e-01,5.230162254929117127e-01,3.457922130753248254e-05,3.088694149029778957e-02,-8.590912896011161995e-03
3.860000000000000000e+02,2.074000992991472392e-01,5.230163551070990957e-01,3.110740496929799659e-05,3.085220416679667482e-02,-8.336957640267440503e-03
3.870000000000000000e+02,2.073723696810118311e-01,5.230165754579347848e-01,5.288420055793656129e-05,3.081877443947075509e-02,-8.023134558221135457e-03
3.880000000000000000e+02,2.074294045934563513e-01,5.230167056724343011e-01,3.125147987979226473e-05,3.078528319173452765e-02,-8.037899456694396969e-03
3.890000000000000000e+02,2.073905214296989652e-01,5.230168346839000337e-01,3.096275177878350508e-05,3.075109832828467130e-02,-8.204367227965716353e-03
3.900000000000000000e+02,2.073836372610216860e-01,5.230170316633598881e-01,4.727507035765371446e-05,3.072117554836897510e-02,-7.181467179766715808e-03
3.910000000000000000e+02,2.074485188635038502e-01,5.230171757019677070e-01,3.456926588776671979e-05,3.068860128985969118e-02,-7.817822042227936738e-03
3.920000000000000000e+02,2.074194505320776094e-01,5.230173051921571670e-01,3.107764547212626992e-05,3.065682474461787349e-02,-7.626370858036659456e-03
3.930000000000000000e+02,2.073803689134169903e-01,5.230174334934827307e-01,3.079231812902760983e-05,3.062394379364678093e-02,-7.891428233062602882e-03
3.940000000000000000e+02,2.073951188852780625e-01,5.230176059918764109e-01,4.139961447011951569e-05,3.059775057858162353e-02,-6.286371615637597991e-03
3.950000000000000000e+02,2.074670703123583648e-01,5.230177520601870800e-01,3.505639456963162442e-05,3.056654155335453149e-02,-7.490166054502422899e-03
3.960000000000000000e+02,2.074459567428948714e-01,5.230178833366366797e-01,3.150634791194693206e-05,3.053749284778815160e-02,-6.971689335930881734e-03
3.970000000000000000e+02,2.074095407691377568e-01,5.230180131958460654e-01,3.116621024291723203e-05,3.050662559087940692e-02,-7.408141658098558319e-03
3.980000000000000000e+02,2.073808188942810882e-01,5.230181417840804592e-01,3.086117625621165371e-05,3.047614605083900224e-02,-7.315089609697292966e-03
3.990000000000000000e+02,2.074005655819939620e-01,5.230183079164805182e-01,3.987177600627726055e-05,3.045225123551748708e-02,-5.734755677163514732e-03
4.000000000000000000e+02,2.074726089982243393e-01,5.230184551242718083e-01,3.532986991508769135e-05,3.042312434763825429e-02,-6.990453091016216904e-03
4.010000000000000000e+02,2.074551399295642695e-01,5.230185754687631805e-01,2.888267792293193508e-05,3.039632784004648453e-02,-6.431161822024790593e-03
4.020000000000000000e+02,2.074233594160183602e-01,5.230187073673814302e-01,3.165566838989966885e-05,3.036765267611208144e-02,-6.882039344256871659e-03
4.030000000000000000e+02,2.073988332817393032e-01,5.230188258308694493e-01,2.843123712721765475e-05,3.033944012367850718e-02,-6.771012584057880049e-03
4.040000000000000000e+02,2.073910092977021835e-01,5.230190277842000635e-01,4.846879934760782351e-05,3.031382298799466940e-02,-6.148112564120651949e-03
4.050000000000000000e+02,2.074446376634171141e-01,5.230191501848495683e-01,2.937615588463260964e-05,3.028716062220821251e-02,-6.398967788749367232e-03
4.060000000000000000e+02,2.074223796103186745e-01,5.230192600885521514e-01,2.637688861641451424e-05,3.026050566215954252e-02,-6.397190411681113326e-03
4.070000000000000000e+02,2.073960835798037416e-01,5.230193706493867500e-01,2.653460029627051716e-05,3.023328470309760707e-02,-6.533030174864814035e-03
4.080000000000000000e+02,2.073970070552750289e-01,5.230195592880400035e-01,4.527327677253763965e-05,3.020980770074633767e-02,-5.634480564304476281e-03
4.090000000000000000e+02,2.074493139839463374e-01,5.230196760739511674e-01,2.802861868824295410e-05,3.018440492669485081e-02,-6.096665772356440333e-03
4.100000000000000000e+02,2.074313163701502483e-01,5.230197809076126969e-01,2.516007876394905048e-05,3.015951565019558273e-02,-5.973426359823980937e-03
4.110000000000000000e+02,2.074070337377537931e-01,5.230198988042797925e-01,2.829520010557708652e-05,3.013382349332493007e-02,-6.166117648956255526e-03
4.120000000000000000e+02,2.073819120796670523e-01,5.230201564854026763e-01,6.184346947952833000e-05,3.010695009783022347e-02,-6.449614918729714916e-03
4.130000000000000000e+02,2.074115841092375456e-01,5.230202485682093894e-01,2.209987362212672055e-05,3.008340183990251132e-02,-5.651581902651012235e-03
4.140000000000000000e+02,2.073848165181360892e-01,5.230204644068364717e-01,5.180127050004486311e-05,3.005784553000735021e-02,-6.133514374838411679e-03
4.150000000000000000e+02,2.074282016452406729e-01,5.230205496261209897e-01,2.045262827652782195e-05,3.003539023338509112e-02,-5.389271189342213081e-03
4.160000000000000000e+02,2.074005239622584984e-01,5.230206379327241306e-01,2.119358476185898281e-05,3.001066624361962282e-02,-5.933757543712512954e-03
4.170000000000000000e+02,2.073952623897931669e-01,5.230208264963936982e-01,4.525528069080112740e-05,2.998808816538656163e-02,-5.418738775934580677e-03
4.180000000000000000e+02,2.074329033554040413e-01,5.230209112161346985e-01,2.033273783937208367e-05,2.996584267594742598e-02,-5.338917465392958861e-03
4.190000000000000000e+02,2.074139329925742958e-01,5.230209990759736582e-01,2.108636136215311270e-05,2.994290913013304342e-02,-5.504050995452175465e-03
4.200000000000000000e+02,2.073959836029385662e-01,5.230210778295811824e-01,1.890086580982065011e-05,2.991989100770228033e-02,-5.524349383383554517e-03
4.210000000000000000e+02,2.074106590715623089e-01,5.230212227595895103e-01,3.478320198546957137e-05,2.990180651603314282e-02,-4.340278000592643487e-03
4.220000000000000000e+02,2.074597231467474878e-01,5.230213158910606008e-01,2.235155306719056602e-05,2.988055163049763152e-02,-5.101172528522558355e-03
4.230000000000000000e+02,2.074501352312664026e-01,5.230213994115586740e-01,2.004491954162857106e-05,2.986060592552281651e-02,-4.786969193955875959e-03
4.240000000000000000e+02,2.074322125487581547e-01,5.230214861671124149e-01,2.082133290168331402e-05,2.983951209635470059e-02,-5.062519000347440526e-03
4.250000000000000000e+02,2.074181192806772156e-01,5.230215639209012668e-01,1.866090933408226014e-05,2.981862081304434767e-02,-5.013907994484705262e-03
4.260000000000000000e+02,2.074005267713657230e-01,5.230216454806324577e-01,1.957433549242508299e-05,2.979718262624083194e-02,-5.145164832844184057e-03
4.270000000000000000e+02,2.074097373511419318e-01,5.230218087897813284e-01,3.919419573408190120e-05,2.977961820297882201e-02,-4.215461582882283446e-03
4.280000000000000000e+02,2.074520353587237520e-01,5.230218906242941612e-01,1.964028307036261271e-05,2.976016641697636772e-02,-4.668428640589156013e-03
4.290000000000000000e+02,2.074424377185075941e-01,5.230219639673446830e-01,1.760233212069871881e-05,2.974134891262666600e-02,-4.516201043928223108e-03
4.300000000000000000e+02,2.074273597177444528e-01,5.230220415611671614e-01,1.862251739962756598e-05,2.972177791830176580e-02,-4.697038637975997286e-03
4.310000000000000000e+02,2.074144801204224620e-01,5.230221229826503837e-01,1.954115596017609699e-05,2.970221939078636700e-02,-4.694046603695845379e-03
4.320000000000000000e+02,2.073991397798439218e-01,5.230221959170755497e-01,1.750426202941496448e-05,2.968224346643991846e-02,-4.794221843147398673e-03
4.330000000000000000e+02,2.074174090377142454e-01,5.230223379372030967e-01,3.408483061499778327e-05,2.966730905040693839e-02,-3.584259847915167562e-03
4.340000000000000000e+02,2.074584570738055023e-01,5.230224264698245529e-01,2.124782914988445471e-05,2.964928066579779545e-02,-4.326812306194086771e-03
4.350000000000000000e+02,2.074524121904653406e-01,5.230224939323915301e-01,1.619101606425709346e-05,2.963259652095246582e-02,-4.004194762879011681e-03
4.360000000000000000e+02,2.074388877916464591e-01,5.230225662325054259e-01,1.735202733710828767e-05,2.961479105174952622e-02,-4.273312608705219506e-03
4.370000000000000000e+02,2.074291809067800307e-01,5.230226428980058184e-01,1.839972009563421501e-05,2.959725196765840283e-02,-4.209380181869852057e-03
4.380000000000000000e+02,2.074161140313796059e-01,5.230227115558262474e-01,1.647787691625503563e-05,2.957919948457562662e-02,-4.332595939866557694e-03
4.390000000000000000e+02,2.074044723119317646e-01,5.230227849279450725e-01,1.760930851684009668e-05,2.956105077414716495e-02,-4.355690502831121962e-03
4.400000000000000000e+02,2.074160504113644610e-01,5.230229415334031184e-01,3.758530993713423936e-05,2.954659562644356557e-02,-3.469235448864150910e-03
4.410000000000000000e+02,2.074525549165696092e-01,5.230230170125839129e-01,1.811500337961071061e-05,2.953043043737549334e-02,-3.879645376337125667e-03
4.420000000000000000e+02,2.074463586450189523e-01,5.230230965658642095e-01,1.909278726725819263e-05,2.951485686651550075e-02,-3.737657006398319073e-03
4.430000000000000000e+02,2.074354666515900170e-01,5.230231678358449043e-01,1.710479536183200289e-05,2.949862098767542379e-02,-3.896610921618227051e-03
4.440000000000000000e+02,2.074265073818817307e-01,5.230232435748171094e-01,1.817735333303552777e-05,2.948241396979238774e-02,-3.889684291928370823e-03
4.450000000000000000e+02,2.074156980224899915e-01,5.230233114044160470e-01,1.627910375274020576e-05,2.946586792640687458e-02,-3.971050412523114033e-03
4.460000000000000000e+02,2.074052131762091911e-01,5.230233721123952462e-01,1.456991500477601585e-05,2.944914877306203244e-02,-4.012596802762502524e-03
4.470000000000000000e+02,2.074204293413184075e-01,5.230235137823503466e-01,3.400078922301095233e-05,2.943652304156843535e-02,-3.030175558463474653e-03
4.480000000000000000e+02,2.074538146295944741e-01,5.230235915350328613e-01,1.866064379759700074e-05,2.942182259940990044e-02,-3.528106118048275619e-03
4.490000000000000000e+02,2.074494711572401062e-01,5.230236493074262860e-01,1.386537442397799475e-05,2.940796022749132127e-02,-3.326969260459238745e-03
4.500000000000000000e+02,2.074401733508995926e-01,5.230237129054307044e-01,1.526352105116422347e-05,2.939333394383142686e-02,-3.510308078375017158e-03
4.510000000000000000e+02,2.074330814581925309e-01,5.230237698320817641e-01,1.366239626282642976e-05,2.937882929759950620e-02,-3.481115095661041926e-03
4.520000000000000000e+02,2.074240679438529300e-01,5.230238326632054013e-01,1.507946966561414354e-05,2.936394770808971669e-02,-3.571581482349875641e-03
4.530000000000000000e+02,2.074157516232642828e-01,5.230238888865416103e-01,1.349360068055606082e-05,2.934897067910401114e-02,-3.594486956569041894e-03
4.540000000000000000e+02,2.074030957292533894e-01,5.230241878716593851e-01,7.175642826356805012e-05,2.933246983429416144e-02,-3.960202754364186041e-03
4.550000000000000000e+02,2.074208362114109416e-01,5.230242203940081991e-01,7.805363712789104708e-06,2.931912797706205664e-02,-3.202045735704758551e-03
4.560000000000000000e+02,2.073987978994098202e-01,5.230244515488250423e-01,5.547715603359341919e-05,2.930212422872336894e-02,-4.080899601284777856e-03
4.570000000000000000e+02,2.074278815531435116e-01,5.230244697120751685e-01,4.359180023168095143e-06,2.928998000996359263e-02,-2.914612502345924859e-03
4.580000000000000000e+02,2.074081055401552076e-01,5.230245095627223950e-01,9.564155346622920165e-06,2.927476362713738942e-02,-3.651931878288791275e-03
4.590000000000000000e+02,2.074122566483442565e-01,5.230246561260170068e-01,3.517519070128733642e-05,2.926142644535159945e-02,-3.200923628589767526e-03
4.600000000000000000e+02,2.074372702152967596e-01,5.230246781443206316e-01,5.284392861800496965e-06,2.924923981441009124e-02,-2.924791425961597961e-03
4.610000000000000000e+02,2.074287170544637515e-01,5.230247095855095063e-01,7.545885323208993788e-06,2.923609388201009462e-02,-3.155023775999254293e-03
4.620000000000000000e+02,2.074238212288618266e-01,5.230247375879606420e-01,6.720588274815637778e-06,2.922321436735695124e-02,-3.091083516754638758e-03
4.630000000000000000e+02,2.074159575926730059e-01,5.230247743980885877e-01,8.834430712494589406e-06,2.920992360027081097e-02,-3.189784100673933795e-03
4.640000000000000000e+02,2.074049416923890443e-01,5.230249766432321090e-01,4.853883445661446547e-05,2.919522224238798105e-02,-3.528325891879477948e-03
4.650000000000000000e+02,2.074304350662352636e-01,5.230249898234903272e-01,3.163261965001520264e-06,2.918425234936614446e-02,-2.632774325240960951e-03
4.660000000000000000e+02,2.074154212817686249e-01,5.230250132918318196e-01,5.632401959758982677e-06,2.917088512411763340e-02,-3.208134059643006318e-03
4.670000000000000000e+02,2.074146367985892914e-01,5.230250341327856711e-01,5.001828921534903317e-06,2.915858552139509105e-02,-2.951904653409955902e-03
4.680000000000000000e+02,2.074203218809916871e-01,5.230251606320573954e-01,3.035982521646355089e-05,2.914806533819157622e-02,-2.524843968843319946e-03
4.690000000000000000e+02,2.074472632208025080e-01,5.230251921235284929e-01,7.557953066113556726e-06,2.913769421350816125e-02,-2.489069924019701469e-03
4.700000000000000000e+02,2.074427950151267186e-01,5.230252202061429490e-01,6.739827472027998630e-06,2.912698012429519936e-02,-2.571381411110766711e-03
4.710000000000000000e+02,2.074385056569931773e-01,5.230252452134001029e-01,6.001741708904417480e-06,2.911623438404643827e-02,-2.578977659702470695e-03
4.720000000000000000e+02,2.074335030844799144e-01,5.230252793647799381e-01,8.196331169584174562e-06,2.910527696373507028e-02,-2.629780874728298874e-03
4.730000000000000000e+02,2.074285874376265715e-01,5.230253098220993824e-01,7.309756656984243162e-06,2.909421527929632878e-02,-2.654804265297987329e-03
4.740000000000000000e+02,2.074232373040312272e-01,5.230253369493473858e-01,6.510539526479208240e-06,2.908298010828072253e-02,-2.696441043745280344e-03
4.750000000000000000e+02,2.074179844125431937e-01,5.230253729974655430e-01,8.651548366259610931e-06,2.907160826620788091e-02,-2.729242097481921620e-03
4.760000000000000000e+02,2.074087481320870396e-01,5.230255634304497026e-01,4.570391619399086528e-05,2.905890277846273975e-02,-3.049317058833623910e-03
4.770000000000000000e+02,2.074343550975198402e-01,5.230255773306438094e-01,3.336046579502634853e-06,2.904991023326108229e-02,-2.158210848397434153e-03
4.780000000000000000e+02,2.074216853963689045e-01,5.230256014731464731e-01,5.794200633528043314e-06,2.903857241868333314e-02,-2.721075498659515906e-03
4.790000000000000000e+02,2.074222323747194896e-01,5.230256229521079714e-01,5.154950751417144620e-06,2.902831953476022603e-02,-2.460692141545844491e-03
4.800000000000000000e+02,2.074207272196426644e-01,5.230257305459174999e-01,2.582251427696337229e-05,2.901849463764834269e-02,-2.357975306852081940e-03
