# Time, SliderHeight, Motor1Pos, Motor1Vel, Motor2Pos, Motor2Vel
0.000000000000000000e+00,2.600000000000000089e-01,0.000000000000000000e+00,0.000000000000000000e+00,0.000000000000000000e+00,0.000000000000000000e+00
1.000000000000000000e+00,9.095862093511444812e-02,5.206418037414551475e-03,1.249540328979492410e+00,-3.243850308225901344e-03,-7.785240739742163019e-01
2.000000000000000000e+00,1.266127435645191257e-01,1.346325159072876178e-02,1.981640052795410556e+00,-9.465246156423412494e-03,-1.493135003567402697e+00
3.000000000000000000e+00,1.840492824466638533e-02,2.539710950851440524e-02,2.864125900268554847e+00,-1.860234475302122159e-02,-2.192903663183474627e+00
4.000000000000000000e+00,8.839077186133439956e-02,3.975957112312317188e-02,3.446990787506104326e+00,-3.014461565903981885e-02,-2.770145017444463509e+00
5.000000000000000000e+00,2.227755672139358767e-01,5.504707822322845584e-02,3.669001704025268484e+00,-4.370529651124506476e-02,-3.254563404529259518e+00
6.000000000000000000e+00,3.005898855820846594e-01,7.009571488904953185e-02,3.611672799797057465e+00,-5.796180539276422905e-02,-3.421562131564599873e+00
7.000000000000000000e+00,2.789780719304074119e-01,8.494391169734001601e-02,3.563567233989715977e+00,-7.218296223105255538e-02,-3.413077641189198541e+00
8.000000000000000000e+00,2.573253363296041929e-01,9.981141203570842446e-02,3.568200081208419583e+00,-8.637510331226026794e-02,-3.406113859489850793e+00
9.000000000000000000e+00,2.476705385922264302e-01,1.148062561207575799e-01,3.598762580411797529e+00,-1.006477782951797351e-01,-3.425441995900670555e+00
1.000000000000000000e+01,2.601935896435337292e-01,1.297300768721309228e-01,3.581716980329602062e+00,-1.149673833625751984e-01,-3.436705216174912536e+00
1.100000000000000000e+01,2.590695446949521918e-01,1.445188325191921197e-01,3.549301355294688154e+00,-1.291963531895678752e-01,-3.414952758478244199e+00
1.200000000000000000e+01,2.817583382989592433e-01,1.587039054821776929e-01,3.404417511116537565e+00,-1.429404115936859787e-01,-3.298574016988343072e+00
1.300000000000000000e+01,3.149321580496300399e-01,1.713939030221862392e-01,3.045599409602051999e+00,-1.552784577700476731e-01,-2.961131082326806663e+00
1.400000000000000000e+01,3.496988015182385112e-01,1.808737682627227505e-01,2.275167657728760950e+00,-1.646032027346618631e-01,-2.237938791507407821e+00
1.500000000000000000e+01,3.018605761187573844e-01,1.869698733681368630e-01,1.463065225299390093e+00,-1.701648422810091155e-01,-1.334793491123337672e+00
1.600000000000000000e+01,2.548877645709577422e-01,1.891398224765593883e-01,5.207877860214048527e-01,-1.718007274824100705e-01,-3.926124483362266604e-01
1.700000000000000000e+01,2.726448359802707833e-01,1.894267753761529893e-01,6.886869590246569306e-02,-1.726774506594191960e-01,-2.104135624821914796e-01
1.800000000000000000e+01,2.183032674887577518e-01,1.894564231635499085e-01,7.115468975257853435e-03,-1.735541611455784228e-01,-2.104105166782138936e-01
1.900000000000000000e+01,2.195002986584713711e-01,1.893582284809381955e-01,-2.356672382680920913e-02,-1.743405869194483149e-01,-1.887421857287758797e-01
2.000000000000000000e+01,2.189776935905392574e-01,1.892155534351972757e-01,-3.424201097781950920e-02,-1.751106688906504671e-01,-1.848196730885155459e-01
2.100000000000000000e+01,2.185408585839896944e-01,1.890225583009518262e-01,-4.631883221890462088e-02,-1.758378275808472058e-01,-1.745180856472176301e-01
2.200000000000000000e+01,2.182988952296035234e-01,1.887993014180001927e-01,-5.358165190839078024e-02,-1.765391464749078709e-01,-1.683165345745614161e-01
2.300000000000000000e+01,2.180715879653435385e-01,1.885493275216225395e-01,-5.999373513063752106e-02,-1.772110225903184011e-01,-1.612502676985263783e-01
2.400000000000000000e+01,2.179031341481935391e-01,1.882810303590598811e-01,-6.439131901503478139e-02,-1.778585578930846622e-01,-1.554084726639032576e-01
2.500000000000000000e+01,2.177539994213650298e-01,1.879986800869020702e-01,-6.776406531787668164e-02,-1.784823983251278279e-01,-1.497217036903595866e-01
2.600000000000000000e+01,2.176320942851095730e-01,1.877068708646040807e-01,-7.003421335151890914e-02,-1.790847584014437777e-01,-1.445664183158305860e-01
2.700000000000000000e+01,2.175264839954021978e-01,1.874088076032169037e-01,-7.153518273291989416e-02,-1.796667967205019811e-01,-1.396891965739695540e-01
2.800000000000000000e+01,2.174367629607060481e-01,1.871073151180416838e-01,-7.235819644204952161e-02,-1.802298629848455291e-01,-1.351359034424514938e-01
2.900000000000000000e+01,2.173586239687312072e-01,1.868045423521939308e-01,-7.266546380345946521e-02,-1.807749603302742647e-01,-1.308233629028939804e-01
3.000000000000000000e+01,2.172906422055071451e-01,1.865022683824011651e-01,-7.254575275026184378e-02,-1.813030601243495188e-01,-1.267439505780584008e-01
3.100000000000000000e+01,2.172306106845928453e-01,1.862018738405324947e-01,-7.209469004847766926e-02,-1.818149769932317084e-01,-1.228600485317269259e-01
3.200000000000000000e+01,2.171774049830747511e-01,1.859044761255161105e-01,-7.137545160393228560e-02,-1.823114619818586857e-01,-1.191563972704733632e-01
3.300000000000000000e+01,2.171296616930643852e-01,1.856109378452398817e-01,-7.044918726629297023e-02,-1.827931731492810352e-01,-1.156106801813652912e-01
3.400000000000000000e+01,2.170864758461316657e-01,1.853219280584423312e-01,-6.936234883141154106e-02,-1.832607146695732769e-01,-1.122099648701381513e-01
3.500000000000000000e+01,2.170471508420479811e-01,1.850379654714854327e-01,-6.815102086965701966e-02,-1.837146362598669480e-01,-1.089411816704779074e-01
3.600000000000000000e+01,2.170109318794139763e-01,1.847594275131277941e-01,-6.684911000583600160e-02,-1.841554386260448872e-01,-1.057925678827023319e-01
3.700000000000000000e+01,2.169774932819455993e-01,1.844866061855363337e-01,-6.547711862195190746e-02,-1.845835902847950960e-01,-1.027563981000470805e-01
3.800000000000000000e+01,2.169461947026016524e-01,1.842196868046230840e-01,-6.406065141918067252e-02,-1.849995218418334919e-01,-9.982357368921189467e-02
3.900000000000000000e+01,2.169168657745331741e-01,1.839588003919220005e-01,-6.261273904825877257e-02,-1.854036387236978334e-01,-9.698805164743898310e-02
4.000000000000000000e+01,2.168892384876716095e-01,1.837040291040268059e-01,-6.114510909484879853e-02,-1.857963266758977661e-01,-9.424510852798292926e-02
4.100000000000000000e+01,2.168628889381199742e-01,1.834553872772270167e-01,-5.967403843194615115e-02,-1.861779358496242209e-01,-9.158620169434956992e-02
4.200000000000000000e+01,2.168378094304252157e-01,1.832128699327898458e-01,-5.820416266492309948e-02,-1.865488111832714346e-01,-8.901008007532966448e-02
4.300000000000000000e+01,2.168138073986223546e-01,1.829764427875333332e-01,-5.674251486156575014e-02,-1.869092780225553863e-01,-8.651204142814807041e-02
4.400000000000000000e+01,2.167907304319163786e-01,1.827460451842713440e-01,-5.529542478288014540e-02,-1.872596500402461395e-01,-8.408928424578260286e-02
4.500000000000000000e+01,2.167684749722882109e-01,1.825215986896784326e-01,-5.386715870229748238e-02,-1.876002125220690153e-01,-8.173499563748863606e-02
4.600000000000000000e+01,2.167469856434543762e-01,1.823030148323682986e-01,-5.246012575443088216e-02,-1.879312609681958735e-01,-7.945162707044362005e-02
4.700000000000000000e+01,2.166986444522091548e-01,1.820902017768931125e-01,-5.107513331404676948e-02,-1.882531807154669556e-01,-7.726073934505775509e-02
4.800000000000000000e+01,2.166794857610218616e-01,1.818829879029149055e-01,-4.973132975476840523e-02,-1.885660560655709195e-01,-7.509008402495329082e-02
4.900000000000000000e+01,2.166627418335077548e-01,1.816813318482339845e-01,-4.839745312342232791e-02,-1.888702310878645485e-01,-7.300200535046764971e-02
5.000000000000000000e+01,2.166456008302896918e-01,1.814850831439594747e-01,-4.709968902588477363e-02,-1.891659082742311038e-01,-7.096252472797040523e-02
5.100000000000000000e+01,2.166290354703677978e-01,1.812941540533953566e-01,-4.582298173538528613e-02,-1.894533533454740293e-01,-6.898681709830353781e-02
5.200000000000000000e+01,2.166126215798165056e-01,1.811084000488509260e-01,-4.458096109066578966e-02,-1.897327786369806257e-01,-6.706206996158545208e-02
5.300000000000000000e+01,2.165966443732872670e-01,1.809277029763502742e-01,-4.336729740015849571e-02,-1.900044139938468213e-01,-6.519248564788809874e-02
5.400000000000000000e+01,2.165814716600580336e-01,1.807519147805450588e-01,-4.218916699325291758e-02,-1.902690654326950337e-01,-6.351634532357289253e-02
5.500000000000000000e+01,2.165651218002028477e-01,1.805806101449390910e-01,-4.111311254543191518e-02,-1.905268890655375802e-01,-6.187767188221077186e-02
5.600000000000000000e+01,2.165494841916772994e-01,1.804136566211078929e-01,-4.006884571948761409e-02,-1.907780432128772241e-01,-6.027699536151630288e-02
5.700000000000000000e+01,2.165340177951980138e-01,1.802509230846762733e-01,-3.905604874358895029e-02,-1.910227001681281678e-01,-5.871766926022876920e-02
5.800000000000000000e+01,2.165190376680801165e-01,1.800923272859860369e-01,-3.806299168565366320e-02,-1.912610328665565185e-01,-5.719984762280173191e-02
5.900000000000000000e+01,2.165043337827449732e-01,1.799377713585065819e-01,-3.709342259506979989e-02,-1.914931999304570476e-01,-5.572009533612654053e-02
6.000000000000000000e+01,2.164693144439479300e-01,1.797871572361141868e-01,-3.614738937417756592e-02,-1.917192816727171512e-01,-5.425961814242153541e-02
6.100000000000000000e+01,2.164566503703013733e-01,1.796404405759945977e-01,-3.521199842870344904e-02,-1.919395577901134020e-01,-5.286626817510296783e-02
6.200000000000000000e+01,2.164425153365683030e-01,1.794974640900351415e-01,-3.431435663026691230e-02,-1.921541230672773048e-01,-5.149566651933613209e-02
6.300000000000000000e+01,2.164291166186795290e-01,1.793581517840437123e-01,-3.343495343794309488e-02,-1.923631402964153803e-01,-5.016413499313495533e-02
6.400000000000000000e+01,2.164778863460246061e-01,1.792316561017941179e-01,-3.035896373990074407e-02,-1.925716197295271603e-01,-5.003506394682407515e-02
6.500000000000000000e+01,2.164953262716899085e-01,1.791150383717874384e-01,-2.798825520160384134e-02,-1.927773382487848464e-01,-4.937244462184381399e-02
6.600000000000000000e+01,2.165210055002645684e-01,1.790090035707109783e-01,-2.544835225834784012e-02,-1.929813617071171328e-01,-4.896562999974731628e-02
6.700000000000000000e+01,2.165388627897010254e-01,1.789124099591690442e-01,-2.318246677006162437e-02,-1.931831503153437213e-01,-4.842926597438194924e-02
6.800000000000000000e+01,2.165569590061673655e-01,1.788250584762678952e-01,-2.096435589627786839e-02,-1.933829573607975805e-01,-4.795369090892642044e-02
6.900000000000000000e+01,2.165715350595537048e-01,1.787463110114383413e-01,-1.889939155909171192e-02,-1.935806472137452383e-01,-4.744556470743845067e-02
7.000000000000000000e+01,2.165846890047551099e-01,1.786757959209603897e-01,-1.692362171470586721e-02,-1.937762766213609045e-01,-4.695105782775962910e-02
7.100000000000000000e+01,2.165955474819271920e-01,1.786130416348030714e-01,-1.506102867775653033e-02,-1.939698072491342073e-01,-4.644735066558960956e-02
7.200000000000000000e+01,2.166046536160192160e-01,1.785576475817964026e-01,-1.329457272160201528e-02,-1.941612552599538410e-01,-4.594752259671163602e-02
7.300000000000000000e+01,2.166119737925798205e-01,1.785092174851005131e-01,-1.162322320701035354e-02,-1.943506173190262254e-01,-4.544689417737327736e-02
7.400000000000000000e+01,2.166175531644154717e-01,1.784673648932371959e-01,-1.004462204719772274e-02,-1.945378844645726801e-01,-4.494411493114602169e-02
7.500000000000000000e+01,2.166216599584585012e-01,1.784317479603404755e-01,-8.548063895212551500e-03,-1.947230665123857729e-01,-4.444369147514221768e-02
7.600000000000000000e+01,2.166241900183477898e-01,1.784020113414152009e-01,-7.136788542068286771e-03,-1.949061633559821261e-01,-4.394324246312802940e-02
7.700000000000000000e+01,2.166254173955839135e-01,1.783778471468946414e-01,-5.799406684932105829e-03,-1.950871778797589606e-01,-4.344348570644197133e-02
7.800000000000000000e+01,2.166252396904536082e-01,1.783589305924529744e-01,-4.539973065999368396e-03,-1.952661216203704642e-01,-4.294649774676358167e-02
7.900000000000000000e+01,2.166238044166084453e-01,1.783449634117324489e-01,-3.352123372924955495e-03,-1.954429930398764725e-01,-4.244914068144266250e-02
8.000000000000000000e+01,2.166212631431286839e-01,1.783356771650111139e-01,-2.228699213122838606e-03,-1.956177996948275377e-01,-4.195359718825626000e-02
8.100000000000000000e+01,2.166176228339982690e-01,1.783308064146812699e-01,-1.168980079164698687e-03,-1.957905483861191731e-01,-4.145968590999134229e-02
8.200000000000000000e+01,2.166129202928760156e-01,1.783300884250380858e-01,-1.723175143642193593e-04,-1.959612571554862903e-01,-4.097010464810616620e-02
8.300000000000000000e+01,2.166072060423830936e-01,1.783332748130182777e-01,7.647331152452212146e-04,-1.961299213788646467e-01,-4.047941361080389933e-02
8.400000000000000000e+01,2.166006996819420105e-01,1.783401539547938286e-01,1.650994026131520805e-03,-1.962965666969188339e-01,-3.999487633300165268e-02
8.500000000000000000e+01,2.165932184870514865e-01,1.783504877052037030e-01,2.480100098370002521e-03,-1.964611863839245964e-01,-3.950872488138076899e-02
8.600000000000000000e+01,2.165849986928918836e-01,1.783640736545319405e-01,3.260627838774331124e-03,-1.966238071692847644e-01,-3.902898848644030527e-02
8.700000000000000000e+01,2.165760090492467593e-01,1.783807117526406971e-01,3.993143546103104791e-03,-1.967844262873718053e-01,-3.854858834088778496e-02
8.800000000000000000e+01,2.165663523880172192e-01,1.784002159939414855e-01,4.681017912188925947e-03,-1.969430680712111192e-01,-3.807402812143579479e-02
8.900000000000000000e+01,2.165560109703801028e-01,1.784224010920111847e-01,5.324423536729825518e-03,-1.970997365391322642e-01,-3.760043230107719403e-02
9.000000000000000000e+01,2.165450985991361210e-01,1.784471002890690161e-01,5.927807293877554451e-03,-1.972544531890254582e-01,-3.713199597436473570e-02
9.100000000000000000e+01,2.165335958034367292e-01,1.784741456217187605e-01,6.490879835941441682e-03,-1.974072284282953338e-01,-3.666605742477250379e-02
9.200000000000000000e+01,2.165215825197056021e-01,1.785033859229038511e-01,7.017672284421343221e-03,-1.975580716236063072e-01,-3.620236687463443404e-02
9.300000000000000000e+01,2.165091268132050273e-01,1.785346791818087919e-01,7.510382137185189766e-03,-1.977070090863495555e-01,-3.574499105837995738e-02
9.400000000000000000e+01,2.164961561559946845e-01,1.785678737468416599e-01,7.966695607885838221e-03,-1.978540466153817790e-01,-3.528900696773239198e-02
9.500000000000000000e+01,2.164828456827705139e-01,1.786028510129630820e-01,8.394543869138749656e-03,-1.979992013505944282e-01,-3.483713645103678203e-02
9.600000000000000000e+01,2.164690419228967044e-01,1.786394625123865487e-01,8.786759861631732865e-03,-1.981424857376267168e-01,-3.438825288775088779e-02
9.700000000000000000e+01,2.164550177136299880e-01,1.786776103868930043e-01,9.155489881549213130e-03,-1.982839258786030512e-01,-3.394563383432032400e-02
9.800000000000000000e+01,2.164405760759393338e-01,1.787171648408429903e-01,9.493068947998032844e-03,-1.984235244034185663e-01,-3.350364595572568466e-02
9.900000000000000000e+01,2.164259084094081187e-01,1.787580269395928900e-01,9.806903699975539832e-03,-1.985613104996640232e-01,-3.306866309891099559e-02
1.000000000000000000e+02,2.164109512431339200e-01,1.788000897607317508e-01,1.009507707332785685e-02,-1.986972955297834909e-01,-3.263640722867126170e-02
1.010000000000000000e+02,2.163957366118334780e-01,1.788432511143048520e-01,1.035872485754564531e-02,-1.988314986407689333e-01,-3.220874663650674652e-02
1.020000000000000000e+02,2.163803258918355898e-01,1.788874249928418259e-01,1.060173084887582919e-02,-1.989639280430057777e-01,-3.178305653684182497e-02
1.030000000000000000e+02,2.163647438814798041e-01,1.789325280431245113e-01,1.082473206784609517e-02,-1.990946027037129307e-01,-3.136191856971977387e-02
1.040000000000000000e+02,2.163489287368994263e-01,1.789784614703645305e-01,1.102402253760387425e-02,-1.992235442133659384e-01,-3.094596231672221143e-02
1.050000000000000000e+02,2.163330302852566611e-01,1.790251605253849465e-01,1.120777320490216021e-02,-1.993507597673666587e-01,-3.053173296017285682e-02
1.060000000000000000e+02,2.163170115723161424e-01,1.790725505475019852e-01,1.137360530808690338e-02,-1.994762363333341393e-01,-3.011437583219621003e-02
1.070000000000000000e+02,2.163011182870634430e-01,1.791205805526147610e-01,1.152720122706915769e-02,-1.995999531210774780e-01,-2.969202905840020654e-02
1.080000000000000000e+02,2.162849158441940978e-01,1.791691975946123061e-01,1.166809007941329787e-02,-1.997220100721159297e-01,-2.929366824922885124e-02
1.090000000000000000e+02,2.162683393223060746e-01,1.792182901564110531e-01,1.178221483169607578e-02,-1.998424158751127278e-01,-2.889739271923388170e-02
1.100000000000000000e+02,2.162534069019282357e-01,1.792678158681636491e-01,1.188617082062239962e-02,-1.999613743863081772e-01,-2.855004268690524566e-02
1.110000000000000000e+02,2.162332110583029265e-01,1.793175900706324433e-01,1.194580859251375554e-02,-2.000785085425653698e-01,-2.811219750172648524e-02
1.120000000000000000e+02,2.162330424668512385e-01,1.793677242538031791e-01,1.203220396097817897e-02,-2.001967517339550418e-01,-2.837836593352173475e-02
1.130000000000000000e+02,2.161893203495414140e-01,1.794168620364197109e-01,1.179306782796785656e-02,-2.003096918909557655e-01,-2.710563768017180269e-02
1.140000000000000000e+02,2.162056151830258899e-01,1.794681350154765653e-01,1.230551497364304470e-02,-2.004251018389350547e-01,-2.769838751502806673e-02
1.150000000000000000e+02,2.161561643648679809e-01,1.795175316573851820e-01,1.185519405806572703e-02,-2.005347545336958193e-01,-2.631664674258066272e-02
1.160000000000000000e+02,2.161740522499111250e-01,1.795692579159285651e-01,1.241430205041008615e-02,-2.006468468921537018e-01,-2.690216602989268721e-02
1.170000000000000000e+02,2.161249670111576870e-01,1.796190359122454561e-01,1.194671911605598574e-02,-2.007534248083901740e-01,-2.557869989675210648e-02
1.180000000000000000e+02,2.161399505094082907e-01,1.796709508923650389e-01,1.245959522870005061e-02,-2.008623228076584777e-01,-2.613551982439134974e-02
1.190000000000000000e+02,2.161020647194275279e-01,1.797208432316433901e-01,1.197416142680611008e-02,-2.009689829588127419e-01,-2.559843627702561991e-02
1.200000000000000000e+02,2.160789097250472579e-01,1.797713380809829453e-01,1.211876384149482289e-02,-2.010717210752465400e-01,-2.465714794411200117e-02
1.210000000000000000e+02,2.160886345131027841e-01,1.798229517666393995e-01,1.238728455754752045e-02,-2.011757210899479675e-01,-2.496000352834190292e-02
1.220000000000000000e+02,2.160569090973844808e-01,1.798730550189410748e-01,1.202478055240001689e-02,-2.012777949393195209e-01,-2.449772384917169032e-02
1.230000000000000000e+02,2.160325855061991929e-01,1.799235002561485608e-01,1.210685692979899392e-02,-2.013761763625040446e-01,-2.361154156428313042e-02
1.240000000000000000e+02,2.160358561517126685e-01,1.799748633139725273e-01,1.232713387775275816e-02,-2.014760179790788253e-01,-2.396198797794854216e-02
1.250000000000000000e+02,2.160080597506386368e-01,1.800245718591797772e-01,1.193005084974037462e-02,-2.015737322695880240e-01,-2.345142972220970110e-02
1.260000000000000000e+02,2.159929679825100257e-01,1.800745871142188093e-01,1.200366120936927940e-02,-2.016709437288948803e-01,-2.333075023364610673e-02
1.270000000000000000e+02,2.159662256492538013e-01,1.801240547919762680e-01,1.187224266179258761e-02,-2.017635376006108316e-01,-2.222252921182985008e-02
1.280000000000000000e+02,2.159710935233201956e-01,1.801749112687100196e-01,1.220555441609815460e-02,-2.018575489267026291e-01,-2.256271826203038594e-02
1.290000000000000000e+02,2.159447273599128803e-01,1.802240378123056430e-01,1.179037046294699291e-02,-2.019492715604704336e-01,-2.201343210426985608e-02
1.300000000000000000e+02,2.159314360900340124e-01,1.802734808117635590e-01,1.186631986990137159e-02,-2.020403952180455931e-01,-2.186967781803749247e-02
1.310000000000000000e+02,2.159137553821838529e-01,1.803222787590246512e-01,1.171150734266425235e-02,-2.021301231887604466e-01,-2.153471297156474284e-02
1.320000000000000000e+02,2.158985956640498416e-01,1.803708784551321387e-01,1.166392706579817001e-02,-2.022188259498769458e-01,-2.128866266796257747e-02
1.330000000000000000e+02,2.158825844293424112e-01,1.804190677064698434e-01,1.156542032105241716e-02,-2.023063148103016462e-01,-2.099732650192864467e-02
1.340000000000000000e+02,2.158673230424574818e-01,1.804669477954396750e-01,1.149122135275726549e-02,-2.023926690167449916e-01,-2.072500954639989665e-02
1.350000000000000000e+02,2.158520470672801450e-01,1.805144786775978727e-01,1.140741171796809048e-02,-2.024778442491800834e-01,-2.044205578442382515e-02
1.360000000000000000e+02,2.158370116557872254e-01,1.805616720240218742e-01,1.132640314175864527e-02,-2.025618468395379568e-01,-2.016062168588948073e-02
1.370000000000000000e+02,2.158221265943866818e-01,1.806085264176830740e-01,1.124505447868918637e-02,-2.026446705439842177e-01,-1.987768906710433298e-02
1.380000000000000000e+02,2.158073419383486902e-01,1.806550346107928251e-01,1.116196634634066681e-02,-2.027263103494628127e-01,-1.959355331485950619e-02
1.390000000000000000e+02,2.157926631209974022e-01,1.807012020370412086e-01,1.108018229961370803e-02,-2.028067508975024691e-01,-1.930573152951909482e-02
1.400000000000000000e+02,2.157781002016396499e-01,1.807470335839001518e-01,1.099957124614878677e-02,-2.028859963722271231e-01,-1.901891393391809404e-02
1.410000000000000000e+02,2.157635327653634472e-01,1.807925217329375833e-01,1.091715576898296194e-02,-2.029640294553838598e-01,-1.872793995761838290e-02
1.420000000000000000e+02,2.157490044871269996e-01,1.808376716551078900e-01,1.083598132087597483e-02,-2.030408455831484160e-01,-1.843587066349495693e-02
1.430000000000000000e+02,2.157344375509168133e-01,1.808824760698700962e-01,1.075305954292843542e-02,-2.031164383541024521e-01,-1.814226502896858217e-02
1.440000000000000000e+02,2.157198622890773299e-01,1.809269463453418714e-01,1.067286611322487699e-02,-2.031907999189731251e-01,-1.784677556896191453e-02
1.450000000000000000e+02,2.157051839827887618e-01,1.809710748118397716e-01,1.059083195949803158e-02,-2.032639242231571719e-01,-1.754983300417051195e-02
1.460000000000000000e+02,2.156903527005922527e-01,1.810148545723894442e-01,1.050714253192247538e-02,-2.033357965527154143e-01,-1.724935909398013500e-02
1.470000000000000000e+02,2.156754392963533551e-01,1.810583033027898248e-01,1.042769529608831951e-02,-2.034064163721573115e-01,-1.694875666605459921e-02
1.480000000000000000e+02,2.156602926506592244e-01,1.811014070799058517e-01,1.034490650784476891e-02,-2.034757727878625522e-01,-1.664553976925892825e-02
1.490000000000000000e+02,2.156449108370775136e-01,1.811441653111824091e-01,1.026197550637336642e-02,-2.035438550611336217e-01,-1.633974558505629782e-02
1.500000000000000000e+02,2.156293025093914406e-01,1.811865894104920660e-01,1.018178383431618539e-02,-2.036106610635510517e-01,-1.603344058018224896e-02
1.510000000000000000e+02,2.156140562023513008e-01,1.812288149512122915e-01,1.013412977285304412e-02,-2.036763249908817297e-01,-1.575934255936545930e-02
1.520000000000000000e+02,2.155999374065302177e-01,1.812711788397438073e-01,1.016733324756356055e-02,-2.037411775392798663e-01,-1.556461161555199035e-02
1.530000000000000000e+02,2.155840664867612611e-01,1.813134116990610389e-01,1.013588623613816825e-02,-2.038049705484646090e-01,-1.531032220433681951e-02
1.540000000000000000e+02,2.155680632734747748e-01,1.813556766882464255e-01,1.014359740449075932e-02,-2.038678320781877051e-01,-1.508676713354113741e-02
1.550000000000000000e+02,2.155507843076648333e-01,1.813978701778637681e-01,1.012643750816425228e-02,-2.039296400019284528e-01,-1.483390169778073253e-02
1.560000000000000000e+02,2.155327700266997382e-01,1.814400539861119044e-01,1.012411397955283177e-02,-2.039904334057040247e-01,-1.459041690614047010e-02
1.570000000000000000e+02,2.155135121500241502e-01,1.814821823846606841e-01,1.011081565170513820e-02,-2.040501420957573919e-01,-1.433008561280541340e-02
1.580000000000000000e+02,2.154932391312886775e-01,1.815242798233683563e-01,1.010338528984010102e-02,-2.041087812129991075e-01,-1.407338813800978333e-02
1.590000000000000000e+02,2.154721774645754206e-01,1.815660578483183352e-01,1.002672598799627703e-02,-2.041662216858575185e-01,-1.378571348601574306e-02
1.600000000000000000e+02,2.154505134898278551e-01,1.816076206968206541e-01,9.975083640556933057e-03,-2.042225483095973793e-01,-1.351838969756332005e-02
1.610000000000000000e+02,2.154278267196298446e-01,1.816489011624005945e-01,9.907311739186306157e-03,-2.042776840578128528e-01,-1.323257957171688863e-02
1.620000000000000000e+02,2.154041820929483986e-01,1.816899521102671444e-01,9.852227487974199102e-03,-2.043316555197542961e-01,-1.295315086594731567e-02
1.630000000000000000e+02,2.153795351757625265e-01,1.817307495518893368e-01,9.791385989323490857e-03,-2.043844351696692541e-01,-1.266711597959272254e-02
1.640000000000000000e+02,2.153536454077165929e-01,1.817713136871343393e-01,9.735392458798402746e-03,-2.044360125979021725e-01,-1.237858277590335628e-02
1.650000000000000000e+02,2.153264802053685700e-01,1.818116448251920481e-01,9.679473133849101144e-03,-2.044863689162408904e-01,-1.208551640129290963e-02
1.660000000000000000e+02,2.152979891227198295e-01,1.818517432583317828e-01,9.623623953536558293e-03,-2.045354893533488094e-01,-1.178890490590308281e-02
1.670000000000000000e+02,2.152679667023089383e-01,1.818916271778097671e-01,9.572140674716084902e-03,-2.045833670667307480e-01,-1.149065121166700093e-02
1.680000000000000000e+02,2.152363627755722875e-01,1.819312831531910979e-01,9.517434091518733527e-03,-2.046299690773619173e-01,-1.118448255148172740e-02
1.690000000000000000e+02,2.152030297842045525e-01,1.819707349077538949e-01,9.468421095068169785e-03,-2.046752989227506869e-01,-1.087916289330227541e-02
1.700000000000000000e+02,2.153167820942384902e-01,1.820096225156098146e-01,9.333025885420866835e-03,-2.047307956931287420e-01,-1.331922489073208461e-02
1.710000000000000000e+02,2.152757821524676485e-01,1.820419802974149459e-01,7.765867633230715342e-03,-2.047737477011741802e-01,-1.030848193090676615e-02
1.720000000000000000e+02,2.152379740962150345e-01,1.820823447742756784e-01,9.687474446573470649e-03,-2.048224155635245125e-01,-1.168028696408036048e-02
1.730000000000000000e+02,2.152265893008030451e-01,1.821166262794429724e-01,8.227561240149956767e-03,-2.048651270081071618e-01,-1.025074669983656178e-02
1.740000000000000000e+02,2.151867235077981888e-01,1.821548584640058366e-01,9.175724295086288423e-03,-2.049100951578706753e-01,-1.079235594324081879e-02
1.750000000000000000e+02,2.152472917926037954e-01,1.821896198909287445e-01,8.342742461500627857e-03,-2.049577145557746616e-01,-1.142865549695449776e-02
1.760000000000000000e+02,2.151934635236282534e-01,1.822230314410361873e-01,8.018772025787721316e-03,-2.049989349072531553e-01,-9.892884354835179694e-03
1.770000000000000000e+02,2.151961756177963592e-01,1.822593326039084749e-01,8.712279089352016961e-03,-2.050448693319832927e-01,-1.102426193523312926e-02
1.780000000000000000e+02,2.151674346652066028e-01,1.822916622304864287e-01,7.759110378709107962e-03,-2.050843898266668519e-01,-9.484918724051147332e-03
1.790000000000000000e+02,2.152869474583285203e-01,1.823274669191271569e-01,8.593125273776354087e-03,-2.051384526131883046e-01,-1.297506876514900771e-02
1.800000000000000000e+02,2.152470236552509741e-01,1.823533810805858524e-01,6.219398750088581639e-03,-2.051774253978645712e-01,-9.353468322301179000e-03
1.810000000000000000e+02,2.152202255112045659e-01,1.823897119020862490e-01,8.719397160098191907e-03,-2.052243043548453438e-01,-1.125094967538252388e-02
1.820000000000000000e+02,2.152157662772349600e-01,1.824182751761731502e-01,6.855185780853936817e-03,-2.052640840961295621e-01,-9.547137908211753010e-03
1.830000000000000000e+02,2.151872051147301346e-01,1.824520047101177156e-01,8.095088146694268127e-03,-2.053073443219134708e-01,-1.038245418813718221e-02
1.840000000000000000e+02,2.151773874602878334e-01,1.824817592494608065e-01,7.141089442339146852e-03,-2.053465815663753080e-01,-9.416938670837812081e-03
1.850000000000000000e+02,2.151507589427443801e-01,1.825140091778581497e-01,7.739982815361150410e-03,-2.053870876572083670e-01,-9.721461799930979780e-03
1.860000000000000000e+02,2.151362413280549502e-01,1.825441870292492941e-01,7.242684333872572919e-03,-2.054250947896536783e-01,-9.121711786873583014e-03
1.870000000000000000e+02,2.152139869774856717e-01,1.825751886773298860e-01,7.440395539342525323e-03,-2.054714231233088773e-01,-1.111880007724982619e-02
1.880000000000000000e+02,2.151660352533314169e-01,1.826006959727123902e-01,6.121750891798152273e-03,-2.055071881848944404e-01,-8.583614780534428584e-03
1.890000000000000000e+02,2.151333443242839649e-01,1.826329928740027531e-01,7.751256309686120269e-03,-2.055478994127764580e-01,-9.770694691684763192e-03
1.900000000000000000e+02,2.151300882407567172e-01,1.826601392993036643e-01,6.515142072217722929e-03,-2.055836600388505908e-01,-8.582550257791251441e-03
1.910000000000000000e+02,2.151004152928065460e-01,1.826906378737337966e-01,7.319657863233614177e-03,-2.056214351025125453e-01,-9.066015278867476171e-03
1.920000000000000000e+02,2.152195109683370244e-01,1.827181349468318117e-01,6.599297543522944162e-03,-2.056664311869123574e-01,-1.079906025595760155e-02
1.930000000000000000e+02,2.151587031745942069e-01,1.827416877235460146e-01,5.652666411408008990e-03,-2.057015345022880914e-01,-8.424795690178895485e-03
1.940000000000000000e+02,2.151358631300945012e-01,1.827713754246479971e-01,7.125048264474753007e-03,-2.057411603837579206e-01,-9.510211552760917952e-03
1.950000000000000000e+02,2.151320863943912420e-01,1.827963731323751229e-01,5.999449854509163529e-03,-2.057763379451858221e-01,-8.442614742695564098e-03
1.960000000000000000e+02,2.151102378098472268e-01,1.828244036225435132e-01,6.727317640410474670e-03,-2.058133882453433705e-01,-8.892072037809483839e-03
1.970000000000000000e+02,2.151016833708425668e-01,1.828500104525400405e-01,6.145639199164195168e-03,-2.058478210137403286e-01,-8.263864415268461217e-03
1.980000000000000000e+02,2.150818341852508975e-01,1.828770571741151763e-01,6.491213178035756294e-03,-2.058827984688615109e-01,-8.394589229080569662e-03
1.990000000000000000e+02,2.151019745084656876e-01,1.829024901765110844e-01,6.103920575016368380e-03,-2.059184205541061963e-01,-8.549300458727416424e-03
2.000000000000000000e+02,2.150698172297094701e-01,1.829276043949177866e-01,6.027412417610994617e-03,-2.059512836378043221e-01,-7.887140087548776338e-03
2.010000000000000000e+02,2.151709349368988999e-01,1.829534584119258678e-01,6.204964081938349647e-03,-2.059939068929610706e-01,-1.022958123761647312e-02
2.020000000000000000e+02,2.151156805715390419e-01,1.829731276721730249e-01,4.720622459317771157e-03,-2.060250795708604143e-01,-7.481442695842700774e-03
2.030000000000000000e+02,2.150921341509552387e-01,1.830004157605943926e-01,6.549141221127104985e-03,-2.060620879982970055e-01,-8.882022584781558081e-03
2.040000000000000000e+02,2.150929256915552756e-01,1.830219991313114247e-01,5.180008972086889117e-03,-2.060939151354156673e-01,-7.638512908476135545e-03
2.050000000000000000e+02,2.150722728584230359e-01,1.830473542321092995e-01,6.085224191491555440e-03,-2.061283035614989156e-01,-8.253222259978081760e-03
2.060000000000000000e+02,2.150675179474257348e-01,1.830697934491609946e-01,5.385412092406399384e-03,-2.061597730984856269e-01,-7.552688876810912180e-03
2.070000000000000000e+02,2.150500829468235953e-01,1.830940406834390688e-01,5.819336226735800748e-03,-2.061921925403770450e-01,-7.780666053940387197e-03
2.080000000000000000e+02,2.150418049528145525e-01,1.831167601358109354e-01,5.452668569245250688e-03,-2.062228146725522127e-01,-7.349311722042893222e-03
2.090000000000000000e+02,2.150663662384336428e-01,1.831399882037164362e-01,5.574736297318048928e-03,-2.062566242096591784e-01,-8.114288905673323546e-03
2.100000000000000000e+02,2.150385146714894613e-01,1.831610067179738621e-01,5.044443421783653160e-03,-2.062858007073904987e-01,-7.002359455516481840e-03
2.110000000000000000e+02,2.150180594224581632e-01,1.831847272106734148e-01,5.692918247892990793e-03,-2.063166910546605781e-01,-7.413683344821812501e-03
2.120000000000000000e+02,2.151187023429369793e-01,1.832059509089391802e-01,5.093687583785473476e-03,-2.063536849193949585e-01,-8.878527536254494576e-03
2.130000000000000000e+02,2.150588863114795135e-01,1.832239499555485818e-01,4.319771186258778393e-03,-2.063821300103500789e-01,-6.826821829228621810e-03
2.140000000000000000e+02,2.150400836535694415e-01,1.832472700240762864e-01,5.596816446648014698e-03,-2.064145948424455923e-01,-7.791559702920450997e-03
2.150000000000000000e+02,2.150396957743475612e-01,1.832665453537838662e-01,4.626079129821047964e-03,-2.064433098557030555e-01,-6.891603181789362695e-03
2.160000000000000000e+02,2.150234893562965599e-01,1.832884438653642201e-01,5.255642779282834916e-03,-2.064737327310839643e-01,-7.301490091418855015e-03
2.170000000000000000e+02,2.150189327087191904e-01,1.833082597325679797e-01,4.755808128904807225e-03,-2.065020086797128007e-01,-6.786227670921854242e-03
2.180000000000000000e+02,2.150051449455897545e-01,1.833293211989884264e-01,5.054751940908233827e-03,-2.065308485161343188e-01,-6.921560741162480559e-03
2.190000000000000000e+02,2.149978261242659061e-01,1.833492851297112702e-01,4.791343373480437540e-03,-2.065583238742669803e-01,-6.594085951837533668e-03
2.200000000000000000e+02,2.150330052209921960e-01,1.833697165487637171e-01,4.903540572589728738e-03,-2.065897247100720313e-01,-7.536200593213925741e-03
2.210000000000000000e+02,2.149905865896522550e-01,1.833873673423293826e-01,4.236190455757289468e-03,-2.066147945159306498e-01,-6.016753406065685969e-03
2.220000000000000000e+02,2.150640188514010287e-01,1.834085924803907364e-01,5.094033134726345946e-03,-2.066502621415908514e-01,-8.512230158447299522e-03
2.230000000000000000e+02,2.150183537541142387e-01,1.834227749742431135e-01,3.403798524573456268e-03,-2.066744844061280673e-01,-5.813343488930765128e-03
2.240000000000000000e+02,2.149951373537339339e-01,1.834447707125019533e-01,5.278977182122050749e-03,-2.067048171990669980e-01,-7.279870305345359158e-03
2.250000000000000000e+02,2.150002355292519041e-01,1.834609860927841340e-01,3.891691267721357310e-03,-2.067300408810354151e-01,-6.053683672420775985e-03
2.260000000000000000e+02,2.149826435959940329e-01,1.834810719946084745e-01,4.820616437841622991e-03,-2.067580583532967198e-01,-6.724193342713086045e-03
2.270000000000000000e+02,2.149816285144858508e-01,1.834982234532697154e-01,4.116350078698262707e-03,-2.067832840537329742e-01,-6.054168104703852755e-03
2.280000000000000000e+02,2.149679176949303994e-01,1.835172436476996960e-01,4.564846663194216565e-03,-2.068096486639633969e-01,-6.327506455299854345e-03
2.290000000000000000e+02,2.149635635633722341e-01,1.835347368849381544e-01,4.198376937230607550e-03,-2.068343749223189865e-01,-5.934302005344189307e-03
2.300000000000000000e+02,2.149518587065734343e-01,1.835531108952497270e-01,4.409762474776569852e-03,-2.068594166463033068e-01,-6.010013756234913046e-03
2.310000000000000000e+02,2.149814028710442249e-01,1.835703505598919316e-01,4.137519514129712854e-03,-2.068860801241962644e-01,-6.399234694309523241e-03
2.320000000000000000e+02,2.149538150542874282e-01,1.835868012170731034e-01,3.948157723483276642e-03,-2.069096724134016352e-01,-5.662149409287707894e-03
2.330000000000000000e+02,2.149410132387788996e-01,1.836048449939918503e-01,4.330506460499212139e-03,-2.069342177004578898e-01,-5.890868893503811363e-03
2.340000000000000000e+02,2.149694047950592157e-01,1.836212306401503735e-01,3.932555078046877893e-03,-2.069597073267819831e-01,-6.117510317780343321e-03
2.350000000000000000e+02,2.149422519753034777e-01,1.836373574915147744e-01,3.870444327458730065e-03,-2.069827516809273904e-01,-5.530644994896720054e-03
2.360000000000000000e+02,2.149311120816291276e-01,1.836546025825837591e-01,4.138821856553793165e-03,-2.070063689939654339e-01,-5.668155129129866764e-03
2.370000000000000000e+02,2.149771788905307790e-01,1.836705315706183561e-01,3.822957128305882503e-03,-2.070327588955583054e-01,-6.333576382286440834e-03
2.380000000000000000e+02,2.149422416772014677e-01,1.836850732543741094e-01,3.490004101380189076e-03,-2.070547726425108204e-01,-5.283299268604966376e-03
2.390000000000000000e+02,2.149286495933360464e-01,1.837021552623739062e-01,4.099681919950279134e-03,-2.070785766840414488e-01,-5.712969967347721056e-03
2.400000000000000000e+02,2.149269787913564156e-01,1.837172410392655941e-01,3.620586454004677025e-03,-2.071004067792857894e-01,-5.239222858640696714e-03
2.410000000000000000e+02,2.149156206151867643e-01,1.837335665914220650e-01,3.918132517550166304e-03,-2.071229045561095161e-01,-5.399466437696789738e-03
2.420000000000000000e+02,2.149504755195551231e-01,1.837485141413273126e-01,3.587411977259496836e-03,-2.071471384887857703e-01,-5.816143842302522182e-03
2.430000000000000000e+02,2.149215103137684935e-01,1.837627261892514907e-01,3.410891501803335526e-03,-2.071682268885357836e-01,-5.061215940005941126e-03
2.440000000000000000e+02,2.149103795248766269e-01,1.837786107461372442e-01,3.812293652579709473e-03,-2.071904095156362480e-01,-5.323830504108827480e-03
2.450000000000000000e+02,2.149073889272009596e-01,1.837931197721871801e-01,3.482166251984716160e-03,-2.072111411180913576e-01,-4.975584589226172104e-03
2.460000000000000000e+02,2.149409145633730533e-01,1.838081134339253353e-01,3.598478817157382131e-03,-2.072354989066436670e-01,-5.845869252552787776e-03
2.470000000000000000e+02,2.149141374723511910e-01,1.838208498976627303e-01,3.056751296971818143e-03,-2.072552586837867195e-01,-4.742346514331714086e-03
2.480000000000000000e+02,2.149002032929830386e-01,1.838364855241206575e-01,3.752550349900055440e-03,-2.072771291648464187e-01,-5.248915454330423808e-03
2.490000000000000000e+02,2.149001558433617232e-01,1.838498931099082634e-01,3.217820589028372660e-03,-2.072968757334694434e-01,-4.739176469525169071e-03
2.500000000000000000e+02,2.148892319343512214e-01,1.838647195267419931e-01,3.558340040091998845e-03,-2.073174751631837454e-01,-4.943863131429853709e-03
2.510000000000000000e+02,2.149181655206002795e-01,1.838780569303035128e-01,3.200976854765215547e-03,-2.073391558176889971e-01,-5.203357081261086002e-03
2.520000000000000000e+02,2.148919592663956768e-01,1.838911088578193964e-01,3.132462603812443541e-03,-2.073584337143614953e-01,-4.626695201398480471e-03
2.530000000000000000e+02,2.148827477132102259e-01,1.839053285474452903e-01,3.412725510212788818e-03,-2.073784104575232823e-01,-4.794418358831507854e-03
2.540000000000000000e+02,2.148793462969020018e-01,1.839185594643770183e-01,3.175420063616558181e-03,-2.073972812179780134e-01,-4.528982509134749090e-03
2.550000000000000000e+02,2.149486180815469438e-01,1.839320064360326357e-01,3.227273197347553350e-03,-2.074224182298213259e-01,-6.032882842397083341e-03
2.560000000000000000e+02,2.149036680750779083e-01,1.839417563551043466e-01,2.339980577213054448e-03,-2.074400131657342938e-01,-4.222784619113262652e-03
2.570000000000000000e+02,2.148887071956556427e-01,1.839565274161306385e-01,3.545054646313359342e-03,-2.074615663882055649e-01,-5.172773393105528465e-03
2.580000000000000000e+02,2.148924929997969302e-01,1.839675622876966454e-01,2.648369175841790157e-03,-2.074798342851153499e-01,-4.384295258346065753e-03
2.590000000000000000e+02,2.148817503230229242e-01,1.839810862676681258e-01,3.245755193152792279e-03,-2.074999169618900741e-01,-4.819842425931555180e-03
2.600000000000000000e+02,2.148814389516518764e-01,1.839927050246978057e-01,2.788501687120616135e-03,-2.075182083231061902e-01,-4.389926691865490838e-03
2.610000000000000000e+02,2.148734621376942322e-01,1.840055260588248920e-01,3.077048190503520273e-03,-2.075372526573008025e-01,-4.570640206704587420e-03
2.620000000000000000e+02,2.148709615659093464e-01,1.840173535389156012e-01,2.838595221769115405e-03,-2.075552443010627579e-01,-4.317994502870588398e-03
2.630000000000000000e+02,2.148644277354618271e-01,1.840297424118613745e-01,2.973329506985941326e-03,-2.075734592149736379e-01,-4.371579338612926330e-03
2.640000000000000000e+02,2.148608282967971461e-01,1.840415928544143209e-01,2.844106212706664239e-03,-2.075909952791498425e-01,-4.208655402286851782e-03
2.650000000000000000e+02,2.148550382813364523e-01,1.840536806277541515e-01,2.901065601556484293e-03,-2.076084848981606390e-01,-4.197508562592447423e-03
2.660000000000000000e+02,2.148505681555983315e-01,1.840654692181801499e-01,2.829261702240278530e-03,-2.076254714688615666e-01,-4.076776968223365903e-03
2.670000000000000000e+02,2.148450960552289457e-01,1.840773406479728480e-01,2.849143150250482356e-03,-2.076422799942328201e-01,-4.034046089099740939e-03
2.680000000000000000e+02,2.148726538517622964e-01,1.840886936741409907e-01,2.724726280353183174e-03,-2.076610486602624706e-01,-4.504479847112863831e-03
2.690000000000000000e+02,2.148496982976140224e-01,1.840990790874671157e-01,2.492499198270480779e-03,-2.076769276666595998e-01,-3.810961535312973932e-03
2.700000000000000000e+02,2.148406240021160929e-01,1.841111246671437440e-01,2.890939122392922108e-03,-2.076939745111657798e-01,-4.091242681482968289e-03
2.710000000000000000e+02,2.148395065210595700e-01,1.841218491576179228e-01,2.573877713804153394e-03,-2.077097031003233840e-01,-3.774861397823440004e-03
2.720000000000000000e+02,2.148318584773858120e-01,1.841333890613065793e-01,2.769576885277652122e-03,-2.077258454215170358e-01,-3.874157086474492966e-03
2.730000000000000000e+02,2.148768759493810965e-01,1.841439077886593556e-01,2.524494564669106135e-03,-2.077448486024383312e-01,-4.560763421112405160e-03
2.740000000000000000e+02,2.148456968298385894e-01,1.841530539983694259e-01,2.195090330414351497e-03,-2.077598366746945535e-01,-3.597137341492104810e-03
2.750000000000000000e+02,2.148357110010616355e-01,1.841646574912280954e-01,2.784838286083768637e-03,-2.077766807242227010e-01,-4.042571886754076430e-03
2.760000000000000000e+02,2.148365330344585711e-01,1.841743748164926531e-01,2.332158063496665365e-03,-2.077917817596501016e-01,-3.624248502578679681e-03
2.770000000000000000e+02,2.148288528608555403e-01,1.841853055985940568e-01,2.623387704334164804e-03,-2.078076647324520465e-01,-3.811913472463822079e-03
2.780000000000000000e+02,2.148272530240526168e-01,1.841952648018034544e-01,2.390208770255690396e-03,-2.078225424078790906e-01,-3.570642102490065219e-03
2.790000000000000000e+02,2.148212938000539085e-01,1.842057932281340182e-01,2.526822319333352045e-03,-2.078376784262459531e-01,-3.632644408043796645e-03
2.800000000000000000e+02,2.148184472059028183e-01,1.842158021899924503e-01,2.402150846024911184e-03,-2.078521762505133597e-01,-3.479477824178527860e-03
2.810000000000000000e+02,2.148132159140104247e-01,1.842260655444923623e-01,2.463205079981203947e-03,-2.078666645917077727e-01,-3.477201886658863161e-03
2.820000000000000000e+02,2.148668337822834673e-01,1.842357030199178181e-01,2.312994102109486305e-03,-2.078851334954740782e-01,-4.432536903911375378e-03
2.830000000000000000e+02,2.148315105978434725e-01,1.842432572865412843e-01,1.813023989634240420e-03,-2.078985184463462699e-01,-3.212388209325141904e-03
2.840000000000000000e+02,2.148207229024640119e-01,1.842540834582719611e-01,2.598281215364349646e-03,-2.079144650673479255e-01,-3.827189040394629420e-03
2.850000000000000000e+02,2.148233261928078897e-01,1.842624622223739961e-01,2.010903384490093058e-03,-2.079282445927907175e-01,-3.307086106271672765e-03
2.860000000000000000e+02,2.148157042230383340e-01,1.842724499750122424e-01,2.397060633182150711e-03,-2.079431721560671964e-01,-3.582615186357832743e-03
2.870000000000000000e+02,2.148154229325388853e-01,1.842811898107709068e-01,2.097560582077790965e-03,-2.079569116418223118e-01,-3.297476581228984353e-03
2.880000000000000000e+02,2.148097500049406805e-01,1.842907034737773508e-01,2.283279121545014976e-03,-2.079711067043430728e-01,-3.406815004982450754e-03
2.890000000000000000e+02,2.148077806483540131e-01,1.842995716247087246e-01,2.128356223532759661e-03,-2.079845890722247514e-01,-3.235768291601961739e-03
2.900000000000000000e+02,2.148032962571427285e-01,1.843087894423561246e-01,2.212276235374551880e-03,-2.079981891920604509e-01,-3.264028760569658884e-03
2.910000000000000000e+02,2.148005749326196701e-01,1.843176540327680912e-01,2.127501698871069047e-03,-2.080113152446883273e-01,-3.150252630693296720e-03
2.920000000000000000e+02,2.147963826220186390e-01,1.843266720829430938e-01,2.164332042002804594e-03,-2.080243789761157536e-01,-3.135295542580996807e-03
2.930000000000000000e+02,2.147932891544153400e-01,1.843354824170615747e-01,2.114480188437994988e-03,-2.080370891978652048e-01,-3.050453219870987581e-03
2.940000000000000000e+02,2.147893957439709067e-01,1.843443385740325402e-01,2.125477673032108092e-03,-2.080496494985124289e-01,-3.014472155334189767e-03
2.950000000000000000e+02,2.148236794695676521e-01,1.843527296568743812e-01,2.013859882042428034e-03,-2.080647241320759955e-01,-3.617912055255898852e-03
2.960000000000000000e+02,2.147994586798858130e-01,1.843598867993914703e-01,1.717714204102068105e-03,-2.080765029053183168e-01,-2.826905578160085128e-03
2.970000000000000000e+02,2.147912007566205317e-01,1.843690913432302347e-01,2.209090521300601136e-03,-2.080898349445501339e-01,-3.199689415633311974e-03
2.980000000000000000e+02,2.147921871582067210e-01,1.843767327274302426e-01,1.833932208001582244e-03,-2.081017275726009530e-01,-2.854230732194159605e-03
2.990000000000000000e+02,2.147861405970311055e-01,1.843853771802856090e-01,2.074668685288557669e-03,-2.081142802839909267e-01,-3.012650733590627444e-03
3.000000000000000000e+02,2.147850762731293994e-01,1.843932245370504819e-01,1.883365623571206515e-03,-2.081260120272537817e-01,-2.815618383087948717e-03
3.010000000000000000e+02,2.147804523204940863e-01,1.844015416278025066e-01,1.996101780483247601e-03,-2.081379653366829674e-01,-2.868794263005458589e-03
3.020000000000000000e+02,2.147783861308441844e-01,1.844094286268401772e-01,1.892879769041767423e-03,-2.081493970643328306e-01,-2.743614635965506074e-03
3.030000000000000000e+02,2.147743440788389413e-01,1.844175370899976130e-01,1.946031157781830546e-03,-2.081608380023456939e-01,-2.745825123088057890e-03
3.040000000000000000e+02,2.148207928573251102e-01,1.844250683721453954e-01,1.807507715466435527e-03,-2.081756719307150671e-01,-3.560142808648239596e-03
3.050000000000000000e+02,2.147903103191242669e-01,1.844308976569610237e-01,1.399028355753775474e-03,-2.081862136012705700e-01,-2.530000933323770830e-03
3.060000000000000000e+02,2.147813203068121846e-01,1.844394910099515505e-01,2.062404717727406474e-03,-2.081989310723312003e-01,-3.052193054552136166e-03
3.070000000000000000e+02,2.147839380261752362e-01,1.844460209193609646e-01,1.567178258261232729e-03,-2.082098358119406634e-01,-2.617137506270388742e-03
3.080000000000000000e+02,2.147777346201878990e-01,1.844539148427324637e-01,1.894541609158501005e-03,-2.082217221585534739e-01,-2.852723187076047513e-03
3.090000000000000000e+02,2.147777948365595380e-01,1.844607638583371234e-01,1.643763745117488885e-03,-2.082326216114865347e-01,-2.615868703933130462e-03
3.100000000000000000e+02,2.147734825032470707e-01,1.844682591889764411e-01,1.798879353434413002e-03,-2.082439220783108835e-01,-2.712112037846296873e-03
3.110000000000000000e+02,2.147721988271912574e-01,1.844752149113950690e-01,1.669373380469979344e-03,-2.082546417122083660e-01,-2.572712135392511874e-03
3.120000000000000000e+02,2.147687089079102218e-01,1.844824664743327514e-01,1.740375105041043740e-03,-2.082654674999166733e-01,-2.598189049995813793e-03
3.130000000000000000e+02,2.147666866131789087e-01,1.844894356400303970e-01,1.672599767435170408e-03,-2.082759156312348758e-01,-2.507551516366551738e-03
3.140000000000000000e+02,2.147637334400601394e-01,1.844965205540006203e-01,1.700379352851949175e-03,-2.082863266359471777e-01,-2.498641130950461642e-03
3.150000000000000000e+02,2.147614310198838194e-01,1.845034413301976095e-01,1.660986287279803174e-03,-2.082964587157204728e-01,-2.431699145592358322e-03
3.160000000000000000e+02,2.147585898232882429e-01,1.845103934278634339e-01,1.668503439799623369e-03,-2.083064734038226340e-01,-2.403525144520125140e-03
3.170000000000000000e+02,2.147560409081490651e-01,1.845172545338265857e-01,1.646665431153759677e-03,-2.083162646935786400e-01,-2.349909541443408190e-03
3.180000000000000000e+02,2.147761921875378233e-01,1.845240626046145416e-01,1.633936989107309407e-03,-2.083277907916915583e-01,-2.766263547099080157e-03
3.190000000000000000e+02,2.147566437682076057e-01,1.845297519629019722e-01,1.365445988982819537e-03,-2.083365319392949111e-01,-2.097875424803129218e-03
3.200000000000000000e+02,2.147489490590101802e-01,1.845371885573232895e-01,1.784782661117333569e-03,-2.083465858729705578e-01,-2.412944082158393136e-03
3.210000000000000000e+02,2.147820914488682564e-01,1.845429730434193227e-01,1.388276663045544604e-03,-2.083577467955542717e-01,-2.678621420093791738e-03
3.220000000000000000e+02,2.147580780694484381e-01,1.845486637741888813e-01,1.365775384694027780e-03,-2.083668264915478352e-01,-2.179127038455920626e-03
3.230000000000000000e+02,2.147528713372534870e-01,1.845554746197652918e-01,1.634602938338921728e-03,-2.083767243506910727e-01,-2.375486194375477957e-03
3.240000000000000000e+02,2.147529532103444050e-01,1.845614027888624331e-01,1.422760583316034708e-03,-2.083857805778965289e-01,-2.173494529311494148e-03
3.250000000000000000e+02,2.147489328877459358e-01,1.845678847048618787e-01,1.555659839865714336e-03,-2.083951593669897961e-01,-2.250909382382712456e-03
3.260000000000000000e+02,2.147478224474912434e-01,1.845739107131290913e-01,1.446241984132278944e-03,-2.084040353388756650e-01,-2.130233252605447450e-03
3.270000000000000000e+02,2.147446722999135915e-01,1.845801885971235234e-01,1.506692158666817112e-03,-2.084129879511215921e-01,-2.148626939019544681e-03
3.280000000000000000e+02,2.147430457973354967e-01,1.845862160696602472e-01,1.446593408813814322e-03,-2.084216093320751528e-01,-2.069131428854694473e-03
3.290000000000000000e+02,2.147668800397559696e-01,1.845920528097892144e-01,1.400817630952134671e-03,-2.084321103269472231e-01,-2.520238769295093505e-03
3.300000000000000000e+02,2.147486652762428949e-01,1.845969978951769730e-01,1.186820493061261630e-03,-2.084401642162078683e-01,-1.932933422554762408e-03
3.310000000000000000e+02,2.147424628950029835e-01,1.846034656939198049e-01,1.552271698279222454e-03,-2.084493751161700104e-01,-2.210615990915208370e-03
3.320000000000000000e+02,2.147435141177129747e-01,1.846087749170887971e-01,1.274213560557809323e-03,-2.084575230383235722e-01,-1.955501316854915250e-03
3.330000000000000000e+02,2.147392254144029344e-01,1.846148309547347988e-01,1.453449035039577029e-03,-2.084661685130310416e-01,-2.074913929792688433e-03
3.340000000000000000e+02,2.147388056316185401e-01,1.846202946605206563e-01,1.311289388604930991e-03,-2.084742133368490125e-01,-1.930757716314009369e-03
3.350000000000000000e+02,2.147354439232040391e-01,1.846261141338603473e-01,1.396673601523415681e-03,-2.084824191208460853e-01,-1.969388159294776890e-03
3.360000000000000000e+02,2.147419484371562992e-01,1.846316072582490087e-01,1.318349853276852297e-03,-2.084908889713273095e-01,-2.032764115493067205e-03
3.370000000000000000e+02,2.147730766014978865e-01,1.846368374014792368e-01,1.255234375251686966e-03,-2.085017624831839722e-01,-2.609642845600728452e-03
3.380000000000000000e+02,2.147401515016597318e-01,1.846406858017233255e-01,9.236160585825009799e-04,-2.085084280637986565e-01,-1.599739347523953820e-03
3.390000000000000000e+02,2.147308623162562380e-01,1.846472164983837538e-01,1.567367198502718668e-03,-2.085172250558453011e-01,-2.111278091195685838e-03
3.400000000000000000e+02,2.147344942258441192e-01,1.846517652433221079e-01,1.091698785205036295e-03,-2.085242913233206763e-01,-1.695904194087831341e-03
3.410000000000000000e+02,2.147283429146101541e-01,1.846576559158099040e-01,1.413761397071637430e-03,-2.085323296871012255e-01,-1.929207307333478602e-03
3.420000000000000000e+02,2.147293663825224075e-01,1.846625414371786400e-01,1.172525128498256956e-03,-2.085394366352416040e-01,-1.705667553692884197e-03
3.430000000000000000e+02,2.147621388926989061e-01,1.846677524080484190e-01,1.250633008748304291e-03,-2.085497091211175880e-01,-2.465396610239274384e-03
3.440000000000000000e+02,2.147408858878631643e-01,1.846712469717191885e-01,8.386952809871141973e-04,-2.085564143261337544e-01,-1.609249203880702347e-03
3.450000000000000000e+02,2.147335426237010625e-01,1.846771303455754798e-01,1.412009725512980950e-03,-2.085650285024756578e-01,-2.067402322059072855e-03
3.460000000000000000e+02,2.147366144321970205e-01,1.846812447868948215e-01,9.874659166409708970e-04,-2.085721180573331945e-01,-1.701493165811910745e-03
3.470000000000000000e+02,2.147318502918903749e-01,1.846865468732427906e-01,1.272500723512700466e-03,-2.085800888504528716e-01,-1.912990348725792430e-03
3.480000000000000000e+02,2.147326002145209245e-01,1.846909614311700865e-01,1.059493902551064811e-03,-2.085872456211260717e-01,-1.717624961569849413e-03
3.490000000000000000e+02,2.147295617711609539e-01,1.846959432144251734e-01,1.195627981218512145e-03,-2.085947845274098711e-01,-1.809337508108947333e-03
3.500000000000000000e+02,2.147291941595229070e-01,1.847004692580334062e-01,1.086250465974255468e-03,-2.086018615904885465e-01,-1.698495138880008141e-03
3.510000000000000000e+02,2.147268403895362388e-01,1.847052651952426905e-01,1.151024930225848014e-03,-2.086090678486930139e-01,-1.729501969073528930e-03
3.520000000000000000e+02,2.147259209576270200e-01,1.847098209465408702e-01,1.093380311566255567e-03,-2.086159888171052468e-01,-1.661032418934347936e-03
3.530000000000000000e+02,2.147240188658195159e-01,1.847144886591836899e-01,1.120251034276823409e-03,-2.086229109716406516e-01,-1.661317088498876458e-03
3.540000000000000000e+02,2.147227974080835600e-01,1.847190245724530389e-01,1.088619184645295886e-03,-2.086296342599032461e-01,-1.613589183022726657e-03
3.550000000000000000e+02,2.147210824723739531e-01,1.847235970179298414e-01,1.097386914430391758e-03,-2.086362941203932786e-01,-1.598366517606370461e-03
3.560000000000000000e+02,2.147196822666234961e-01,1.847280950447832415e-01,1.079526444818033892e-03,-2.086427990430229640e-01,-1.561181431125124343e-03
3.570000000000000000e+02,2.147180329829732892e-01,1.847325977459612911e-01,1.080648282730965618e-03,-2.086492114421634736e-01,-1.538975793724475186e-03
3.580000000000000000e+02,2.147164846148502948e-01,1.847370510504365015e-01,1.068793074052977899e-03,-2.086554817706111620e-01,-1.504878827446114523e-03
3.590000000000000000e+02,2.147149791108062533e-01,1.847414838172611873e-01,1.063864037922933976e-03,-2.086616439249095734e-01,-1.478917031615922719e-03
3.600000000000000000e+02,2.147464441675309421e-01,1.847455514525808973e-01,9.762324767335400690e-04,-2.086701049032258226e-01,-2.030634795896859614e-03
3.610000000000000000e+02,2.147260557254110636e-01,1.847485878996884823e-01,7.287473058192533515e-04,-2.086757820697521248e-01,-1.362519966310858557e-03
3.620000000000000000e+02,2.147203239776440398e-01,1.847534206923114319e-01,1.159870229506852453e-03,-2.086828842546675222e-01,-1.704524379698008942e-03
3.630000000000000000e+02,2.147226030843078504e-01,1.847569176355360054e-01,8.392663738997837176e-04,-2.086888259304194304e-01,-1.426002180455785730e-03
3.640000000000000000e+02,2.147189414353379566e-01,1.847613119928701586e-01,1.054645760193888629e-03,-2.086954287887659576e-01,-1.584686003168390978e-03
3.650000000000000000e+02,2.147194971430919641e-01,1.847650288266513008e-01,8.920401074754568966e-04,-2.087014039322969972e-01,-1.434034447452266041e-03
3.660000000000000000e+02,2.147170864521443234e-01,1.847691738213408930e-01,9.947987255020562976e-04,-2.087076557972799007e-01,-1.500447595895532593e-03
3.670000000000000000e+02,2.147167674147696381e-01,1.847729765030471649e-01,9.126436095053880922e-04,-2.087135536587974294e-01,-1.415486764208517085e-03
3.680000000000000000e+02,2.147150547064698989e-01,1.847769662269216351e-01,9.575337298753081906e-04,-2.087195343972336470e-01,-1.435377224689527451e-03
3.690000000000000000e+02,2.147141604217630007e-01,1.847807843626938507e-01,9.163525853294971629e-04,-2.087252894010482307e-01,-1.381200915502176635e-03
3.700000000000000000e+02,2.147127572393432715e-01,1.847846807415960413e-01,9.351309365246376253e-04,-2.087310383791492474e-01,-1.379754744244184039e-03
3.710000000000000000e+02,2.147117665195055480e-01,1.847884746164838443e-01,9.105299730743237913e-04,-2.087366247177094847e-01,-1.340721254457045075e-03
3.720000000000000000e+02,2.147104273086450077e-01,1.847922955893684938e-01,9.170334923158380940e-04,-2.087421554033058457e-01,-1.327364543128334989e-03
3.730000000000000000e+02,2.147093252932920082e-01,1.847960575019367002e-01,9.028590163688163467e-04,-2.087475586227325874e-01,-1.296772662416967054e-03
3.740000000000000000e+02,2.147079870128832113e-01,1.847998200101248489e-01,9.030019651556133722e-04,-2.087528772201395766e-01,-1.276463377679065789e-03
3.750000000000000000e+02,2.147068027865382811e-01,1.848035413619476264e-01,8.931244374650877237e-04,-2.087580792628120074e-01,-1.248490241384091204e-03
3.760000000000000000e+02,2.147056101279594120e-01,1.848072495863194165e-01,8.899738492269624723e-04,-2.087631934411809387e-01,-1.227402808543738739e-03
3.770000000000000000e+02,2.147359296873697643e-01,1.848105897528641850e-01,8.016399707445048947e-04,-2.087704948122293402e-01,-1.752329051616546927e-03
3.780000000000000000e+02,2.147151714027350500e-01,1.848129899218963201e-01,5.760405677134492700e-04,-2.087750648453753910e-01,-1.096807955051642362e-03
3.790000000000000000e+02,2.147097084724365612e-01,1.848171426993244215e-01,9.966665827439483670e-04,-2.087810377208717261e-01,-1.433490119122925004e-03
3.800000000000000000e+02,2.147120868097566748e-01,1.848200097463554015e-01,6.880912874322594672e-04,-2.087858946123056225e-01,-1.165653944133962202e-03
3.810000000000000000e+02,2.147088153315124537e-01,1.848237357840357975e-01,8.942490432972992950e-04,-2.087913976205817423e-01,-1.320721986266391000e-03
3.820000000000000000e+02,2.147096460367999837e-01,1.848268153170215256e-01,7.390879165765508029e-04,-2.087963141247066168e-01,-1.179960989971693894e-03
3.830000000000000000e+02,2.147074205624544541e-01,1.848303091803082943e-01,8.385271888249345735e-04,-2.088014980452793934e-01,-1.244140937466406936e-03
3.840000000000000000e+02,2.147073589847804942e-01,1.848334780951033374e-01,7.605395508094314489e-04,-2.088063548380765799e-01,-1.165630271324326469e-03
3.850000000000000000e+02,2.147058081725176648e-01,1.848368377580525135e-01,8.063191078043660228e-04,-2.088113008675847038e-01,-1.187047081948654345e-03
3.860000000000000000e+02,2.147052738281954032e-01,1.848400291471230805e-01,7.659333769333135549e-04,-2.088160429255146999e-01,-1.138093903196038320e-03
3.870000000000000000e+02,2.147040586862608014e-01,1.848433017642574505e-01,7.854281122482084654e-04,-2.088207865053776369e-01,-1.138459167105378665e-03
3.880000000000000000e+02,2.147032868189721611e-01,1.848464805242617248e-01,7.629024010240567167e-04,-2.088253831815829464e-01,-1.103202289276946323e-03
3.890000000000000000e+02,2.147021529776886040e-01,1.848496941638428648e-01,7.712734994758955933e-04,-2.088299383977125501e-01,-1.093251871106735735e-03
3.900000000000000000e+02,2.147013454411227096e-01,1.848528438037479460e-01,7.559135772192664008e-04,-2.088343741328243242e-01,-1.064576426826308042e-03
3.910000000000000000e+02,2.147003144269200026e-01,1.848560015077871654e-01,7.578489694107956543e-04,-2.088387477075066834e-01,-1.049657923768437025e-03
3.920000000000000000e+02,2.146994359488011150e-01,1.848591188015034081e-01,7.481504919009214147e-04,-2.088430197944581845e-01,-1.025300868357559292e-03
3.930000000000000000e+02,2.147274934060147134e-01,1.848619134519122742e-01,6.707160981278760710e-04,-2.088493270868901353e-01,-1.513750183668521919e-03
3.940000000000000000e+02,2.147084731672492253e-01,1.848638432022080280e-01,4.631400709820612804e-04,-2.088531216991939832e-01,-9.107069529221150815e-04
3.950000000000000000e+02,2.147035117545784688e-01,1.848673935707575988e-01,8.520884518963225311e-04,-2.088582176931761680e-01,-1.223038555723493558e-03
3.960000000000000000e+02,2.147059092801778812e-01,1.848697541386806475e-01,5.665363015301389362e-04,-2.088622894106398342e-01,-9.772121912789452462e-04
3.970000000000000000e+02,2.147029789858126425e-01,1.848729168785951393e-01,7.590575794780406865e-04,-2.088669671992009202e-01,-1.122669254658163664e-03
3.980000000000000000e+02,2.147039242221114863e-01,1.848754833713682488e-01,6.159582655455235044e-04,-2.088711112802162928e-01,-9.945794436922285667e-04
3.990000000000000000e+02,2.147019971878376399e-01,1.848784378436562625e-01,7.090733491200109555e-04,-2.088755107552029977e-01,-1.055873996812279995e-03
4.000000000000000000e+02,2.147021780314939399e-01,1.848810853881348859e-01,6.354106748714396461e-04,-2.088796133079372508e-01,-9.846126562174468619e-04
4.010000000000000000e+02,2.147009286499691472e-01,1.848839160288120453e-01,6.793537625186677267e-04,-2.088838129548402089e-01,-1.007915256708058092e-03
4.020000000000000000e+02,2.147006317868784819e-01,1.848865834271002928e-01,6.401755891823939426e-04,-2.088878247890899320e-01,-9.628402199342887347e-04
4.030000000000000000e+02,2.146996956913843069e-01,1.848893306037681650e-01,6.593224002913262907e-04,-2.088918506472497161e-01,-9.662059583474129658e-04
4.040000000000000000e+02,2.146991367594064670e-01,1.848919945425754052e-01,6.393453137362198769e-04,-2.088957496311143469e-01,-9.357561275089742352e-04
4.050000000000000000e+02,2.146983105302934236e-01,1.848946850078178605e-01,6.457116581907383331e-04,-2.088996148189290747e-01,-9.276450755363604235e-04
4.060000000000000000e+02,2.146976066605978117e-01,1.848973337861517796e-01,6.357068001374212600e-04,-2.089033837885108102e-01,-9.045526996143543868e-04
4.070000000000000000e+02,2.146968287517729834e-01,1.848999808776902176e-01,6.353019692261640703e-04,-2.089070922853445977e-01,-8.900392401105820459e-04
4.080000000000000000e+02,2.146962863634514496e-01,1.849025966533837939e-01,6.277861664582818062e-04,-2.089107282303615254e-01,-8.726268040628157221e-04
4.090000000000000000e+02,2.146954930990331301e-01,1.849052021918481392e-01,6.253292314404646553e-04,-2.089142923793236295e-01,-8.553957509029918096e-04
4.100000000000000000e+02,2.146947623944995831e-01,1.849077866333266040e-01,6.202659548343032563e-04,-2.089177779836810245e-01,-8.365450457742442661e-04
4.110000000000000000e+02,2.147257797677461499e-01,1.849100325523805877e-01,5.390205729570736850e-04,-2.089235199381951347e-01,-1.378069083389177503e-03
4.120000000000000000e+02,2.147055234230789977e-01,1.849113148200416945e-01,3.077442386639569647e-04,-2.089265429607076174e-01,-7.255254029962742400e-04
4.130000000000000000e+02,2.147006579045085406e-01,1.849143716598335985e-01,7.336415500557938191e-04,-2.089310179056046990e-01,-1.073986775297216915e-03
4.140000000000000000e+02,2.147035119236924139e-01,1.849161326934987137e-01,4.226480796251015659e-04,-2.089343934870014630e-01,-8.101395352225148304e-04
4.150000000000000000e+02,2.147007108493065308e-01,1.849187794266951845e-01,6.352159671534329246e-04,-2.089384591461674601e-01,-9.757581998379160357e-04
4.160000000000000000e+02,2.147019505291936914e-01,1.849207738577096638e-01,4.786634434729406559e-04,-2.089419528480588872e-01,-8.384884539426681492e-04
4.170000000000000000e+02,2.147003696162010922e-01,1.849232012240046574e-01,5.825679107985096182e-04,-2.089457668094846510e-01,-9.153507421824058068e-04
4.180000000000000000e+02,2.147008068291176575e-01,1.849252965087212763e-01,5.028683319864429586e-04,-2.089492733260425728e-01,-8.415639739007468650e-04
4.190000000000000000e+02,2.146998136558476711e-01,1.849275939879769237e-01,5.513950213579702853e-04,-2.089529084631512323e-01,-8.724329060764191056e-04
4.200000000000000000e+02,2.146997409664835321e-01,1.849297275145709851e-01,5.120463825734923591e-04,-2.089563672142834283e-01,-8.301002717287903586e-04
4.210000000000000000e+02,2.146991173453771384e-01,1.849319461267782128e-01,5.324669297352261927e-04,-2.089598629424430642e-01,-8.389747583121697112e-04
4.220000000000000000e+02,2.146988455513576532e-01,1.849340802980658782e-01,5.122011090382942331e-04,-2.089632475191909589e-01,-8.122984194939966490e-04
4.230000000000000000e+02,2.146983332177354875e-01,1.849362518258452492e-01,5.211666670466902265e-04,-2.089666277859619226e-01,-8.112640250292180817e-04
4.240000000000000000e+02,2.146980246266911585e-01,1.849383675280057704e-01,5.077685185244611285e-04,-2.089699228457087832e-01,-7.908143392479520311e-04
4.250000000000000000e+02,2.146975255033262420e-01,1.849404986280337171e-01,5.114640067067039797e-04,-2.089731907989666182e-01,-7.843087818829421257e-04
4.260000000000000000e+02,2.146972317477167380e-01,1.849425899220112357e-01,5.019105546047500886e-04,-2.089763907239535201e-01,-7.679819968533975081e-04
4.270000000000000000e+02,2.146966953512054188e-01,1.849446871826680439e-01,5.033425576359798655e-04,-2.089795495723913710e-01,-7.581236250834258623e-04
4.280000000000000000e+02,2.146963023592522168e-01,1.849467600185313032e-01,4.974806071823413122e-04,-2.089826472077790098e-01,-7.434324930364351715e-04
4.290000000000000000e+02,2.146958457033227297e-01,1.849488287984283330e-01,4.965071752895919592e-04,-2.089856992623334020e-01,-7.324930930548836450e-04
4.300000000000000000e+02,2.146955269376982500e-01,1.849508700878863543e-01,4.899094699250785201e-04,-2.089886923182302514e-01,-7.183334152420810985e-04
4.310000000000000000e+02,2.146949836660926314e-01,1.849529105391550798e-01,4.897083044953949842e-04,-2.089916349458727785e-01,-7.062306342092575587e-04
4.320000000000000000e+02,2.146945733762593567e-01,1.849549323725832584e-01,4.852400227625767721e-04,-2.089945193068414864e-01,-6.922466324898795750e-04
4.330000000000000000e+02,2.146942272457769973e-01,1.849569434365134490e-01,4.826553432445270051e-04,-2.089973587703071733e-01,-6.814712317673748314e-04
4.340000000000000000e+02,2.146937759689186986e-01,1.849589329155534867e-01,4.774749696062268269e-04,-2.090001324514186853e-01,-6.656834667656868956e-04
4.350000000000000000e+02,2.146932617240135677e-01,1.849609209034157875e-01,4.771170869493924485e-04,-2.090028559629087679e-01,-6.536427576196527376e-04
4.360000000000000000e+02,2.146928818722363408e-01,1.849628896844442150e-01,4.725074468225456460e-04,-2.090055215103668595e-01,-6.397313899408592699e-04
4.370000000000000000e+02,2.146924521222206839e-01,1.849648471774358871e-01,4.697983180024122214e-04,-2.090081328717213749e-01,-6.267267250851520522e-04
4.380000000000000000e+02,2.146919796417693649e-01,1.849667945518256307e-01,4.673698535395205060e-04,-2.090106873262626286e-01,-6.130690898984836714e-04
4.390000000000000000e+02,2.146914658176496127e-01,1.849687328645419626e-01,4.651950519169145140e-04,-2.090131821872696083e-01,-5.987666416739104375e-04
4.400000000000000000e+02,2.147197825302040453e-01,1.849703769745726090e-01,3.945864073583409538e-04,-2.090177437422017226e-01,-1.094773183705692859e-03
4.410000000000000000e+02,2.147006906915895075e-01,1.849711229057809658e-01,1.790234900025839695e-04,-2.090197374418706344e-01,-4.784879205411585873e-04
4.420000000000000000e+02,2.146960796313004405e-01,1.849735539673531826e-01,5.834547773303632324e-04,-2.090231145535162705e-01,-8.105067949509396109e-04
4.430000000000000000e+02,2.146991122502415472e-01,1.849747518650816103e-01,2.874954548248412258e-04,-2.090254569889861691e-01,-5.621845127753890680e-04
4.440000000000000000e+02,2.146964672022598219e-01,1.849768023788007087e-01,4.921232925834241947e-04,-2.090284612038803558e-01,-7.210115746029630013e-04
4.450000000000000000e+02,2.146979541561437610e-01,1.849782364147486979e-01,3.441686275167528636e-04,-2.090309376814283304e-01,-5.943546115144404934e-04
4.460000000000000000e+02,2.146966072696460670e-01,1.849800819431975107e-01,4.429268277148905590e-04,-2.090337227348760540e-01,-6.684128274560476469e-04
4.470000000000000000e+02,2.146972425039400945e-01,1.849816118730555625e-01,3.671831659298250942e-04,-2.090362216151522290e-01,-5.997312662850915735e-04
4.480000000000000000e+02,2.146963001715480601e-01,1.849833528849877395e-01,4.178428637230298674e-04,-2.090388526380106970e-01,-6.314454860294539977e-04
4.490000000000000000e+02,2.146965676133349710e-01,1.849849319575832263e-01,3.789774229141878417e-04,-2.090413266903315415e-01,-5.937725570021671609e-04
4.500000000000000000e+02,2.146960712149826866e-01,1.849865979342537603e-01,3.998344009307172359e-04,-2.090438399417414717e-01,-6.031803383799852003e-04
4.510000000000000000e+02,2.146961216957881668e-01,1.849881810862133713e-01,3.799564703066424590e-04,-2.090462600393400150e-01,-5.808234236471137603e-04
4.520000000000000000e+02,2.146957267775551903e-01,1.849898030564194329e-01,3.892728494555465621e-04,-2.090486767368018306e-01,-5.800073908354054942e-04
4.530000000000000000e+02,2.146955148122075552e-01,1.849913884186719648e-01,3.804869406107396629e-04,-2.090510258173832181e-01,-5.637793395325441537e-04
4.540000000000000000e+02,2.146952910914486645e-01,1.849929766382650553e-01,3.811727023408576615e-04,-2.090533475698124199e-01,-5.572205830053829920e-04
4.550000000000000000e+02,2.146951574691310649e-01,1.849945435879108424e-01,3.760679149916677224e-04,-2.090556238497400798e-01,-5.463071826383405398e-04
4.560000000000000000e+02,2.146949211259243651e-01,1.849961033488370654e-01,3.743426222911088353e-04,-2.090578603989320661e-01,-5.367718060748276690e-04
4.570000000000000000e+02,2.146947560146044709e-01,1.849976506941100607e-01,3.713628655205461569e-04,-2.090600574248479004e-01,-5.272862197997332844e-04
4.580000000000000000e+02,2.146945023026816113e-01,1.849991868946981310e-01,3.686881411350318750e-04,-2.090622083623497607e-01,-5.162250004480826906e-04
4.590000000000000000e+02,2.146942304008218894e-01,1.850007190609720409e-01,3.677199057355442580e-04,-2.090643189000395141e-01,-5.065290455407232394e-04
4.600000000000000000e+02,2.146940396412771734e-01,1.850022356894659714e-01,3.639908385449380388e-04,-2.090663833854137232e-01,-4.954764898098080669e-04
4.610000000000000000e+02,2.146937832885436881e-01,1.850037502937904588e-01,3.635050378771619885e-04,-2.090684102976834435e-01,-4.864589447343863667e-04
4.620000000000000000e+02,2.146934462088271323e-01,1.850052571540068413e-01,3.616464519349430005e-04,-2.090703864485283503e-01,-4.742762027781850689e-04
4.630000000000000000e+02,2.146932163749474543e-01,1.850067570706723508e-01,3.599799997215519785e-04,-2.090723214729170720e-01,-4.644058532902017714e-04
4.640000000000000000e+02,2.146930689620436816e-01,1.850082388271890033e-01,3.556215639966711726e-04,-2.090742100087608912e-01,-4.532486025159789575e-04
4.650000000000000000e+02,2.146927312978238744e-01,1.850097221751837440e-01,3.560035187378866026e-04,-2.090760567764942401e-01,-4.432242560045736974e-04
4.660000000000000000e+02,2.147393213777033794e-01,1.850109943993502593e-01,3.053337999664979094e-04,-2.090815947917306905e-01,-1.329123656747731915e-03
4.670000000000000000e+02,2.147048435682910594e-01,1.850103285504329231e-01,-1.598037401634879828e-04,-2.090821798768117135e-01,-1.404204194422943065e-04
4.680000000000000000e+02,2.146962286704081069e-01,1.850130098874191165e-01,6.435208766849837957e-04,-2.090855373641042070e-01,-8.057969501987377343e-04
4.690000000000000000e+02,2.147024340540975573e-01,1.850132876240321578e-01,6.665678713039027963e-05,-2.090869115187493077e-01,-3.297971148226179938e-04
4.700000000000000000e+02,2.146980145153698782e-01,1.850152375148474138e-01,4.679737956603905466e-04,-2.090896397243097449e-01,-6.547693345046442853e-04
4.710000000000000000e+02,2.147010985523486182e-01,1.850159962517015366e-01,1.820968449925815746e-04,-2.090913732179177642e-01,-4.160384659228270974e-04
4.720000000000000000e+02,2.146989338017331883e-01,1.850175738083413290e-01,3.786135935468852272e-04,-2.090937610741881725e-01,-5.730855049010078091e-04
4.730000000000000000e+02,2.147005068894812518e-01,1.850185581500695675e-01,2.362420147805534146e-04,-2.090956484124407155e-01,-4.529611806128608104e-04
4.740000000000000000e+02,2.146993727372002725e-01,1.850199450947398461e-01,3.328667208685326395e-04,-2.090978432735743631e-01,-5.267666720758384675e-04
4.750000000000000000e+02,2.147000912964552588e-01,1.850210382653443564e-01,2.623609450824622696e-04,-2.090997766182438045e-01,-4.640027206643780339e-04
4.760000000000000000e+02,2.146995659758637598e-01,1.850223263416308772e-01,3.091383087649518459e-04,-2.091018523789532346e-01,-4.981825702614667457e-04
4.770000000000000000e+02,2.146999199398079705e-01,1.850234617812354931e-01,2.725055051107263919e-04,-2.091037823487345015e-01,-4.631927475067334522e-04
4.780000000000000000e+02,2.146997193330864862e-01,1.850246865138228114e-01,2.939358209531965876e-04,-2.091057717531470961e-01,-4.774570590258368774e-04
4.790000000000000000e+02,2.146998433207216728e-01,1.850258365449491682e-01,2.760074703262087943e-04,-2.091076765899919365e-01,-4.571608427595916799e-04
4.800000000000000000e+02,2.146998053932216988e-01,1.850270207469061345e-01,2.842084696750968157e-04,-2.091095967020714097e-01,-4.608268990731453690e-04
