# Time, SliderHeight, Motor1Pos, Motor1Vel, Motor2Pos, Motor2Vel
0.000000000000000000e+00,2.600000000000000089e-01,0.000000000000000000e+00,0.000000000000000000e+00,0.000000000000000000e+00,0.000000000000000000e+00
1.000000000000000000e+00,1.298992240432156609e-01,5.562901496887207031e-03,1.335096359252929688e+00,-7.963899351096774895e-03,-1.911335844263226003e+00
2.000000000000000000e+00,1.463626789444120724e-01,1.423553228378295933e-02,2.081431388854980469e+00,-2.023422591186677805e-02,-2.944878374584800618e+00
3.000000000000000000e+00,2.969820153296607868e-01,2.172448873519897475e-02,1.797349548339843839e+00,-3.196234203114187156e-02,-2.814747868626023219e+00
4.000000000000000000e+00,2.618318130752372852e-01,2.906441068649292386e-02,1.761581268310547399e+00,-4.405906028646892902e-02,-2.903212381278494458e+00
5.000000000000000000e+00,2.713264424571999456e-01,3.576285281181335735e-02,1.607626110076904036e+00,-5.595486522186623318e-02,-2.854993184495352665e+00
6.000000000000000000e+00,2.594164187661088250e-01,4.220171545505524424e-02,1.545327034378052078e+00,-6.781753602849260876e-02,-2.847040993590328917e+00
7.000000000000000000e+00,2.530899798430995551e-01,4.859210647249222192e-02,1.533693844184875532e+00,-7.962256826296559842e-02,-2.833207736273516186e+00
8.000000000000000000e+00,2.507072091581707407e-01,5.496300694737434739e-02,1.529016113971710444e+00,-9.130310769011798500e-02,-2.803329462516572335e+00
9.000000000000000000e+00,2.483540839667466582e-01,6.133068893009662598e-02,1.528243675853347527e+00,-1.028112711638849708e-01,-2.761959233704077032e+00
1.000000000000000000e+01,2.458116145566589528e-01,6.770988071251725360e-02,1.531006027780952072e+00,-1.141117923305839110e-01,-2.712125080007745215e+00
1.100000000000000000e+01,2.433977171193898170e-01,7.410018829365505599e-02,1.533673819473072353e+00,-1.251624560810853382e-01,-2.652159300120342511e+00
1.200000000000000000e+01,2.392371601419465976e-01,8.056442607515991450e-02,1.551417067561165375e+00,-1.359722517929190522e-01,-2.594350970840093584e+00
1.300000000000000000e+01,2.355582909269097192e-01,8.713112475640125143e-02,1.576007683497919976e+00,-1.463987763441704781e-01,-2.502365892300339567e+00
1.400000000000000000e+01,2.319057952669250355e-01,9.380138697177065055e-02,1.600862931688655122e+00,-1.562796177189493541e-01,-2.371401929946928444e+00
1.500000000000000000e+01,2.280536321050004034e-01,1.005572746570398690e-01,1.621413044464613984e+00,-1.654460227370955494e-01,-2.199937204355089548e+00
1.600000000000000000e+01,2.235775388320614676e-01,1.074127260186216459e-01,1.645308326779627350e+00,-1.739659270862812246e-01,-2.044777043804565153e+00
1.700000000000000000e+01,2.207078866953071650e-01,1.143260511760063047e-01,1.659198037772319001e+00,-1.818476642859851999e-01,-1.891616927928952308e+00
1.800000000000000000e+01,3.697248193362364099e-01,1.212513071004283766e-01,1.662061421861298127e+00,-1.890708201253004928e-01,-1.733557401435671386e+00
1.900000000000000000e+01,3.513191328069906194e-01,1.281553585860489841e-01,1.656972356548947811e+00,-1.956404322198261048e-01,-1.576706902686147549e+00
2.000000000000000000e+01,8.071640043700842315e-02,1.350228917181514887e-01,1.648207951704599772e+00,-2.016283429096248081e-01,-1.437098565551688578e+00
2.100000000000000000e+01,5.947898794773523456e-02,1.418685255867263573e-01,1.642952128457968231e+00,-2.070698311713433104e-01,-1.305957182812437223e+00
2.200000000000000000e+01,1.145722672201902048e-01,1.487125639399035915e-01,1.642569204762533097e+00,-2.119841318164834010e-01,-1.179432154833619739e+00
2.300000000000000000e+01,2.975500770342614509e-01,1.555564240467677273e-01,1.642526425647392374e+00,-2.164454228476564435e-01,-1.070709847481529975e+00
2.400000000000000000e+01,2.070421294954166991e-01,1.623749884192156878e-01,1.636455449387509198e+00,-2.204702552417701078e-01,-9.659597745872775532e-01
2.500000000000000000e+01,1.636473628903318822e-01,1.691719250786372364e-01,1.631264798261173432e+00,-2.241251993194901815e-01,-8.771865786528176834e-01
2.600000000000000000e+01,1.634219594379042184e-01,1.762013575580466396e-01,1.687063795058255655e+00,-2.278973507970073475e-01,-9.053163546041226306e-01
2.700000000000000000e+01,1.540070754547136211e-01,1.834670550588958227e-01,1.743767400203802609e+00,-2.316731806463184773e-01,-9.061991638346732492e-01
2.800000000000000000e+01,1.660107063607617617e-01,1.911933702453988415e-01,1.854315644760726300e+00,-2.361009554842702918e-01,-1.062665961108433033e+00
2.900000000000000000e+01,1.689244538495038306e-01,1.994581534435396486e-01,1.983547967553790814e+00,-2.413505080609072984e-01,-1.259892618392884911e+00
3.000000000000000000e+01,1.695472781780999749e-01,2.083064836807996534e-01,2.123599256942401148e+00,-2.474786788298238838e-01,-1.470760984539979832e+00
3.100000000000000000e+01,1.681908143118919785e-01,2.176852156990096432e-01,2.250895684370399330e+00,-2.543230485206859348e-01,-1.642648725806897358e+00
3.200000000000000000e+01,1.703870509134982614e-01,2.275507149332840484e-01,2.367719816225854590e+00,-2.618408199213312915e-01,-1.804265136154880489e+00
3.300000000000000000e+01,1.860646105724789168e-01,2.378746656088154554e-01,2.477748162127539899e+00,-2.704143342601942335e-01,-2.057643441327100753e+00
3.400000000000000000e+01,2.051567288307462600e-01,2.484120834627469021e-01,2.528980284943546319e+00,-2.801705166048598095e-01,-2.341483762719742234e+00
3.500000000000000000e+01,2.154362033001001875e-01,2.589883782351736219e-01,2.538310745382407863e+00,-2.911671890449272770e-01,-2.639201385616193996e+00
3.600000000000000000e+01,2.161098843129758695e-01,2.695948938626497871e-01,2.545563750594279639e+00,-3.034486486394182281e-01,-2.947550302677822920e+00
3.700000000000000000e+01,2.230442673282316546e-01,2.801897996768892840e-01,2.542777395417479713e+00,-3.163422269464155612e-01,-3.094458793679366160e+00
3.800000000000000000e+01,2.229371007706147378e-01,2.909128732211916368e-01,2.573537650632568230e+00,-3.295730548617422095e-01,-3.175398699678392056e+00
3.900000000000000000e+01,2.181595248300785272e-01,3.019386828049243632e-01,2.646194300095851659e+00,-3.429930028942896891e-01,-3.220787527811397322e+00
4.000000000000000000e+01,2.140189192542770735e-01,3.133086413305461448e-01,2.728790046149232928e+00,-3.563916318138466988e-01,-3.215670940693680535e+00
4.100000000000000000e+01,2.083068755522548554e-01,3.250072822201842682e-01,2.807673813513144712e+00,-3.696373992103976214e-01,-3.178984175172226756e+00
4.200000000000000000e+01,2.013571841543135843e-01,3.369660161743454618e-01,2.870096148998681151e+00,-3.824862955369376372e-01,-3.083735118369603345e+00
4.300000000000000000e+01,1.927187731605058685e-01,3.490837856780912296e-01,2.908264680898987820e+00,-3.947574297668344223e-01,-2.945072215175230212e+00
4.400000000000000000e+01,1.869955248772083023e-01,3.611912052154997999e-01,2.905780688978054638e+00,-4.063368135802551961e-01,-2.779052115220984387e+00
4.500000000000000000e+01,1.928428942503697119e-01,3.730981338424637084e-01,2.857662870471332717e+00,-4.175203560496704713e-01,-2.684050192659664269e+00
4.600000000000000000e+01,1.955329126773361625e-01,3.845637549649109088e-01,2.751749069387327662e+00,-4.280696288685192918e-01,-2.531825476523723584e+00
4.700000000000000000e+01,1.837312101545869603e-01,3.955375113970566736e-01,2.633701543714979554e+00,-4.376163159568272620e-01,-2.291204901193912846e+00
4.800000000000000000e+01,1.769876534627185805e-01,4.059759759074536012e-01,2.505231482495263062e+00,-4.462136457692376657e-01,-2.063359154978498644e+00
4.900000000000000000e+01,1.409259986096468575e-01,4.164399966660508046e-01,2.511364982063324813e+00,-4.539519541526990110e-01,-1.857194012030725538e+00
5.000000000000000000e+01,1.425237902069647344e-01,4.266919015598542031e-01,2.460457174512819645e+00,-4.609165358158444636e-01,-1.671499599154914195e+00
5.100000000000000000e+01,1.635370302061784631e-01,4.362128483283834735e-01,2.285027224447030214e+00,-4.671846879613796855e-01,-1.504356514928449018e+00
5.200000000000000000e+01,1.683168069489200391e-01,4.448840654358748870e-01,2.081092105797942349e+00,-4.728260502362516826e-01,-1.353926945969282203e+00
5.300000000000000000e+01,1.681528244209528622e-01,4.527250084239864969e-01,1.881826317146791272e+00,-4.779032826455421046e-01,-1.218535778229703936e+00
5.400000000000000000e+01,1.669151964153419154e-01,4.597972708747121162e-01,1.697342988174152856e+00,-4.824727978296231568e-01,-1.096683644179457850e+00
5.500000000000000000e+01,1.657678424728972755e-01,4.661694238752701058e-01,1.529316720133914620e+00,-4.865853614710992092e-01,-9.870152739542531473e-01
5.600000000000000000e+01,1.648871105673022919e-01,4.719082001151820305e-01,1.377306297578861694e+00,-4.902866687098961784e-01,-8.883137373112778290e-01
5.700000000000000000e+01,1.642857589966243981e-01,4.770749703171800471e-01,1.240024848479519548e+00,-4.936178511578348527e-01,-7.994837875052762666e-01
5.800000000000000000e+01,1.638906293306993389e-01,4.817260290944097578e-01,1.116254106535132351e+00,-4.966159153424864470e-01,-7.195354043163869617e-01
5.900000000000000000e+01,1.636552880417294908e-01,4.859124945940068163e-01,1.004751719903288265e+00,-4.993141731004343553e-01,-6.475818619075027760e-01
6.000000000000000000e+01,1.635382594182689386e-01,4.896805877251210193e-01,9.043423514674129304e-01,-5.017426050831983453e-01,-5.828236758633531522e-01
6.100000000000000000e+01,1.635057478390923025e-01,4.930720622780704887e-01,8.139538927078782127e-01,-5.039281938750023171e-01,-5.245413100329570089e-01
6.200000000000000000e+01,1.635343847118417848e-01,4.961245085850752301e-01,7.325871136811386020e-01,-5.058952238005420821e-01,-4.720871821295333226e-01
6.300000000000000000e+01,1.636050016536959029e-01,4.988717698660671274e-01,6.593427074380577846e-01,-5.076655507503109455e-01,-4.248784679445339330e-01
6.400000000000000000e+01,1.637024260160702405e-01,5.013443646236352969e-01,5.934227418163648959e-01,-5.092588390627195150e-01,-3.823891949780603983e-01
6.500000000000000000e+01,1.638178342153848721e-01,5.035697237474183741e-01,5.340861897079505205e-01,-5.106927984930952347e-01,-3.441502632901687342e-01
6.600000000000000000e+01,1.639424513895729740e-01,5.055725708012427377e-01,4.806832929178586067e-01,-5.119833615893684131e-01,-3.097351431055504478e-01
6.700000000000000000e+01,1.640712948185772402e-01,5.073751450716109668e-01,4.326178248883804089e-01,-5.131448676567719192e-01,-2.787614561768348986e-01
6.800000000000000000e+01,1.642003340309352299e-01,5.089974619163952774e-01,3.893560427482373743e-01,-5.141902220572909243e-01,-2.508850561245519195e-01
6.900000000000000000e+01,1.642928877317430536e-01,5.104575514944315051e-01,3.504214987287013194e-01,-5.151308872845538067e-01,-2.257596545430940460e-01
7.000000000000000000e+01,1.644068742281149242e-01,5.117716255009816528e-01,3.153777615720298466e-01,-5.159773488049879120e-01,-2.031507649041832120e-01
7.100000000000000000e+01,1.645200356695745159e-01,5.129543181720579437e-01,2.838462410583118545e-01,-5.167394287444753154e-01,-1.828991854769689285e-01
7.200000000000000000e+01,1.646457748933873033e-01,5.140187415666579440e-01,2.554616147040020824e-01,-5.174253089341129819e-01,-1.646112455130334384e-01
7.300000000000000000e+01,1.647500552766612003e-01,5.149767226262588204e-01,2.299154543042203069e-01,-5.180425972618791786e-01,-1.481491986638879821e-01
7.400000000000000000e+01,1.648480516549720720e-01,5.158389055899625930e-01,2.069239112889015575e-01,-5.185981480405918997e-01,-1.333321868910580243e-01
7.500000000000000000e+01,1.649392402990769169e-01,5.166148702739380427e-01,1.862315241541115385e-01,-5.190981293169991684e-01,-1.199955063377393938e-01
7.600000000000000000e+01,1.650234231474516644e-01,5.173132385163530245e-01,1.676083781796051664e-01,-5.195480892051858035e-01,-1.079903731647813142e-01
7.700000000000000000e+01,1.651005972065855143e-01,5.179417818993272693e-01,1.508504119138149857e-01,-5.199530150880973256e-01,-9.718221189877589150e-02
7.800000000000000000e+01,1.651713454674339221e-01,5.185074710189546687e-01,1.357653887105812751e-01,-5.203173834531387154e-01,-8.744840760992468598e-02
7.900000000000000000e+01,1.652356497059985774e-01,5.190165913601183512e-01,1.221888818792939563e-01,-5.206451993653975485e-01,-7.867581894211922444e-02
8.000000000000000000e+01,1.652935701585710737e-01,5.194747999131746896e-01,1.099700527335122635e-01,-5.209400206901173558e-01,-7.075711793276066863e-02
8.100000000000000000e+01,1.653447395930245645e-01,5.198871880677762292e-01,9.897315710437754044e-02,-5.212049644253460290e-01,-6.358649645487059188e-02
8.200000000000000000e+01,1.653881032561511366e-01,5.202583382041425786e-01,8.907603272791389526e-02,-5.214427237727162767e-01,-5.706224336886785153e-02
8.300000000000000000e+01,1.654224119642980773e-01,5.205923744670459818e-01,8.016870309681485562e-02,-5.216557202306534302e-01,-5.111914990491479849e-02
8.400000000000000000e+01,1.654497551652397702e-01,5.208930082389733318e-01,7.215210526257077872e-02,-5.218464338060611052e-01,-4.577125809783039179e-02
8.500000000000000000e+01,1.654776097373675259e-01,5.211635795999205456e-01,6.493712662731936092e-02,-5.220172386904569084e-01,-4.099317225500594825e-02
8.600000000000000000e+01,1.655060091027474312e-01,5.214070948434529340e-01,5.844365844776674979e-02,-5.221700799115163161e-01,-3.668189305425435809e-02
8.700000000000000000e+01,1.655309073259029484e-01,5.216262593913362222e-01,5.259949149200142393e-02,-5.223069173557884914e-01,-3.284098662531503149e-02
8.800000000000000000e+01,1.655556210746916002e-01,5.218235084092239795e-01,4.733976429306214345e-02,-5.224292659969576036e-01,-2.936367388057660802e-02
8.900000000000000000e+01,1.655776647642354382e-01,5.220010331006152970e-01,4.260592593392630717e-02,-5.225388758517683918e-01,-2.630636515457811936e-02
9.000000000000000000e+01,1.655984236106562424e-01,5.221608064663347815e-01,3.834560777266948078e-02,-5.226365113624964476e-01,-2.343252257472975414e-02
9.100000000000000000e+01,1.656199697319719610e-01,5.223046020793022937e-01,3.451094711219205441e-02,-5.227247546068637396e-01,-2.117837864815571430e-02
9.200000000000000000e+01,1.656107548244057093e-01,5.224340230125918971e-01,3.106102398949518034e-02,-5.227992634458823451e-01,-1.788212136447572473e-02
9.300000000000000000e+01,1.656750747942426216e-01,5.225504935200117052e-01,2.795292178076129452e-02,-5.228742359400104789e-01,-1.799339859074789577e-02
9.400000000000000000e+01,1.657517490585971864e-01,5.226554352676325843e-01,2.518601942899924284e-02,-5.229304631030481376e-01,-1.349451912903701714e-02
9.500000000000000000e+01,1.656277844041794400e-01,5.227497749731289112e-01,2.264152931911858971e-02,-5.229820871000536719e-01,-1.238975928132462177e-02
9.600000000000000000e+01,1.657490936849018437e-01,5.228346705650511739e-01,2.037494206135331137e-02,-5.230385326085377207e-01,-1.354692203616315177e-02
9.700000000000000000e+01,1.658124329889368864e-01,5.229111862948867540e-01,1.836377516052737496e-02,-5.230794547593851096e-01,-9.821316203372058851e-03
9.800000000000000000e+01,1.656993552570572292e-01,5.229800784278988424e-01,1.653411192290924620e-02,-5.231126634631726446e-01,-7.970088908995934252e-03
9.900000000000000000e+01,1.657765576407420338e-01,5.230419473952374609e-01,1.484855216125691331e-02,-5.231528017422687471e-01,-9.633186983064770392e-03
1.000000000000000000e+02,1.657569441216721062e-01,5.230977543870671820e-01,1.339367803913796458e-02,-5.231798700960026416e-01,-6.496404896122953514e-03
1.010000000000000000e+02,1.656864578064236038e-01,5.231480024440005039e-01,1.205953366401024685e-02,-5.232014227389241157e-01,-5.172634301154399768e-03
1.020000000000000000e+02,1.658501582957322140e-01,5.231930766032821811e-01,1.081779822760345518e-02,-5.232347924061427902e-01,-8.008720132482344961e-03
1.030000000000000000e+02,1.658522574134629335e-01,5.232337474293996538e-01,9.760998268182335610e-03,-5.232566986928675057e-01,-5.257508813932219513e-03
1.040000000000000000e+02,1.658132472129396351e-01,5.232703660048302341e-01,8.788458103335939492e-03,-5.232744994453711884e-01,-4.272180600886354984e-03
1.050000000000000000e+02,1.657780403637213185e-01,5.233033369952284630e-01,7.913037695568361091e-03,-5.232886798378977300e-01,-3.403294206378034738e-03
1.060000000000000000e+02,1.657473716652854978e-01,5.233330246200894598e-01,7.125029966641847901e-03,-5.232996735956987333e-01,-2.638501872233173836e-03
1.070000000000000000e+02,1.658631052068568479e-01,5.233596009440522057e-01,6.378317751067843003e-03,-5.233192760143489108e-01,-4.704580476049619736e-03
1.080000000000000000e+02,1.658108341454644086e-01,5.233836433249642317e-01,5.770171418885295528e-03,-5.233296563446887539e-01,-2.491279281567016553e-03
1.090000000000000000e+02,1.657927279692239797e-01,5.234052914670384027e-01,5.195554097790293022e-03,-5.233377114887890480e-01,-1.933234584059344112e-03
1.100000000000000000e+02,1.657771126428972952e-01,5.234247844119173099e-01,4.678306770928293556e-03,-5.233437241668411621e-01,-1.443042732498515252e-03
1.110000000000000000e+02,1.658570383159084782e-01,5.234421878844905951e-01,4.176833417586523975e-03,-5.233555752440750553e-01,-2.844258536122923516e-03
1.120000000000000000e+02,1.658043588886920772e-01,5.234579844601582321e-01,3.791178160227274239e-03,-5.233606773506686016e-01,-1.224505582456005166e-03
1.130000000000000000e+02,1.657950085500468351e-01,5.234722087642641464e-01,3.413832985421221943e-03,-5.233643198607088598e-01,-8.742024096620809809e-04
1.140000000000000000e+02,1.658358679363316768e-01,5.234848729786053534e-01,3.039411441888583993e-03,-5.233706548101383360e-01,-1.520387863079316129e-03
1.150000000000000000e+02,1.658045731856357397e-01,5.234964095613392487e-01,2.768779856124716551e-03,-5.233731600710241905e-01,-6.012626126178143102e-04
1.160000000000000000e+02,1.658609613982469644e-01,5.235066525171966356e-01,2.458309405764800334e-03,-5.233797113317811833e-01,-1.572302581672010936e-03
1.170000000000000000e+02,1.658226685956457058e-01,5.235160067136158668e-01,2.245007140622836111e-03,-5.233818872212194773e-01,-5.222134651861019827e-04
1.180000000000000000e+02,1.658188523840093132e-01,5.235244302635003733e-01,2.021651972280969455e-03,-5.233832323890791338e-01,-3.228402863095591966e-04
1.190000000000000000e+02,1.658155517398572920e-01,5.235320160477549001e-01,1.820588221091262856e-03,-5.233838537792807610e-01,-1.491336483889490550e-04
1.200000000000000000e+02,1.659351216838019505e-01,5.235386944431731360e-01,1.602814900364841425e-03,-5.233938126117164691e-01,-2.390119784577504538e-03
1.210000000000000000e+02,1.658658823087620360e-01,5.235448265530978640e-01,1.471706381932166808e-03,-5.233968924249174925e-01,-7.391551682578417076e-04
1.220000000000000000e+02,1.658636271723220312e-01,5.235503478037137892e-01,1.325100147809298934e-03,-5.233993620537096270e-01,-5.927109101174707351e-04
1.230000000000000000e+02,1.658614096914752811e-01,5.235553191890439662e-01,1.193132479253808474e-03,-5.234012943377285287e-01,-4.637481645268042279e-04
1.240000000000000000e+02,1.658595073773402040e-01,5.235597956075930259e-01,1.074340451777516890e-03,-5.234027543527736137e-01,-3.504036108202205203e-04
1.250000000000000000e+02,1.658579391280521620e-01,5.235638264715088974e-01,9.674073398202866995e-04,-5.234038002195385841e-01,-2.510080236000333245e-04
1.260000000000000000e+02,1.658566698881129009e-01,5.235674562550234334e-01,8.711480434860947994e-04,-5.234044838200836436e-01,-1.640641308029898112e-04
1.270000000000000000e+02,1.658556655899840193e-01,5.235707249881013103e-01,7.844959387037571570e-04,-5.234048514392589668e-01,-8.822860206457946194e-05
1.280000000000000000e+02,1.658548952624472606e-01,5.235736687007418455e-01,7.064910337268935202e-04,-5.234049443406393332e-01,-2.229633128880058280e-05
1.290000000000000000e+02,1.658543310483726052e-01,5.235763198228573501e-01,6.362693077303042000e-04,-5.234047992840608066e-01,3.481357884375309476e-05
1.300000000000000000e+02,1.658539479724791821e-01,5.235787075441696858e-01,5.730531149733925859e-04,-5.234044489907557773e-01,8.407039321535678665e-05
1.310000000000000000e+02,1.658537236716886853e-01,5.235808581381211635e-01,5.161425483479156100e-04,-5.234039225613844604e-01,1.263430491279265598e-04
1.320000000000000000e+02,1.658536381375011193e-01,5.235827952533982366e-01,4.649076665096410705e-04,-5.234032458517050568e-01,1.624103230690658150e-04
1.330000000000000000e+02,1.658536734803477131e-01,5.235845401763076223e-01,4.187814982587025948e-04,-5.234024418101427267e-01,1.929699749652218391e-04
1.340000000000000000e+02,1.658538137164666249e-01,5.235861120669177415e-01,3.772537464255098626e-04,-5.234015307810895301e-01,2.186469727797380217e-04
1.350000000000000000e+02,1.658540445757279713e-01,5.235875281715900442e-01,3.398651213554015980e-04,-5.234005307773822446e-01,2.400008897489694403e-04
1.360000000000000000e+02,1.658543533284946581e-01,5.235888040142608890e-01,3.062022410039248722e-04,-5.233994577250605795e-01,2.575325572090383366e-04
1.370000000000000000e+02,1.659006382547427716e-01,5.235898091427703127e-01,2.412308422527459199e-04,-5.234020575585651702e-01,-6.239600411009096860e-04
1.380000000000000000e+02,1.658700241917715756e-01,5.235908474048027728e-01,2.491828877903608935e-04,-5.234020538385224519e-01,8.928102526023756064e-07
1.390000000000000000e+02,1.658703014683163279e-01,5.235917824843574486e-01,2.244190931340040969e-04,-5.234019677403320969e-01,2.066356567190059203e-05
1.400000000000000000e+02,1.658702422053626169e-01,5.235926246757643954e-01,2.021259376681193041e-04,-5.234018106641654677e-01,3.769827998341509812e-05
1.410000000000000000e+02,1.658702386242867644e-01,5.235933832439485514e-01,1.820563642041233957e-04,-5.234015927977782034e-01,5.228793295633595457e-05
1.420000000000000000e+02,1.658702830370396841e-01,5.235940665280478523e-01,1.639881838199777153e-04,-5.234013232023377871e-01,6.470290570333676948e-05
1.430000000000000000e+02,1.658703642815984869e-01,5.235946820341342844e-01,1.477214607506775919e-04,-5.234010099196874100e-01,7.518783610369881882e-05
1.440000000000000000e+02,1.658704759741532753e-01,5.235952365185306823e-01,1.330762551238893110e-04,-5.234006600762869388e-01,8.396241610065820866e-05
1.450000000000000000e+02,1.658706133361700641e-01,5.235957360627622181e-01,1.198906155796701972e-04,-5.234002799784883697e-01,9.122347165530109582e-05
1.460000000000000000e+02,1.658707723458321404e-01,5.235961861410068918e-01,1.080187787192992300e-04,-5.233998751985901032e-01,9.714717558931168268e-05
1.470000000000000000e+02,1.658709494898622239e-01,5.235965916807989728e-01,9.732955009058709786e-05,-5.233994506522422485e-01,1.018911234954279044e-04
1.480000000000000000e+02,1.658711416684937323e-01,5.235969571176634085e-01,8.770484747268355425e-05,-5.233990106679834442e-01,1.055962221038743242e-04
1.490000000000000000e+02,1.658713461419313029e-01,5.235972864442880459e-01,7.903838990225493018e-05,-5.233985590496803564e-01,1.083883927403578605e-04
1.500000000000000000e+02,1.658715604901642993e-01,5.235975832547788977e-01,7.123451780512526400e-05,-5.233980991325787313e-01,1.103801043852068283e-04
1.510000000000000000e+02,1.658717825788248446e-01,5.235978507844919472e-01,6.420713113000305929e-05,-5.233976338336104872e-01,1.116717523798618853e-04
1.520000000000000000e+02,1.658720105289920033e-01,5.235980919458821381e-01,5.787873363672574117e-05,-5.233971656965352715e-01,1.123528980543278945e-04
1.530000000000000000e+02,1.658722426901827474e-01,5.235983093607686767e-01,5.217957276238480559e-05,-5.233966969324388430e-01,1.125033831389251986e-04
1.540000000000000000e+02,1.658724776161122627e-01,5.235985053893749130e-01,4.704686548662928753e-05,-5.233962294560574602e-01,1.121943315334572935e-04
1.550000000000000000e+02,1.658727140429250568e-01,5.235986821564648785e-01,4.242410159793747983e-05,-5.233957649183502703e-01,1.114890497384645027e-04
1.560000000000000000e+02,1.658729508696453747e-01,5.235988415748674685e-01,3.826041663153482373e-05,-5.233953047356997290e-01,1.104438361222966698e-04
1.570000000000000000e+02,1.658735290690635800e-01,5.235989853666487281e-01,3.451002749508322971e-05,-5.233948501160823330e-01,1.091087081771682061e-04
1.580000000000000000e+02,1.658737506160106456e-01,5.235991150821676099e-01,3.113172453217439992e-05,-5.233944020825155308e-01,1.075280560411688888e-04
1.590000000000000000e+02,1.658739704519486824e-01,5.235992321172274755e-01,2.808841437455190986e-05,-5.233939614940587015e-01,1.057412296483333251e-04
1.600000000000000000e+02,1.658741882783986987e-01,5.235993377285128592e-01,2.534670848893448932e-05,-5.233935290646161143e-01,1.037830662243258877e-04
1.610000000000000000e+02,1.658744031789911588e-01,5.235994330474831315e-01,2.287655287056693015e-05,-5.233931053797656885e-01,1.016843641112992415e-04
1.620000000000000000e+02,1.658746150609280157e-01,5.235995190928779408e-01,2.065089476425941315e-05,-5.233926909118142845e-01,9.947230834004281482e-05
1.630000000000000000e+02,1.658748232859089400e-01,5.235995967819725427e-01,1.864538269593393158e-05,-5.233922860332610449e-01,9.717085277712442161e-05
1.640000000000000000e+02,1.658750276024774650e-01,5.235996669407079196e-01,1.683809650077931541e-05,-5.233918910288307691e-01,9.480106326770496104e-05
1.650000000000000000e+02,1.658752279028233856e-01,5.235997303128093749e-01,1.520930435021547175e-05,-5.233915061062238694e-01,9.238142566703149816e-05
1.660000000000000000e+02,1.658754237154805855e-01,5.235997875679929692e-01,1.374124404954818856e-05,-5.233911314057141384e-01,8.992812232342884879e-05
1.670000000000000000e+02,1.658756150207041091e-01,5.235998393093522774e-01,1.241792622184566189e-05,-5.233907670087133424e-01,8.745528018362292073e-05
1.680000000000000000e+02,1.658758017776259808e-01,5.235998860800070709e-01,1.122495715880083822e-05,-5.233904129454074461e-01,8.497519341727246525e-05
1.690000000000000000e+02,1.658759837133439441e-01,5.235999283690878636e-01,1.014937937996895024e-05,-5.233900692015612810e-01,8.249852308133770679e-05
1.700000000000000000e+02,1.658761608192470260e-01,5.235999666171217148e-01,9.179528126426559560e-06,-5.233897357245771431e-01,8.003447619536234394e-05
1.710000000000000000e+02,1.658763331569346189e-01,5.236000012208810173e-01,8.304902219468260561e-06,-5.233894124288842598e-01,7.759096629515499673e-05
1.720000000000000000e+02,1.658765006678690479e-01,5.236000325377468956e-01,7.516047803058212754e-06,-5.233890992007287357e-01,7.517475733319456507e-05
1.730000000000000000e+02,1.658766632593987600e-01,5.236000608896373976e-01,6.804453731023584582e-06,-5.233887959024261516e-01,7.279159262217957524e-05
1.740000000000000000e+02,1.658768210359461426e-01,5.236000865665432213e-01,6.162457395242538997e-06,-5.233885023761331023e-01,7.044631033996075686e-05
1.750000000000000000e+02,1.658769740782672364e-01,5.236001098297097256e-01,5.583159968683201334e-06,-5.233882184471874144e-01,6.814294695956792883e-05
1.760000000000000000e+02,1.658771224219374729e-01,5.236001309145019711e-01,5.060350133762183247e-06,-5.233879439270631151e-01,6.588482982626681897e-05
1.770000000000000000e+02,1.658772660774616992e-01,5.236001500329828806e-01,4.588435414246225607e-06,-5.233876786159797900e-01,6.367466000348014597e-05
1.780000000000000000e+02,1.658774051199319033e-01,5.236001673762344932e-01,4.162380388597329922e-06,-5.233874223052032981e-01,6.151458635863729782e-05
1.790000000000000000e+02,1.658775396602296115e-01,5.236001831164472931e-01,3.777651065598861717e-06,-5.233871747790708184e-01,5.940627179146932885e-05
1.800000000000000000e+02,1.658776698087497947e-01,5.236001974088007049e-01,3.430164822865417242e-06,-5.233869358167690944e-01,5.735095242045375392e-05
1.810000000000000000e+02,1.658777956491431504e-01,5.236002103931562957e-01,3.116245354133365658e-06,-5.233867051938922987e-01,5.534949043065728175e-05
1.820000000000000000e+02,1.658779172580406858e-01,5.236002221955817770e-01,2.832582108492741188e-06,-5.233864826838038331e-01,5.340242123512648631e-05
1.830000000000000000e+02,1.658780347054622240e-01,5.236002329297225755e-01,2.576193787381914042e-06,-5.233862680588223792e-01,5.150999554798164920e-05
1.840000000000000000e+02,1.658781481238607303e-01,5.236002426980371771e-01,2.344395497240410423e-06,-5.233860610912520750e-01,4.967221687718351766e-05
1.850000000000000000e+02,1.658782576206525028e-01,5.236002515929086831e-01,2.134769168685560777e-06,-5.233858615542732462e-01,4.788887491893855373e-05
1.860000000000000000e+02,1.658783633038887484e-01,5.236002596976458978e-01,1.945136944049882609e-06,-5.233856692227095708e-01,4.615957526977895959e-05
1.870000000000000000e+02,1.658784652964801487e-01,5.236002670873842746e-01,1.773537213686168513e-06,-5.233854838736852200e-01,4.448376584740984318e-05
1.880000000000000000e+02,1.658785636802444230e-01,5.236002738298970449e-01,1.618203053047574646e-06,-5.233853052871837441e-01,4.286076035655744706e-05
1.890000000000000000e+02,1.658786585605612762e-01,5.236002799863254120e-01,1.477542813335977969e-06,-5.233851332465208062e-01,4.128975909992784474e-05
1.900000000000000000e+02,1.658787500313778640e-01,5.236002856118364690e-01,1.350122651915789686e-06,-5.233849675387398648e-01,3.976986742577190881e-05
1.910000000000000000e+02,1.658788382007565232e-01,5.236002907562148367e-01,1.234650795777502057e-06,-5.233848079549395793e-01,3.830011205877355176e-05
1.920000000000000000e+02,1.658789231794778607e-01,5.236002954643956819e-01,1.129963393001067329e-06,-5.233846542905415955e-01,3.687945551690557125e-05
1.930000000000000000e+02,1.658790050682894257e-01,5.236002997769446665e-01,1.035011769621740672e-06,-5.233845063455047075e-01,3.550680884428170173e-05
1.940000000000000000e+02,1.658790839662859229e-01,5.236003037304903796e-01,9.488509579382632730e-07,-5.233843639244929458e-01,3.418104281314773818e-05
1.950000000000000000e+02,1.658791599744151579e-01,5.236003073581126932e-01,8.706293635009672341e-07,-5.233842268370021422e-01,3.290099778005325525e-05
1.960000000000000000e+02,1.658792331922449015e-01,5.236003106896939263e-01,7.995794881851249395e-07,-5.233840948974508578e-01,3.166549232011424398e-05
1.970000000000000000e+02,1.658793037038523155e-01,5.236003137522337036e-01,7.350095439974517564e-07,-5.233839679252392241e-01,3.047333078492153963e-05
1.980000000000000000e+02,1.658793716005448615e-01,5.236003165701333950e-01,6.762959368654968519e-07,-5.233838457447813619e-01,2.932330988528796946e-05
1.990000000000000000e+02,1.658794369714327588e-01,5.236003191654520217e-01,6.228764786327753399e-07,-5.233837281855129309e-01,2.821422443262351165e-05
2.000000000000000000e+02,1.658794999033838258e-01,5.236003215581365167e-01,5.742442825170656055e-07,-5.233836150818783617e-01,2.714487229439529800e-05
2.010000000000000000e+02,1.658795604733232787e-01,5.236003237662293364e-01,5.299422725607628390e-07,-5.233835062733005472e-01,2.611405867044685878e-05
2.020000000000000000e+02,1.658796187719768223e-01,5.236003258060553112e-01,4.895582352794366466e-07,-5.233834016041347681e-01,2.512059977615734539e-05
2.030000000000000000e+02,1.658796748794123810e-01,5.236003276923901772e-01,4.527203681534996332e-07,-5.233833009236099620e-01,2.416332596599520571e-05
2.040000000000000000e+02,1.658797288732572484e-01,5.236003294386121221e-01,4.190932666887540065e-07,-5.233832040857583356e-01,2.324108440084541964e-05
2.050000000000000000e+02,1.658797808288578479e-01,5.236003310568384528e-01,3.883743175900046301e-07,-5.233831109493364275e-01,2.235274125953312354e-05
2.060000000000000000e+02,1.658798308192969417e-01,5.236003325580486090e-01,3.602904481618230400e-07,-5.233830213777380669e-01,2.149718361058788600e-05
2.070000000000000000e+02,1.658798789154162789e-01,5.236003339521952960e-01,3.345952020129980954e-07,-5.233829352389008926e-01,2.067332092923797129e-05
2.080000000000000000e+02,1.658799251858468216e-01,5.236003352483040718e-01,3.110660989070241342e-07,-5.233828524052078768e-01,1.988008632682372026e-05
2.090000000000000000e+02,1.658799696981256011e-01,5.236003364545634975e-01,2.895022706725554567e-07,-5.233827727533848506e-01,1.911643751892972410e-05
2.100000000000000000e+02,1.658800125181502660e-01,5.236003375784065161e-01,2.697223224940593510e-07,-5.233826961643949227e-01,1.838135757292830378e-05
2.110000000000000000e+02,1.658800537050259538e-01,5.236003386265831727e-01,2.515624038717610078e-07,-5.233826225233305651e-01,1.767385545279963305e-05
2.120000000000000000e+02,1.658800933189467086e-01,5.236003396052268943e-01,2.348744863572175691e-07,-5.233825517193039234e-01,1.699296638832697274e-05
2.130000000000000000e+02,1.658801314180913811e-01,5.236003405199135541e-01,2.195247949140279818e-07,-5.233824836453369045e-01,1.633775208402994761e-05
2.140000000000000000e+02,1.658801680586700911e-01,5.236003413757153169e-01,2.053924118012252458e-07,-5.233824181982501544e-01,1.570730081790080879e-05
2.150000000000000000e+02,1.658802032949721061e-01,5.236003421772487121e-01,1.923680045667507314e-07,-5.233823552785527022e-01,1.510072739798881469e-05
2.160000000000000000e+02,1.658802371794154407e-01,5.236003429287182653e-01,1.803526921376156908e-07,-5.233822947903317147e-01,1.451717304228470804e-05
2.170000000000000000e+02,1.658802697625965106e-01,5.236003436339558004e-01,1.692570163815817749e-07,-5.233822366411435834e-01,1.395580515193736310e-05
2.180000000000000000e+02,1.658803010933387334e-01,5.236003442964558552e-01,1.590000170751833490e-07,-5.233821807419059002e-01,1.341581703336610607e-05
2.190000000000000000e+02,1.658803312187447643e-01,5.236003449194075454e-01,1.495083994397670217e-07,-5.233821270067910980e-01,1.289642754095134023e-05
2.200000000000000000e+02,1.658803601826916996e-01,5.236003455057233191e-01,1.407157860142805177e-07,-5.233820753531216452e-01,1.239688067587647257e-05
2.210000000000000000e+02,1.658803880305776690e-01,5.236003460580651581e-01,1.325620428062056279e-07,-5.233820257012669064e-01,1.191644514302350847e-05
2.220000000000000000e+02,1.658804148047778038e-01,5.236003465788678923e-01,1.249926658357681920e-07,-5.233819779745424450e-01,1.145441385762514562e-05
2.230000000000000000e+02,1.658804405459847753e-01,5.236003470703605167e-01,1.179582365194782513e-07,-5.233819320991114354e-01,1.101010344045902625e-05
2.240000000000000000e+02,1.658804652934152413e-01,5.236003475345851754e-01,1.114139243803660575e-07,-5.233818880038877408e-01,1.058285368694926798e-05
2.250000000000000000e+02,1.658804890848576130e-01,5.236003479734144817e-01,1.053190450345448849e-07,-5.233818456204418768e-01,1.017202700247240180e-05
2.260000000000000000e+02,1.658805119567177133e-01,5.236003483885671717e-01,9.963665793558598748e-08,-5.233818048829091962e-01,9.777007843832403333e-06
2.270000000000000000e+02,1.658805339440642679e-01,5.236003487816222046e-01,9.433320311684702734e-08,-5.233817657279002944e-01,9.397202138479538729e-06
2.280000000000000000e+02,1.658805550806732310e-01,5.236003491540313082e-01,8.937817516808502703e-08,-5.233817280944140782e-01,9.032036701995113922e-06
2.290000000000000000e+02,1.658805753990711951e-01,5.236003495071306357e-01,8.474383379697042550e-08,-5.233816919237530563e-01,8.680958657755842901e-06
2.300000000000000000e+02,1.658805949305774408e-01,5.236003498421512026e-01,8.040493530390933356e-08,-5.233816571594411826e-01,8.343434844167277363e-06
2.310000000000000000e+02,1.658806137053456253e-01,5.236003501602282117e-01,7.633849293278710850e-08,-5.233816237471443644e-01,8.018951235552439159e-06
2.320000000000000000e+02,1.658806317524037510e-01,5.236003504624097138e-01,7.252356347351634984e-08,-5.233815916345928576e-01,7.707012364641121385e-06
2.330000000000000000e+02,1.658806490996936889e-01,5.236003507496640452e-01,6.894104934142444991e-08,-5.233815607715064377e-01,7.407140745803001298e-06
2.340000000000000000e+02,1.658806657741085933e-01,5.236003510228870450e-01,6.557352979371034469e-08,-5.233815311095217915e-01,7.118876310971920728e-06
2.350000000000000000e+02,1.658806818015306217e-01,5.236003512829082718e-01,6.240509683649988026e-08,-5.233815026021224615e-01,6.841775848177105197e-06
2.360000000000000000e+02,1.658806972068662122e-01,5.236003515304966660e-01,5.942121490894599524e-08,-5.233814752045705676e-01,6.575412461888656109e-06
2.370000000000000000e+02,1.658807120140817215e-01,5.236003517663657680e-01,5.660859355567322767e-08,-5.233814488738413040e-01,6.319375025058521868e-06
2.380000000000000000e+02,1.658807262462362042e-01,5.236003519911786031e-01,5.395507029318204980e-08,-5.233814235685594340e-01,6.073267658352796993e-06
2.390000000000000000e+02,1.658807399255153026e-01,5.236003522055515669e-01,5.144950134031440969e-08,-5.233813992489376732e-01,5.836709217448060348e-06
2.400000000000000000e+02,1.658807530732616664e-01,5.236003524100585338e-01,4.908167587490542136e-08,-5.233813758767177360e-01,5.609332782526084894e-06
2.410000000000000000e+02,1.658807657100069555e-01,5.236003526052345203e-01,4.684222468390622907e-08,-5.233813534151128266e-01,5.390785176942941353e-06
2.420000000000000000e+02,1.658807778555007606e-01,5.236003527915784606e-01,4.472253924663977965e-08,-5.233813318287524607e-01,5.180726482266769996e-06
2.430000000000000000e+02,1.658807895287392198e-01,5.236003529695564263e-01,4.271471184298688215e-08,-5.233813110836291749e-01,4.978829576179529704e-06
2.440000000000000000e+02,1.658808007479936897e-01,5.236003531396041799e-01,4.081146466490553392e-08,-5.233812911470472340e-01,4.784779678335096072e-06
2.450000000000000000e+02,1.658808115309812758e-01,5.236003533021296175e-01,3.900609485757962798e-08,-5.233812719875725605e-01,4.598273920571531173e-06
2.460000000000000000e+02,1.658808218945208024e-01,5.236003534575146556e-01,3.729242168758701450e-08,-5.233812535749854389e-01,4.419020900610751799e-06
2.470000000000000000e+02,1.658808318547762006e-01,5.236003536061177854e-01,3.566474712626046239e-08,-5.233812358802342191e-01,4.246740288374046323e-06
2.480000000000000000e+02,1.658808414273788279e-01,5.236003537482752934e-01,3.411779990734017138e-08,-5.233812188753907968e-01,4.081162417117646448e-06
2.490000000000000000e+02,1.658808506273596883e-01,5.236003538843032601e-01,3.264671168639231332e-08,-5.233812025336078699e-01,3.922027893964121020e-06
2.500000000000000000e+02,1.658808594691716931e-01,5.236003540144990032e-01,3.124697394474957623e-08,-5.233811868290777491e-01,3.769087225311158164e-06
2.510000000000000000e+02,1.658808679667121144e-01,5.236003541391424099e-01,2.991440843339871777e-08,-5.233811717369925010e-01,3.622100454872417434e-06
2.520000000000000000e+02,1.658808761333436521e-01,5.236003542584971582e-01,2.864513972167790505e-08,-5.233811572335057560e-01,3.480836808162296060e-06
2.530000000000000000e+02,1.658808839819131131e-01,5.236003543728120491e-01,2.743557051379429753e-08,-5.233811432956959608e-01,3.345074354831462252e-06
2.540000000000000000e+02,1.658808915247728666e-01,5.236003544823218947e-01,2.628235397210619626e-08,-5.233811299015306284e-01,3.214599683255573465e-06
2.550000000000000000e+02,1.658808987737984686e-01,5.236003545872485176e-01,2.518237648504314120e-08,-5.233811170298323656e-01,3.089207572630999675e-06
2.560000000000000000e+02,1.658809057404073140e-01,5.236003546878016390e-01,2.413273776807465413e-08,-5.233811046602461214e-01,2.968700695005529571e-06
2.570000000000000000e+02,1.658809124355750952e-01,5.236003547841796557e-01,2.313073340688962191e-08,-5.233810927732073237e-01,2.852889321397551046e-06
2.580000000000000000e+02,1.658809188698538162e-01,5.236003548765706395e-01,2.217383982812085770e-08,-5.233810813499113479e-01,2.741591029219327430e-06
2.590000000000000000e+02,1.658809250533873070e-01,5.236003549651526701e-01,2.125969388737653546e-08,-5.233810703722845403e-01,2.634630425492420785e-06
2.600000000000000000e+02,1.658809309959272948e-01,5.236003550500947235e-01,2.038608833534332792e-08,-5.233810598229557964e-01,2.531838890705150576e-06
2.610000000000000000e+02,1.658809367068475871e-01,5.236003551315570048e-01,1.955095371843509403e-08,-5.233810496852294714e-01,2.433054315778577043e-06
2.620000000000000000e+02,1.658809421951590590e-01,5.236003552096918368e-01,1.875235354823590248e-08,-5.233810399430592897e-01,2.338120854073273170e-06
2.630000000000000000e+02,1.658809474695236152e-01,5.236003552846437703e-01,1.798846603258959429e-08,-5.233810305810231434e-01,2.246888687259022013e-06
2.640000000000000000e+02,1.658809525382674011e-01,5.236003553565503621e-01,1.725758432282184982e-08,-5.233810215842989999e-01,2.159213792177806259e-06
2.650000000000000000e+02,1.658809574093941808e-01,5.236003554255423964e-01,1.655810059535574887e-08,-5.233810129386418097e-01,2.074957719231052884e-06
2.660000000000000000e+02,1.658809620905965510e-01,5.236003554917444403e-01,1.588850351358527665e-08,-5.233810046303610797e-01,1.993987386004895080e-06
2.670000000000000000e+02,1.658809665892690965e-01,5.236003555552751765e-01,1.524736736493306971e-08,-5.233809966462991126e-01,1.916174867039612301e-06
2.680000000000000000e+02,1.658809709125197707e-01,5.236003556162474037e-01,1.463334661277742985e-08,-5.233809889738108012e-01,1.841397191359260487e-06
2.690000000000000000e+02,1.658809750671796646e-01,5.236003556747689247e-01,1.404517835205320867e-08,-5.233809816007434224e-01,1.769536165792378954e-06
2.700000000000000000e+02,1.658809790598153588e-01,5.236003557309425460e-01,1.348166312314512039e-08,-5.233809745154176518e-01,1.700478177454726457e-06
2.710000000000000000e+02,1.658809828967383881e-01,5.236003557848661893e-01,1.294166718956795130e-08,-5.233809677066092458e-01,1.634114025215535688e-06
2.720000000000000000e+02,1.658809865840146225e-01,5.236003558366333355e-01,1.242412206513398661e-08,-5.233809611635310555e-01,1.570338752743039315e-06
2.730000000000000000e+02,1.658809901274743426e-01,5.236003558863333573e-01,1.192801576105539319e-08,-5.233809548758165953e-01,1.509051473878173822e-06
2.740000000000000000e+02,1.658809935327212604e-01,5.236003559340516311e-01,1.145238681011683724e-08,-5.233809488335031679e-01,1.450155228923763449e-06
2.750000000000000000e+02,1.658809968051414840e-01,5.236003559798696472e-01,1.099632347413234854e-08,-5.233809430270164320e-01,1.393556823947719604e-06
2.760000000000000000e+02,1.658809999499113175e-01,5.236003560238653431e-01,1.055896288731988886e-08,-5.233809374471551923e-01,1.339166688383290346e-06
2.770000000000000000e+02,1.658810029720059753e-01,5.236003560661132150e-01,1.013948474267456841e-08,-5.233809320850771885e-01,1.286898733027367713e-06
2.780000000000000000e+02,1.658810058762068829e-01,5.236003561066845391e-01,9.737110413843603966e-09,-5.233809269322845514e-01,1.236670225221454267e-06
2.790000000000000000e+02,1.658810086671096973e-01,5.236003561456474831e-01,9.351099055735221836e-09,-5.233809219806110358e-01,1.188401640823496807e-06
2.800000000000000000e+02,1.658810113491311355e-01,5.236003561830672171e-01,8.980746681706278521e-09,-5.233809172222086969e-01,1.142016559726540886e-06
2.810000000000000000e+02,1.658810139265158301e-01,5.236003562190063576e-01,8.625384731022141319e-09,-5.233809126495356789e-01,1.097441530867058874e-06
2.820000000000000000e+02,1.658810164033434620e-01,5.236003562535245237e-01,8.284371104068374459e-09,-5.233809082553441128e-01,1.054605966693622651e-06
2.830000000000000000e+02,1.658810187835347283e-01,5.236003562866791139e-01,7.957101962447398923e-09,-5.233809040326690143e-01,1.013442022276367664e-06
2.840000000000000000e+02,1.658810210708578925e-01,5.236003563185249732e-01,7.642994461229077797e-09,-5.233808999748169599e-01,9.738845009835810123e-07
2.850000000000000000e+02,1.658810232689342801e-01,5.236003563491145041e-01,7.341496067576100243e-09,-5.233808960753555395e-01,9.358707437160679659e-07
2.860000000000000000e+02,1.658810253812438573e-01,5.236003563784982218e-01,7.052083065544009202e-09,-5.233808923281033643e-01,8.993405309147804111e-07
2.870000000000000000e+02,1.658810274111318928e-01,5.236003564067243099e-01,6.774248312324803074e-09,-5.233808887271200749e-01,8.642359905923604485e-07
2.880000000000000000e+02,1.658810293618127041e-01,5.236003564338389538e-01,6.507513177496683563e-09,-5.233808852666971267e-01,8.305015045896479920e-07
2.890000000000000000e+02,1.658810312363752648e-01,5.236003564598865623e-01,6.251420437478150689e-09,-5.233808819413486857e-01,7.980836221896583201e-07
2.900000000000000000e+02,1.658810330377888109e-01,5.236003564849096570e-01,6.005530165781718614e-09,-5.233808787458029688e-01,7.669309782905528943e-07
2.910000000000000000e+02,1.658810347689063935e-01,5.236003565089488720e-01,5.769423246195934005e-09,-5.233808756749938063e-01,7.369942081548030550e-07
2.920000000000000000e+02,1.658810364324697639e-01,5.236003565320435094e-01,5.542702438515025523e-09,-5.233808727240526482e-01,7.082258730082625890e-07
2.930000000000000000e+02,1.658810380311146193e-01,5.236003565542308724e-01,5.324979847658218499e-09,-5.233808698883010146e-01,6.805803788216828045e-07
2.940000000000000000e+02,1.658810395673730731e-01,5.236003565755470435e-01,5.115893889195229737e-09,-5.233808671632430576e-01,6.540139131475260057e-07
2.950000000000000000e+02,1.658810410436786509e-01,5.236003565960265504e-01,4.915091486652998165e-09,-5.233808645445581220e-01,6.284843747580163076e-07
2.960000000000000000e+02,1.658810424623706203e-01,5.236003566157025890e-01,4.722236783832940458e-09,-5.233808620280944179e-01,6.039512972852563426e-07
2.970000000000000000e+02,1.658810438256964892e-01,5.236003566346068006e-01,4.537006715012233771e-09,-5.233808596098619148e-01,5.803757987152577720e-07
2.980000000000000000e+02,1.658810451358163351e-01,5.236003566527697162e-01,4.359096992528449600e-09,-5.233808572860264574e-01,5.577205078236315776e-07
2.990000000000000000e+02,1.658810463948060254e-01,5.236003566702206458e-01,4.188212215676824404e-09,-5.233808550529034376e-01,5.359495147946987672e-07
3.000000000000000000e+02,1.658810476046603533e-01,5.236003566869875669e-01,4.024069281495099426e-09,-5.233808529069521320e-01,5.150283094305371397e-07
3.010000000000000000e+02,1.658810487672965628e-01,5.236003567030975692e-01,3.866400527099266489e-09,-5.233808508447699293e-01,4.949237278534359945e-07
3.020000000000000000e+02,1.658810498845570136e-01,5.236003567185765206e-01,3.714943956635840583e-09,-5.233808488630870004e-01,4.756039005549390447e-07
3.030000000000000000e+02,1.658810509582120674e-01,5.236003567334492903e-01,3.569451682250631011e-09,-5.233808469587611922e-01,4.570381992804127453e-07
3.040000000000000000e+02,1.658810519899634184e-01,5.236003567477396370e-01,3.429685228699254374e-09,-5.233808451287729202e-01,4.391971925356327128e-07
3.050000000000000000e+02,1.658810529814457868e-01,5.236003567614705423e-01,3.295418825729645077e-09,-5.233808433702203944e-01,4.220525963711423530e-07
3.060000000000000000e+02,1.658810539342308321e-01,5.236003567746639886e-01,3.166431856975667008e-09,-5.233808416803152896e-01,4.055772284833725987e-07
3.070000000000000000e+02,1.658810548498285964e-01,5.236003567873411813e-01,3.042514768150143346e-09,-5.233808400563778607e-01,3.897449713515815398e-07
3.080000000000000000e+02,1.658810557296901966e-01,5.236003567995223262e-01,2.923464302861273449e-09,-5.233808384958331672e-01,3.745307219967675415e-07
3.090000000000000000e+02,1.658810565752101285e-01,5.236003568112268525e-01,2.809089180185107648e-09,-5.233808369962066331e-01,3.599103604026747320e-07
3.100000000000000000e+02,1.658810573877284589e-01,5.236003568224735227e-01,2.699205342359454686e-09,-5.233808355551203828e-01,3.458607061446087683e-07
3.110000000000000000e+02,1.658810581685331020e-01,5.236003568332803226e-01,2.593633698541804872e-09,-5.233808341702892442e-01,3.323594852102950710e-07
3.120000000000000000e+02,1.658810589188616236e-01,5.236003568436644606e-01,2.492203230708057766e-09,-5.233808328395171960e-01,3.193852903186681586e-07
3.130000000000000000e+02,1.658810596399035442e-01,5.236003568536425901e-01,2.394751373582979486e-09,-5.233808315606940376e-01,3.069175485563952410e-07
3.140000000000000000e+02,1.658810603328018662e-01,5.236003568632305871e-01,2.301119136180624119e-09,-5.233808303317919464e-01,2.949364922547678694e-07
3.150000000000000000e+02,1.658810609986546003e-01,5.236003568724437729e-01,2.211156765636282223e-09,-5.233808291508622590e-01,2.834231253295700771e-07
3.160000000000000000e+02,1.658810616385175407e-01,5.236003568812968023e-01,2.124718801829788149e-09,-5.233808280160322512e-01,2.723591931711065540e-07
3.170000000000000000e+02,1.658810622534049872e-01,5.236003568898037752e-01,2.041667099096825837e-09,-5.233808269255024737e-01,2.617271510318216416e-07
3.180000000000000000e+02,1.658810628442915769e-01,5.236003568979782363e-01,1.961868509354237621e-09,-5.233808258775435318e-01,2.515101427387129371e-07
3.190000000000000000e+02,1.658810634121140049e-01,5.236003569058331752e-01,1.885195170998087971e-09,-5.233808248704936439e-01,2.416919664391636871e-07
3.200000000000000000e+02,1.658810639577723844e-01,5.236003569133812485e-01,1.811524882961983424e-09,-5.233808239027558651e-01,2.322570539096434457e-07
3.210000000000000000e+02,1.658810644821319680e-01,5.236003569206343355e-01,1.740735982104160545e-09,-5.233808229727956451e-01,2.231904435572714937e-07
3.220000000000000000e+02,1.658810649860241460e-01,5.236003569276039826e-01,1.672718406659175848e-09,-5.233808220791382748e-01,2.144777612402874743e-07
3.230000000000000000e+02,1.658810654702470855e-01,5.236003569343012920e-01,1.607363242858494121e-09,-5.233808212203666654e-01,2.061051911953381951e-07
3.240000000000000000e+02,1.658810659355690331e-01,5.236003569407370328e-01,1.544565627650142157e-09,-5.233808203951189064e-01,1.980594580807134062e-07
3.250000000000000000e+02,1.658810663827277043e-01,5.236003569469213081e-01,1.484222432173463111e-09,-5.233808196020863779e-01,1.903278010276317779e-07
3.260000000000000000e+02,1.658810668124318100e-01,5.236003569528639989e-01,1.426240431266952924e-09,-5.233808188400115302e-01,1.828979617971894442e-07
3.270000000000000000e+02,1.658810672253626661e-01,5.236003569585745421e-01,1.370525904133520946e-09,-5.233808181076858856e-01,1.757581581747873087e-07
3.280000000000000000e+02,1.658810676221751657e-01,5.236003569640620414e-01,1.316990165660194798e-09,-5.233808174039481509e-01,1.688970690304106722e-07
3.290000000000000000e+02,1.658810680034980001e-01,5.236003569693351567e-01,1.265547200426201476e-09,-5.233808167276822187e-01,1.623038154171523835e-07
3.300000000000000000e+02,1.658810683699362409e-01,5.236003569744023256e-01,1.216116429411382571e-09,-5.233808160778158358e-01,1.559679388126798030e-07
3.310000000000000000e+02,1.658810687220705904e-01,5.236003569792715417e-01,1.168617659837332618e-09,-5.233808154533183821e-01,1.498793961150479544e-07
3.320000000000000000e+02,1.658810690604592963e-01,5.236003569839505767e-01,1.122976558698914548e-09,-5.233808148531995386e-01,1.440285308510982169e-07
3.330000000000000000e+02,1.658810693856390961e-01,5.236003569884468689e-01,1.079119580354299326e-09,-5.233808142765076221e-01,1.384060655156740020e-07
3.340000000000000000e+02,1.658810696981253552e-01,5.236003569927676349e-01,1.036976715284484182e-09,-5.233808137223281420e-01,1.330030832839065709e-07
3.350000000000000000e+02,1.658810699984137327e-01,5.236003569969196469e-01,9.964790732715837460e-10,-5.233808131897822458e-01,1.278110170797517660e-07
3.360000000000000000e+02,1.658810702869803200e-01,5.236003570009094554e-01,9.575643272401211971e-10,-5.233808126780254977e-01,1.228216325137685502e-07
3.370000000000000000e+02,1.658810705642824179e-01,5.236003570047434996e-01,9.201716086897474340e-10,-5.233808121862462137e-01,1.180270199592781980e-07
3.380000000000000000e+02,1.658810708307602022e-01,5.236003570084277747e-01,8.842388696220818271e-10,-5.233808117136646842e-01,1.134195718739851631e-07
3.390000000000000000e+02,1.658810710868356686e-01,5.236003570119682760e-01,8.497112330338139929e-10,-5.233808112595313977e-01,1.089919864346955248e-07
3.400000000000000000e+02,1.658810713329151032e-01,5.236003570153704434e-01,8.165302673857953857e-10,-5.233808108231262635e-01,1.047372404738000325e-07
3.410000000000000000e+02,1.658810715693888049e-01,5.236003570186398282e-01,7.846475015266098008e-10,-5.233808104037571685e-01,1.006485881576699334e-07
3.420000000000000000e+02,1.658810717966314741e-01,5.236003570217815373e-01,7.540086827606880779e-10,-5.233808100007590891e-01,9.671954450614352723e-08
3.430000000000000000e+02,1.658810720150036555e-01,5.236003570248005667e-01,7.245670460072842811e-10,-5.233808096134929810e-01,9.294387893749160170e-08
3.440000000000000000e+02,1.658810722248512670e-01,5.236003570277016905e-01,6.962755975314110271e-10,-5.233808092413446689e-01,8.931560615258819838e-08
3.450000000000000000e+02,1.658810724265074310e-01,5.236003570304895716e-01,6.690897948915064007e-10,-5.233808088837239580e-01,8.582897010829000331e-08
3.460000000000000000e+02,1.658810726202916697e-01,5.236003570331685397e-01,6.429650381172822642e-10,-5.233808085400637466e-01,8.247844129137886143e-08
3.470000000000000000e+02,1.658810728065115425e-01,5.236003570357429249e-01,6.178620589177563323e-10,-5.233808082098191372e-01,7.925870635508065919e-08
3.480000000000000000e+02,1.658810729854618971e-01,5.236003570382168348e-01,5.937391261613875217e-10,-5.233808078924663265e-01,7.616466245532330084e-08
3.490000000000000000e+02,1.658810731574268948e-01,5.236003570405941554e-01,5.705573449026660750e-10,-5.233808075875021615e-01,7.319139887460897625e-08
3.500000000000000000e+02,1.658810733226790957e-01,5.236003570428786613e-01,5.482808684315605491e-10,-5.233808072944430290e-01,7.033420482695457242e-08
3.510000000000000000e+02,1.658810734814802068e-01,5.236003570450740163e-01,5.268742678827806171e-10,-5.233808070128240786e-01,6.758854954728707434e-08
3.520000000000000000e+02,1.658810736340825265e-01,5.236003570471836621e-01,5.063025949388616118e-10,-5.233808067421987786e-01,6.495007526601615317e-08
3.530000000000000000e+02,1.658810737807277780e-01,5.236003570492109294e-01,4.865341907815913036e-10,-5.233808064821379169e-01,6.241460000885435131e-08
3.540000000000000000e+02,1.658810739216485808e-01,5.236003570511590377e-01,4.675380470317009592e-10,-5.233808062322291565e-01,5.997810075259070750e-08
3.550000000000000000e+02,1.658810740570683395e-01,5.236003570530310958e-01,4.492839385276004132e-10,-5.233808059920761480e-01,5.763671684059174213e-08
3.560000000000000000e+02,1.658810741872017991e-01,5.236003570548299901e-01,4.317424640488431289e-10,-5.233808057612980846e-01,5.538673344279765915e-08
3.570000000000000000e+02,1.658810743122551556e-01,5.236003570565587184e-01,4.148877583201739171e-10,-5.233808055395290371e-01,5.322458434329039808e-08
3.580000000000000000e+02,1.658810744324268616e-01,5.236003570582199451e-01,3.986896252880575108e-10,-5.233808053264171756e-01,5.114684036849197917e-08
3.590000000000000000e+02,1.658810745479077087e-01,5.236003570598163348e-01,3.831242147485195947e-10,-5.233808051216246593e-01,4.915020387147756562e-08
3.600000000000000000e+02,1.658810746588803287e-01,5.236003570613503300e-01,3.681661372781622992e-10,-5.233808049248267480e-01,4.723151151180044990e-08
3.610000000000000000e+02,1.658810747655210249e-01,5.236003570628244841e-01,3.537937991293543001e-10,-5.233808047357112470e-01,4.538772078013626958e-08
3.620000000000000000e+02,1.658810748679988567e-01,5.236003570642411287e-01,3.399814998704857062e-10,-5.233808045539782849e-01,4.361590519581773626e-08
3.630000000000000000e+02,1.658810749664764161e-01,5.236003570656023731e-01,3.267075051083352272e-10,-5.233808043793397591e-01,4.191325641687753035e-08
3.640000000000000000e+02,1.658810750611094953e-01,5.236003570669105489e-01,3.139540452461706704e-10,-5.233808042115185577e-01,4.027707514831005404e-08
3.650000000000000000e+02,1.658810751520486404e-01,5.236003570681676544e-01,3.016967572705777170e-10,-5.233808040502486714e-01,3.870476482458523647e-08
3.660000000000000000e+02,1.658810752394377641e-01,5.236003570693756881e-01,2.899180002262545265e-10,-5.233808038952744157e-01,3.719383245425688890e-08
3.670000000000000000e+02,1.658810753234155055e-01,5.236003570705365373e-01,2.785990239210494927e-10,-5.233808037463498763e-01,3.574188567724393874e-08
3.680000000000000000e+02,1.658810754041149804e-01,5.236003570716520894e-01,2.677225098826853637e-10,-5.233808036032390198e-01,3.434661626896371843e-08
3.690000000000000000e+02,1.658810754816640864e-01,5.236003570727240097e-01,2.572701522964312533e-10,-5.233808034657148056e-01,3.300581731696956481e-08
3.700000000000000000e+02,1.658810755561859751e-01,5.236003570737540747e-01,2.472278175662715191e-10,-5.233808033335591858e-01,3.171735833176096161e-08
3.710000000000000000e+02,1.658810756277986631e-01,5.236003570747439495e-01,2.375777521434232081e-10,-5.233808032065625504e-01,3.047919782159475229e-08
3.720000000000000000e+02,1.658810756966160038e-01,5.236003570756951886e-01,2.283039187665661898e-10,-5.233808030845235049e-01,2.928937215290901928e-08
3.730000000000000000e+02,1.658810757627467991e-01,5.236003570766093462e-01,2.193919329238188392e-10,-5.233808029672485373e-01,2.814599256801017318e-08
3.740000000000000000e+02,1.658810758262961038e-01,5.236003570774877547e-01,2.108266031681697937e-10,-5.233808028545516855e-01,2.704724791925823559e-08
3.750000000000000000e+02,1.658810758873645597e-01,5.236003570783318573e-01,2.025971726898750927e-10,-5.233808027462542034e-01,2.599139636996463345e-08
3.760000000000000000e+02,1.658810759460491169e-01,5.236003570791430972e-01,1.946893329452505936e-10,-5.233808026421843396e-01,2.497676108695227225e-08
3.770000000000000000e+02,1.658810760024430342e-01,5.236003570799225848e-01,1.870880728047662108e-10,-5.233808025421771148e-01,2.400173428034877454e-08
3.780000000000000000e+02,1.658810760566352960e-01,5.236003570806716523e-01,1.797855619716498748e-10,-5.233808024460738784e-01,2.306477105969589586e-08
3.790000000000000000e+02,1.658810761087120556e-01,5.236003570813915209e-01,1.727678994621101074e-10,-5.233808023537223075e-01,2.216438331197813170e-08
3.800000000000000000e+02,1.658810761587559135e-01,5.236003570820833009e-01,1.660231568175568557e-10,-5.233808022649758529e-01,2.129914534296729407e-08
3.810000000000000000e+02,1.658810762068463063e-01,5.236003570827481024e-01,1.595413993619874311e-10,-5.233808021796938492e-01,2.046768306836769515e-08
3.820000000000000000e+02,1.658810762530593952e-01,5.236003570833869247e-01,1.533120182897948178e-10,-5.233808020977410713e-01,1.966867925709347755e-08
3.830000000000000000e+02,1.658810762974683162e-01,5.236003570840007670e-01,1.473264791593628202e-10,-5.233808020189874011e-01,1.890086797353054060e-08
3.840000000000000000e+02,1.658810763401437904e-01,5.236003570845906285e-01,1.415756029440168479e-10,-5.233808019433081604e-01,1.816302660290843035e-08
3.850000000000000000e+02,1.658810763811532363e-01,5.236003570851575084e-01,1.360496668801326949e-10,-5.233808018705832232e-01,1.745399131564884522e-08
3.860000000000000000e+02,1.658810764205616850e-01,5.236003570857022948e-01,1.307383518903731437e-10,-5.233808018006972373e-01,1.677263442153575971e-08
3.870000000000000000e+02,1.658810764584320030e-01,5.236003570862257650e-01,1.256335330841376331e-10,-5.233808017335394025e-01,1.611787507144622556e-08
3.880000000000000000e+02,1.658810764948237537e-01,5.236003570867288071e-01,1.207291674567164759e-10,-5.233808016690032483e-01,1.548867584341870686e-08
3.890000000000000000e+02,1.658810765297951129e-01,5.236003570872121982e-01,1.160160874652604019e-10,-5.233808016069864122e-01,1.488403840871131875e-08
3.900000000000000000e+02,1.658810765634011752e-01,5.236003570876767155e-01,1.114873271178072526e-10,-5.233808015473905284e-01,1.430300521617515533e-08
3.910000000000000000e+02,1.658810765956953148e-01,5.236003570881231362e-01,1.071354157711624816e-10,-5.233808014901211170e-01,1.374465256236444855e-08
3.920000000000000000e+02,1.658810766267289905e-01,5.236003570885521263e-01,1.029525352705560703e-10,-5.233808014350873616e-01,1.320809722712249568e-08
3.930000000000000000e+02,1.658810766565509132e-01,5.236003570889643521e-01,9.893301033792237680e-11,-5.233808013822019989e-01,1.269248758309966646e-08
3.940000000000000000e+02,1.658810766852089058e-01,5.236003570893604797e-01,9.507083023350175390e-11,-5.233808013313810958e-01,1.219700657185143129e-08
3.950000000000000000e+02,1.658810767127479879e-01,5.236003570897411752e-01,9.135955618040436670e-11,-5.233808012825441613e-01,1.172086691195238940e-08
3.960000000000000000e+02,1.658810767392120689e-01,5.236003570901069937e-01,8.779241159026835988e-11,-5.233808012356137018e-01,1.126331570762718698e-08
3.970000000000000000e+02,1.658810767646431150e-01,5.236003570904584903e-01,8.436488533073701628e-11,-5.233808011905152213e-01,1.082362600937023223e-08
3.980000000000000000e+02,1.658810767890813997e-01,5.236003570907963311e-01,8.107214091508930195e-11,-5.233808011471773325e-01,1.040109894110576949e-08
3.990000000000000000e+02,1.658810768125656976e-01,5.236003570911209604e-01,7.790638371149320488e-11,-5.233808011055312015e-01,9.995068596356520728e-09
4.000000000000000000e+02,1.658810768351331733e-01,5.236003570914329330e-01,7.486474344421467003e-11,-5.233808010655108811e-01,9.604886772063861737e-09
4.010000000000000000e+02,1.658810768568196314e-01,5.236003570917326932e-01,7.194145788931551876e-11,-5.233808010270527555e-01,9.229938263169256262e-09
4.020000000000000000e+02,1.658810768776596278e-01,5.236003570920207961e-01,6.913310233169096508e-11,-5.233808009900959846e-01,8.869624096109927041e-09
4.030000000000000000e+02,1.658810768976861361e-01,5.236003570922975747e-01,6.643331957816532744e-11,-5.233808009545819484e-01,8.523377320662717711e-09
4.040000000000000000e+02,1.658810769169307142e-01,5.236003570925635842e-01,6.384077007366809911e-11,-5.233808009204542477e-01,8.190647546091081589e-09
4.050000000000000000e+02,1.658810769354240877e-01,5.236003570928191575e-01,6.134859882222102359e-11,-5.233808008876588147e-01,7.870906762670255347e-09
4.060000000000000000e+02,1.658810769531953999e-01,5.236003570930648499e-01,5.895494183089672447e-11,-5.233808008561435798e-01,7.563647493813432719e-09
4.070000000000000000e+02,1.658810769702732668e-01,5.236003570933008833e-01,5.665242539728751052e-11,-5.233808008258586941e-01,7.268381230000467748e-09
4.080000000000000000e+02,1.658810769866841950e-01,5.236003570935277018e-01,5.444142667315073948e-11,-5.233808007967559739e-01,6.984644146482375634e-09
4.090000000000000000e+02,1.658810770024545800e-01,5.236003570937456386e-01,5.231676329838928144e-11,-5.233808007687893449e-01,6.711981208183434892e-09
4.100000000000000000e+02,1.658810770176092908e-01,5.236003570939551377e-01,5.027568472975188362e-11,-5.233808007419145092e-01,6.449962222216623899e-09
4.110000000000000000e+02,1.658810770321725303e-01,5.236003570941564211e-01,4.831259953760568291e-11,-5.233808007160888343e-01,6.198172695281092538e-09
4.120000000000000000e+02,1.658810770461670858e-01,5.236003570943498220e-01,4.642706664348900905e-11,-5.233808006912712418e-01,5.956213906682168529e-09
4.130000000000000000e+02,1.658810770596153283e-01,5.236003570945356733e-01,4.461571774361055480e-11,-5.233808006674225410e-01,5.723698008594169347e-09
4.140000000000000000e+02,1.658810770725386574e-01,5.236003570947143082e-01,4.287508502496832841e-11,-5.233808006445047623e-01,5.500261668657503219e-09
4.150000000000000000e+02,1.658810770849574734e-01,5.236003570948859487e-01,4.120149362154003521e-11,-5.233808006224816012e-01,5.285545931776165719e-09
4.160000000000000000e+02,1.658810770968915382e-01,5.236003570950509278e-01,3.959369819669687210e-11,-5.233808006013181968e-01,5.079210801562078191e-09
4.170000000000000000e+02,1.658810771083597535e-01,5.236003570952094677e-01,3.804774895344706348e-11,-5.233808005809810204e-01,4.880931373014254548e-09
4.180000000000000000e+02,1.658810771193803268e-01,5.236003570953617903e-01,3.656212230948091944e-11,-5.233808005614377645e-01,4.690394031141287080e-09
4.190000000000000000e+02,1.658810771299704390e-01,5.236003570955082287e-01,3.513517891021732837e-11,-5.233808005426573429e-01,4.507295193220875263e-09
4.200000000000000000e+02,1.658810771401473816e-01,5.236003570956488939e-01,3.376243685915150410e-11,-5.233808005246101125e-01,4.331341661324692123e-09
4.210000000000000000e+02,1.658810771499268366e-01,5.236003570957841191e-01,3.244464719158927993e-11,-5.233808005072673186e-01,4.162258564364849961e-09
4.220000000000000000e+02,1.658810771593249855e-01,5.236003570959140152e-01,3.117706237256459024e-11,-5.233808004906016498e-01,3.999773215623540827e-09
4.230000000000000000e+02,1.658810771683558449e-01,5.236003570960388043e-01,2.996019006701572298e-11,-5.233808004745864606e-01,3.843634230547275014e-09
4.240000000000000000e+02,1.658810771770341808e-01,5.236003570961588194e-01,2.879167284843804982e-11,-5.233808004591965490e-01,3.693588089731504858e-09
4.250000000000000000e+02,1.658810771853737598e-01,5.236003570962740605e-01,2.766641948829333373e-11,-5.233808004444073791e-01,3.549401042416619995e-09
4.260000000000000000e+02,1.658810771933879047e-01,5.236003570963848608e-01,2.658724911868609780e-11,-5.233808004301955252e-01,3.410842174997411391e-09
4.270000000000000000e+02,1.658810772010890777e-01,5.236003570964913312e-01,2.554882365983572624e-11,-5.233808004165384498e-01,3.277691621224128727e-09
4.280000000000000000e+02,1.658810772084897966e-01,5.236003570965935827e-01,2.455102877291749723e-11,-5.233808004034145034e-01,3.149738702375880187e-09
4.290000000000000000e+02,1.658810772156013857e-01,5.236003570966918375e-01,2.359368023736746837e-11,-5.233808003908029249e-01,3.026780125100484044e-09
4.300000000000000000e+02,1.658810772224355579e-01,5.236003570967863174e-01,2.267383963424528142e-11,-5.233808003786836194e-01,2.908622882550956187e-09
4.310000000000000000e+02,1.658810772290028324e-01,5.236003570968771337e-01,2.178844319566809010e-11,-5.233808003670374909e-01,2.795077090386350310e-09
4.320000000000000000e+02,1.658810772353137564e-01,5.236003570969643972e-01,2.093702148826386175e-11,-5.233808003558459987e-01,2.685965459797339944e-09
4.330000000000000000e+02,1.658810772413782941e-01,5.236003570970482190e-01,2.011903665739424701e-11,-5.233808003450913793e-01,2.581113715088769402e-09
4.340000000000000000e+02,1.658810772472060213e-01,5.236003570971288212e-01,1.933380669541646591e-11,-5.233808003347565352e-01,2.480354318368902230e-09
4.350000000000000000e+02,1.658810772528065414e-01,5.236003570972062038e-01,1.857796441133001225e-11,-5.233808003248251461e-01,2.383526940766458065e-09
4.360000000000000000e+02,1.658810772581881532e-01,5.236003570972805887e-01,1.785339631856201143e-11,-5.233808003152814470e-01,2.290479507323907167e-09
4.370000000000000000e+02,1.658810772633598218e-01,5.236003570973520871e-01,1.715653882968349991e-11,-5.233808003061103387e-01,2.201064129814295719e-09
4.380000000000000000e+02,1.658810772683295687e-01,5.236003570974208099e-01,1.648649640978892607e-11,-5.233808002972972773e-01,2.115140450573396572e-09
4.390000000000000000e+02,1.658810772731052485e-01,5.236003570974868682e-01,1.584222807463374775e-11,-5.233808002888282740e-01,2.032571562702506247e-09
4.400000000000000000e+02,1.658810772776946330e-01,5.236003570975502619e-01,1.522266354411782952e-11,-5.233808002806897841e-01,1.953226024760884688e-09
4.410000000000000000e+02,1.658810772821046053e-01,5.236003570976112131e-01,1.462933197317595543e-11,-5.233808002728690401e-01,1.876975879839663151e-09
4.420000000000000000e+02,1.658810772863426874e-01,5.236003570976698329e-01,1.405841573792449042e-11,-5.233808002653536073e-01,1.803703673441942263e-09
4.430000000000000000e+02,1.658810772904152631e-01,5.236003570977261212e-01,1.350862210304385487e-11,-5.233808002581316066e-01,1.733291363126626267e-09
4.440000000000000000e+02,1.658810772943287160e-01,5.236003570977801891e-01,1.298133182986215696e-11,-5.233808002511914914e-01,1.665629463527938175e-09
4.450000000000000000e+02,1.658810772980895132e-01,5.236003570978321475e-01,1.247517756748749315e-11,-5.233808002445222707e-01,1.600607726534200023e-09
4.460000000000000000e+02,1.658810773017033724e-01,5.236003570978821076e-01,1.198877409327393631e-11,-5.233808002381133972e-01,1.538123917626817941e-09
4.470000000000000000e+02,1.658810773051763165e-01,5.236003570979300692e-01,1.152061665040602120e-11,-5.233808002319547681e-01,1.478078937022297820e-09
4.480000000000000000e+02,1.658810773085135915e-01,5.236003570979762545e-01,1.107189835280087310e-11,-5.233808002260365022e-01,1.420379700316255879e-09
4.490000000000000000e+02,1.658810773117207760e-01,5.236003570980205524e-01,1.063836471381951202e-11,-5.233808002203492737e-01,1.364931025310542913e-09
4.500000000000000000e+02,1.658810773148025330e-01,5.236003570980631849e-01,1.022380378192204192e-11,-5.233808002148840899e-01,1.311647019043351845e-09
4.510000000000000000e+02,1.658810773177641362e-01,5.236003570981041522e-01,9.823898169611094742e-12,-5.233808002096322909e-01,1.260444158675804778e-09
4.520000000000000000e+02,1.658810773206099987e-01,5.236003570981434541e-01,9.439622090146320934e-12,-5.233808002045854391e-01,1.211240763484439312e-09
4.530000000000000000e+02,1.658810773233447833e-01,5.236003570981812016e-01,9.071947119089049221e-12,-5.233808001997356518e-01,1.163957298538324034e-09
4.540000000000000000e+02,1.658810773259727367e-01,5.236003570982175059e-01,8.719083799168303230e-12,-5.233808001950751576e-01,1.118520187902992508e-09
4.550000000000000000e+02,1.658810773284981610e-01,5.236003570982523669e-01,8.379292866868099658e-12,-5.233808001905966290e-01,1.074856664127997862e-09
4.560000000000000000e+02,1.658810773309249975e-01,5.236003570982858957e-01,8.053385540219153232e-12,-5.233808001862928494e-01,1.032898433578158809e-09
4.570000000000000000e+02,1.658810773332571598e-01,5.236003570983180921e-01,7.739494598391981491e-12,-5.233808001821571576e-01,9.925757626040944686e-10
4.580000000000000000e+02,1.658810773354980339e-01,5.236003570983490674e-01,7.438450461060202418e-12,-5.233808001781828922e-01,9.538300291011362595e-10
4.590000000000000000e+02,1.658810773376516445e-01,5.236003570983788213e-01,7.148289813649994633e-12,-5.233808001743637250e-01,9.165960096867836446e-10
4.600000000000000000e+02,1.658810773397211558e-01,5.236003570984074651e-01,6.869749103865715674e-12,-5.233808001706936608e-01,8.808143653915642309e-10
4.610000000000000000e+02,1.658810773417099538e-01,5.236003570984349986e-01,6.600840807027269304e-12,-5.233808001671668153e-01,8.464300695610471406e-10
4.620000000000000000e+02,1.658810773436212305e-01,5.236003570984614219e-01,6.342244403231141108e-12,-5.233808001637777485e-01,8.133860834076245400e-10
4.630000000000000000e+02,1.658810773454576781e-01,5.236003570984868460e-01,6.094591308727965666e-12,-5.233808001605209093e-01,7.816349147233747701e-10
4.640000000000000000e+02,1.658810773472226274e-01,5.236003570985112709e-01,5.855831456414020396e-12,-5.233808001573911906e-01,7.511214518244544101e-10
4.650000000000000000e+02,1.658810773489186319e-01,5.236003570985346967e-01,5.626548072968668367e-12,-5.233808001543837074e-01,7.217983968057762377e-10
4.660000000000000000e+02,1.658810773505483283e-01,5.236003570985572342e-01,5.407319098733934551e-12,-5.233808001514935748e-01,6.936215137138847528e-10
4.670000000000000000e+02,1.658810773521144644e-01,5.236003570985788835e-01,5.196023048826722305e-12,-5.233808001487163519e-01,6.665434176627162798e-10
4.680000000000000000e+02,1.658810773536194549e-01,5.236003570985996447e-01,4.993157100701041671e-12,-5.233808001460474868e-01,6.405241225216924887e-10
4.690000000000000000e+02,1.658810773550656315e-01,5.236003570986196287e-01,4.799271988575758830e-12,-5.233808001434828716e-01,6.155199750117869645e-10
4.700000000000000000e+02,1.658810773564553531e-01,5.236003570986388356e-01,4.612134281213718665e-12,-5.233808001410182875e-01,5.914930877536792782e-10
4.710000000000000000e+02,1.658810773577907849e-01,5.236003570986572653e-01,4.432237989602005032e-12,-5.233808001386499598e-01,5.684022146657983164e-10
4.720000000000000000e+02,1.658810773590741472e-01,5.236003570986750288e-01,4.260019979415733501e-12,-5.233808001363741136e-01,5.462143002249293763e-10
4.730000000000000000e+02,1.658810773603073274e-01,5.236003570986921263e-01,4.093258746273385293e-12,-5.233808001341870852e-01,5.248928810756839098e-10
4.740000000000000000e+02,1.658810773614925738e-01,5.236003570987085576e-01,3.932333399074725794e-12,-5.233808001320854331e-01,5.044031345015825721e-10
4.750000000000000000e+02,1.658810773626313573e-01,5.236003570987243227e-01,3.777669649324982853e-12,-5.233808001300658264e-01,4.847130475482196188e-10
4.760000000000000000e+02,1.658810773637258429e-01,5.236003570987394218e-01,3.629628628688345207e-12,-5.233808001281250455e-01,4.657918715158404822e-10
4.770000000000000000e+02,1.658810773647775016e-01,5.236003570987539657e-01,3.488576416133150536e-12,-5.233808001262599818e-01,4.476086232767029325e-10
4.780000000000000000e+02,1.658810773657881099e-01,5.236003570987679545e-01,3.352226634661873265e-12,-5.233808001244677488e-01,4.301346150678361259e-10
4.790000000000000000e+02,1.658810773667593608e-01,5.236003570987813882e-01,3.220886859739515560e-12,-5.233808001227454598e-01,4.133431271741852052e-10
4.800000000000000000e+02,1.658810773676927253e-01,5.236003570987942668e-01,3.094888599302243621e-12,-5.233808001210904504e-01,3.972063368185932068e-10
