# Time, SliderHeight, Motor1Pos, Motor1Vel, Motor2Pos, Motor2Vel
0.000000000000000000e+00,2.600000000000000089e-01,0.000000000000000000e+00,0.000000000000000000e+00,0.000000000000000000e+00,0.000000000000000000e+00
1.000000000000000000e+00,-4.505708818426021889e-01,7.064348459243773894e-03,1.695443630218505859e+00,7.988063356094624382e-03,1.917135205462709768e+00
2.000000000000000000e+00,-1.290992981749204960e-01,1.584289610385894789e-02,2.106851434707641690e+00,1.051441930326172010e-02,6.063254273201030831e-01
3.000000000000000000e+00,2.764087128605961508e-01,2.588760977983475126e-02,2.410731282234192641e+00,1.312009464650873425e-02,6.253620823792832573e-01
4.000000000000000000e+00,1.539725965879688019e-01,3.802579753994941858e-02,2.913165062427521157e+00,1.341409305120629981e-02,7.055961712741576353e-02
5.000000000000000000e+00,1.742889416893194099e-01,5.170724493324756893e-02,3.283547374391556417e+00,1.157067147727427678e-02,-4.424211777436857229e-01
6.000000000000000000e+00,1.538796318341283942e-01,6.704532237702608144e-02,3.681138586506842891e+00,7.412729541293728436e-03,-9.979060646353317132e-01
7.000000000000000000e+00,2.726860775843376050e-02,8.630291043389440309e-02,4.621821133648395197e+00,-4.079152545934898802e-03,-2.758051700934870620e+00
8.000000000000000000e+00,-1.073623894476007368e-01,1.100291021347218900e-01,5.694286008198596427e+00,-2.254089353617929475e-02,-4.430817837658654668e+00
9.000000000000000000e+00,3.058362419009324484e-01,1.337055332374728345e-01,5.682343464660228882e+00,-4.101281907226635159e-02,-4.433262128660892643e+00
1.000000000000000000e+01,3.861784205503266953e-01,1.564980358104846037e-01,5.470200617522821496e+00,-5.883303828380370692e-02,-4.276852610768965945e+00
1.100000000000000000e+01,4.138631172011498771e-01,1.776562878687031055e-01,5.077980493972441778e+00,-7.472149079992426723e-02,-3.813228603868933586e+00
1.200000000000000000e+01,3.986978589628262237e-01,1.968206717847746923e-01,4.599452139857179489e+00,-8.786906480313919077e-02,-3.155417760771580760e+00
1.300000000000000000e+01,3.516125280197452407e-01,2.144419927250411084e-01,4.229117025663942542e+00,-9.908467461486203387e-02,-2.691746354813483677e+00
1.400000000000000000e+01,2.698768299454778474e-01,2.304908316300272320e-01,3.851721337196670980e+00,-1.081892186089117164e-01,-2.185090558571924468e+00
1.500000000000000000e+01,-1.766889072297740948e-01,2.450726760297381457e-01,3.499642655930616186e+00,-1.150304138973735762e-01,-1.641886869230845702e+00
1.600000000000000000e+01,-2.968324551720901150e-01,2.584507882180240856e-01,3.210746925188628254e+00,-1.196239644570991079e-01,-1.102452134334128697e+00
1.700000000000000000e+01,-3.337283969801462247e-01,2.712192850931668398e-01,3.064439250034267648e+00,-1.228550095215897031e-01,-7.754508154777417506e-01
1.800000000000000000e+01,-3.536736804347141994e-01,2.839469657204315989e-01,3.054643350543537306e+00,-1.260662155320161903e-01,-7.706894425023551598e-01
1.900000000000000000e+01,-3.338701596471829181e-01,2.965739201779752365e-01,3.030469069810471705e+00,-1.298703709515852678e-01,-9.129973006965774740e-01
2.000000000000000000e+01,3.336932909598745445e-01,3.089096514556517459e-01,2.960575506642365795e+00,-1.340364479460604552e-01,-9.998584786740425390e-01
2.100000000000000000e+01,5.967408223541348367e-01,3.209368200457433096e-01,2.886520461621975286e+00,-1.382648018349415808e-01,-1.014804933331467707e+00
2.200000000000000000e+01,3.229069481103069017e-01,3.327359269281929266e-01,2.831785651787903646e+00,-1.425382525409642498e-01,-1.025628169445441884e+00
2.300000000000000000e+01,2.539309273983741955e-01,3.444071987468634855e-01,2.801105236480938121e+00,-1.469788250967355159e-01,-1.065737413385106080e+00
2.400000000000000000e+01,2.379906430416354746e-01,3.559885364054413137e-01,2.779521038058675231e+00,-1.517485169479655671e-01,-1.144726044295213629e+00
2.500000000000000000e+01,1.229902115580085581e-01,3.673147029803222052e-01,2.718279977971420180e+00,-1.568835152666478716e-01,-1.232399596483753523e+00
2.600000000000000000e+01,1.906016094159321828e-01,3.782583177491940507e-01,2.626467544529240694e+00,-1.621712886243929785e-01,-1.269065605858824552e+00
2.700000000000000000e+01,1.798187825167561482e-01,3.888148874397295285e-01,2.533576725728516443e+00,-1.673128061352973650e-01,-1.233964202617049866e+00
2.800000000000000000e+01,1.633715763875459026e-01,3.990364203164862289e-01,2.453167890421613428e+00,-1.720219521490101433e-01,-1.130195043291069457e+00
2.900000000000000000e+01,1.550328857736213151e-01,4.088849660134065700e-01,2.363650967260876090e+00,-1.762155124517787996e-01,-1.006454472664476407e+00
3.000000000000000000e+01,1.639498164331726626e-01,4.182748350239242630e-01,2.253568562524247643e+00,-1.799193508856604673e-01,-8.889212241316030161e-01
3.100000000000000000e+01,1.684842651112548051e-01,4.271432476701143566e-01,2.128419035085616251e+00,-1.832338752450563268e-01,-7.954858462550087328e-01
3.200000000000000000e+01,1.694550634844226578e-01,4.354608819599014025e-01,1.996232229548895454e+00,-1.861640719994384074e-01,-7.032472210516984568e-01
3.300000000000000000e+01,1.742067509819295312e-01,4.432121365411357261e-01,1.860301099496234567e+00,-1.888155931256197129e-01,-6.363650702835106365e-01
3.400000000000000000e+01,1.716423360064581460e-01,4.504111274310766411e-01,1.727757813585821367e+00,-1.911298882019361878e-01,-5.554308183159515355e-01
3.500000000000000000e+01,1.710686385590227676e-01,4.570842204298448119e-01,1.601542319704364115e+00,-1.931203606685061580e-01,-4.777133919767920234e-01
3.600000000000000000e+01,1.767584163646909734e-01,4.632307664578367845e-01,1.475171046718077639e+00,-1.949398002562751919e-01,-4.366655010645701385e-01
3.700000000000000000e+01,1.798039234962083566e-01,4.688595511935741977e-01,1.350908336576974733e+00,-1.966507318778961955e-01,-4.106235891890394618e-01
3.800000000000000000e+01,1.812885364779417141e-01,4.739952544947684254e-01,1.232568792286619086e+00,-1.982699756839755578e-01,-3.886185134590456336e-01
3.900000000000000000e+01,1.822340073601921573e-01,4.786697084230270849e-01,1.121868942782073608e+00,-1.997978372263388980e-01,-3.666867701672029689e-01
4.000000000000000000e+01,1.843367490046929347e-01,4.829176891912800307e-01,1.019515384380711875e+00,-2.012827431602658146e-01,-3.563774241424623734e-01
4.100000000000000000e+01,1.865841972595001785e-01,4.867722954514371314e-01,9.251055024377008440e-01,-2.027687304363032239e-01,-3.566369462489760722e-01
4.200000000000000000e+01,1.884298166111246786e-01,4.902655094411456638e-01,8.383713575300519860e-01,-2.042704460281654366e-01,-3.604117420469316047e-01
4.300000000000000000e+01,1.908852614012681304e-01,4.934279986810631846e-01,7.589974175802034484e-01,-2.058329696747825677e-01,-3.750056751881127859e-01
4.400000000000000000e+01,1.936970898174986411e-01,4.962882818513113525e-01,6.864679608595585236e-01,-2.075121736392027960e-01,-4.030089514608525825e-01
4.500000000000000000e+01,1.966990879972110307e-01,4.988728483080984710e-01,6.202959496289099928e-01,-2.093628132999814095e-01,-4.441535185868674129e-01
4.600000000000000000e+01,1.993048801272441495e-01,5.012065159882042042e-01,5.600802432253679797e-01,-2.113837576775568494e-01,-4.850266506181076243e-01
4.700000000000000000e+01,2.017063438233897832e-01,5.033126104720292426e-01,5.054626761180094352e-01,-2.135548723379984692e-01,-5.210675185059905345e-01
4.800000000000000000e+01,2.039769689286087817e-01,5.052128865173497463e-01,4.560662508769181001e-01,-2.158389336714874596e-01,-5.481747200373560114e-01
4.900000000000000000e+01,2.032615033243976577e-01,5.069262952666817590e-01,4.112180998396895437e-01,-2.183046506074096116e-01,-5.917720646213137092e-01
5.000000000000000000e+01,2.006208425459586331e-01,5.084702465887100953e-01,3.705483172867881647e-01,-2.210235684718517002e-01,-6.525402874660983787e-01
5.100000000000000000e+01,1.987121006814611124e-01,5.098601008017576985e-01,3.335650111314260591e-01,-2.239804288393018039e-01,-7.096464881880240050e-01
5.200000000000000000e+01,1.973120528717410282e-01,5.111105285191289704e-01,3.001026521691091409e-01,-2.271126676183505833e-01,-7.517373069717069312e-01
5.300000000000000000e+01,1.965114231054128358e-01,5.122353889438890917e-01,2.699665019424176138e-01,-2.303132267518589738e-01,-7.681341920420158287e-01
5.400000000000000000e+01,1.960877533039381282e-01,5.132477037215282811e-01,2.429555466334146485e-01,-2.334697561017355094e-01,-7.575670439703674486e-01
5.500000000000000000e+01,1.958363352820039482e-01,5.141594665143539578e-01,2.188230702781669146e-01,-2.364857777850613574e-01,-7.238452039982046227e-01
5.600000000000000000e+01,1.956873258309988484e-01,5.149817457998087100e-01,1.973470285091286636e-01,-2.392788068858138217e-01,-6.703269841805882256e-01
5.700000000000000000e+01,1.954971304688646605e-01,5.157241455797220153e-01,1.781759471792013771e-01,-2.417970958120461977e-01,-6.043893422957715700e-01
5.800000000000000000e+01,1.952551944298971109e-01,5.163950710371615349e-01,1.610221097854930283e-01,-2.440168258041495175e-01,-5.327351981047938612e-01
5.900000000000000000e+01,1.949789619196942159e-01,5.170018841810959387e-01,1.456351545442493567e-01,-2.459370639762796795e-01,-4.608571613112358301e-01
6.000000000000000000e+01,1.946914482487024090e-01,5.175509724010177726e-01,1.317811727812426836e-01,-2.475739759363324299e-01,-3.928588704126620978e-01
6.100000000000000000e+01,1.944111990341603202e-01,5.180479532172520551e-01,1.192753958962213395e-01,-2.489551790497832595e-01,-3.314887472281993763e-01
6.200000000000000000e+01,1.941483316375724189e-01,5.184978227934465833e-01,1.079686982866748940e-01,-2.501146842190051234e-01,-2.782812406132535998e-01
6.300000000000000000e+01,1.939051647282343249e-01,5.189049823094532554e-01,9.771828384159420011e-02,-2.510886653497512722e-01,-2.337554713790737093e-01
6.400000000000000000e+01,1.936799995595426260e-01,5.192733928271413557e-01,8.841852424513194086e-02,-2.519123105023920450e-01,-1.976748366337856277e-01
6.500000000000000000e+01,1.934696314928848471e-01,5.196066193022055302e-01,7.997435401541419520e-02,-2.526175422516278024e-01,-1.692556198165854064e-01
6.600000000000000000e+01,1.932639600925858125e-01,5.199078821157462338e-01,7.230307524977520883e-02,-2.532350370086534630e-01,-1.481987416861548779e-01
6.700000000000000000e+01,1.930401120285410166e-01,5.201800438479012856e-01,6.531881571721527557e-02,-2.538016482206383317e-01,-1.359866908763734394e-01
6.800000000000000000e+01,1.928337342514427344e-01,5.204257046625648808e-01,5.895859551925690389e-02,-2.543360362150989817e-01,-1.282531186705535842e-01
6.900000000000000000e+01,1.926469332853736338e-01,5.206473239165944067e-01,5.318862096707840936e-02,-2.548461827432524363e-01,-1.224351667568237961e-01
7.000000000000000000e+01,1.924806729212608092e-01,5.208471984777065522e-01,4.796989466690688986e-02,-2.553342496919932536e-01,-1.171360676977956233e-01
7.100000000000000000e+01,1.923345143111422906e-01,5.210274432105654885e-01,4.325873588615058302e-02,-2.557995214123021666e-01,-1.116652128741426470e-01
7.200000000000000000e+01,1.922067031124773673e-01,5.211899734142955154e-01,3.900724889521876848e-02,-2.562402809363267808e-01,-1.057822857659015542e-01
7.300000000000000000e+01,1.920952793204341591e-01,5.213365366999686001e-01,3.517518856154228796e-02,-2.566548101396325388e-01,-9.948700879337718517e-02
7.400000000000000000e+01,1.919982185373844685e-01,5.214687297594179372e-01,3.172633426784438743e-02,-2.570418935165292296e-01,-9.290001045520014655e-02
7.500000000000000000e+01,1.919134013990991816e-01,5.215879657734650010e-01,2.861664337128581870e-02,-2.574009586539845462e-01,-8.617563298927131965e-02
7.600000000000000000e+01,1.918391393016715407e-01,5.216955285258577657e-01,2.581506057425566117e-02,-2.577321013318056853e-01,-7.947424267707296763e-02
7.700000000000000000e+01,1.917739010932003607e-01,5.217925734222059742e-01,2.329077512357968782e-02,-2.580359918889698623e-01,-7.293373371940226058e-02
7.800000000000000000e+01,1.917164371678750923e-01,5.218801403283480633e-01,2.101605747409085803e-02,-2.583137164669616626e-01,-6.665389871803385768e-02
7.900000000000000000e+01,1.916655912242136162e-01,5.219591532056412353e-01,1.896309055035901026e-02,-2.585666550732822477e-01,-6.070526551694515466e-02
8.000000000000000000e+01,1.916205254161089389e-01,5.220304674745988027e-01,1.711542454981776831e-02,-2.587964288629710508e-01,-5.514570952531231557e-02
8.100000000000000000e+01,1.915802952333828524e-01,5.220948173209065679e-01,1.544396311385740593e-02,-2.590047238233850746e-01,-4.999079049936634017e-02
8.200000000000000000e+01,1.915444728469590796e-01,5.221528997103339620e-01,1.393977346257687343e-02,-2.591932872986535408e-01,-4.525523406443509450e-02
8.300000000000000000e+01,1.915124773075700948e-01,5.222053330779361513e-01,1.258400822452957271e-02,-2.593639799973934679e-01,-4.096624769757872819e-02
8.400000000000000000e+01,1.914830551941565095e-01,5.222526977909843771e-01,1.136753113158163811e-02,-2.595196561283913406e-01,-3.736227143948858687e-02
8.500000000000000000e+01,1.914518973982964056e-01,5.222955093511123525e-01,1.027477443072285883e-02,-2.596617131464215023e-01,-3.409368432723582087e-02
8.600000000000000000e+01,1.914312970385199653e-01,5.223342968212125736e-01,9.308992824042001610e-03,-2.597956139262697084e-01,-3.213618716357580229e-02
8.700000000000000000e+01,1.913930302935898109e-01,5.223692176480436711e-01,8.380998439457207350e-03,-2.599150677094662631e-01,-2.866890796717265141e-02
8.800000000000000000e+01,1.914172693393327296e-01,5.224006863141013035e-01,7.552479853820515121e-03,-2.600294980362995445e-01,-2.746327843998114943e-02
8.900000000000000000e+01,1.913510138342165989e-01,5.224292063968866140e-01,6.844819868483805955e-03,-2.601297968361339086e-01,-2.407171196025132895e-02
9.000000000000000000e+01,1.913946404363486287e-01,5.224549010697536744e-01,6.166721488102508940e-03,-2.602251368721164027e-01,-2.288160863579992085e-02
9.100000000000000000e+01,1.913252759703226169e-01,5.224782273514093633e-01,5.598307597369993165e-03,-2.603077381077097407e-01,-1.982429654240271816e-02
9.200000000000000000e+01,1.913834995506977776e-01,5.224992517344939635e-01,5.045851940311838445e-03,-2.603857905049572485e-01,-1.873257533940068942e-02
9.300000000000000000e+01,1.913045277891925466e-01,5.225183644523168081e-01,4.587052277473985945e-03,-2.604550717924661862e-01,-1.662750900214624711e-02
9.400000000000000000e+01,1.913324160070950797e-01,5.225355145383975275e-01,4.116020659370631628e-03,-2.605208742370141994e-01,-1.579258669151996711e-02
9.500000000000000000e+01,1.912859569421371808e-01,5.225511154775926981e-01,3.744225406831466416e-03,-2.605767324069289681e-01,-1.340596077954112238e-02
9.600000000000000000e+01,1.913363906209187004e-01,5.225651625714986537e-01,3.371302537422912228e-03,-2.606290771573635534e-01,-1.256274010430039230e-02
9.700000000000000000e+01,1.912904241489289114e-01,5.225778034820224294e-01,3.033818525711340971e-03,-2.606793506023605267e-01,-1.206562679927266311e-02
9.800000000000000000e+01,1.912648265019976923e-01,5.225893596724261458e-01,2.773485696884449899e-03,-2.607207497098524840e-01,-9.935785798066669103e-03
9.900000000000000000e+01,1.913062876045062144e-01,5.225997442508379942e-01,2.492298818830711131e-03,-2.607591418428251706e-01,-9.214111913441611068e-03
1.000000000000000000e+02,1.912794966987162726e-01,5.226090992185271622e-01,2.245192245388159466e-03,-2.607958225207925307e-01,-8.803362712167125959e-03
1.010000000000000000e+02,1.912536654303420569e-01,5.226175153885195268e-01,2.019880798165065664e-03,-2.608313713864860994e-01,-8.531727766450449349e-03
1.020000000000000000e+02,1.912450697589882787e-01,5.226252560406668968e-01,1.857756515361995821e-03,-2.608586110814831716e-01,-6.537526799296707047e-03
1.030000000000000000e+02,1.912756179452249627e-01,5.226322159333740558e-01,1.670374249706676854e-03,-2.608831955269993452e-01,-5.900266923882519464e-03
1.040000000000000000e+02,1.912627711045134793e-01,5.226384992309723865e-01,1.507991423598620566e-03,-2.609063600939782179e-01,-5.559496074923286034e-03
1.050000000000000000e+02,1.912508887917808986e-01,5.226441496427531863e-01,1.356098827394493439e-03,-2.609286578471358697e-01,-5.351460757834902195e-03
1.060000000000000000e+02,1.912392743560966668e-01,5.226492302531646761e-01,1.219346498751088014e-03,-2.609503591385846644e-01,-5.208309947704750122e-03
1.070000000000000000e+02,1.912278283969666981e-01,5.226537979016427915e-01,1.096235634753334621e-03,-2.609715400326196866e-01,-5.083414568405566179e-03
1.080000000000000000e+02,1.912253410530234954e-01,5.226581086243221597e-01,1.034573443040773559e-03,-2.609873954425926956e-01,-3.805298393518125998e-03
1.090000000000000000e+02,1.912371701438451699e-01,5.226618922383595711e-01,9.080673689709728392e-04,-2.610014317518823956e-01,-3.368714229531563978e-03
1.100000000000000000e+02,1.912316377069688544e-01,5.226652999437840785e-01,8.178493018706919047e-04,-2.610145754976883614e-01,-3.154498993428365983e-03
1.110000000000000000e+02,1.912265482613382250e-01,5.226683693356809490e-01,7.366540552448977387e-04,-2.610271839385496784e-01,-3.026025806717985277e-03
1.120000000000000000e+02,1.912216472465470551e-01,5.226711342096893587e-01,6.635697620287501347e-04,-2.610394048893648900e-01,-2.933028195653458996e-03
1.130000000000000000e+02,1.912168573929811377e-01,5.226736130752706044e-01,5.949277395072569488e-04,-2.610512782452242830e-01,-2.849605406253421808e-03
1.140000000000000000e+02,1.912122557250695298e-01,5.226758345470394751e-01,5.331532245173679907e-04,-2.610628201771857948e-01,-2.770063670766355346e-03
1.150000000000000000e+02,1.912118857547336903e-01,5.226780887363468020e-01,5.410054337459209092e-04,-2.610722434802431602e-01,-2.261592733767534783e-03
1.160000000000000000e+02,1.912129369214939645e-01,5.226798987642400363e-01,4.344066943837827065e-04,-2.610805737566236906e-01,-1.999266331333487100e-03
1.170000000000000000e+02,1.912104671797418276e-01,5.226815334215737519e-01,3.923177600881006867e-04,-2.610884830970404691e-01,-1.898241700033360436e-03
1.180000000000000000e+02,1.912080214877659445e-01,5.226829984150931363e-01,3.515984446585234931e-04,-2.610960654153687832e-01,-1.819756398794861781e-03
1.190000000000000000e+02,1.912056647817257926e-01,5.226843107839578284e-01,3.149685275153002646e-04,-2.611033763969834443e-01,-1.754635587516169878e-03
1.200000000000000000e+02,1.912106800836230192e-01,5.226857259290123014e-01,3.396348130707446916e-04,-2.611063223782842391e-01,-7.070355121843070745e-04
1.210000000000000000e+02,1.912104606711627908e-01,5.226868679851774946e-01,2.740934796339126577e-04,-2.611078705145947199e-01,-3.715527145118742913e-04
1.220000000000000000e+02,1.912097240854269409e-01,5.226879200911346279e-01,2.525054297183250331e-04,-2.611089440402147299e-01,-2.576461488075944403e-04
1.230000000000000000e+02,1.912089899283813677e-01,5.226888673318238476e-01,2.273377654253861411e-04,-2.611098413526974915e-01,-2.153549958640182959e-04
1.240000000000000000e+02,1.912084054175837156e-01,5.226897319338575931e-01,2.075044880960919295e-04,-2.611107475537287614e-01,-2.174882475071296211e-04
1.250000000000000000e+02,1.912078268983915530e-01,5.226905100059904274e-01,1.867373118725185578e-04,-2.611117337031869656e-01,-2.366758699656340570e-04
1.260000000000000000e+02,1.912072860156402154e-01,5.226912099928787692e-01,1.679968531988994794e-04,-2.611128117299399976e-01,-2.587264207239731596e-04
1.270000000000000000e+02,1.912067738073096046e-01,5.226918394981509008e-01,1.510812653154087885e-04,-2.611139892087919745e-01,-2.825949244729051278e-04
1.280000000000000000e+02,1.912062797134725656e-01,5.226924053906802925e-01,1.358142070668073560e-04,-2.611152567061587604e-01,-3.041993680335916181e-04
1.290000000000000000e+02,1.912057986836885604e-01,5.226929138804371489e-01,1.220375416376916179e-04,-2.611165982961788368e-01,-3.219816048220376604e-04
1.300000000000000000e+02,1.912053285887091447e-01,5.226933705854762691e-01,1.096092093861496003e-04,-2.611179951322334936e-01,-3.352406531222045893e-04
1.310000000000000000e+02,1.912048687553109527e-01,5.226937805980536034e-01,9.840301856856535894e-05,-2.611194223937368664e-01,-3.425427608114844924e-04
1.320000000000000000e+02,1.912044210302084324e-01,5.226941485379449359e-01,8.830557391542377297e-05,-2.611208528247459526e-01,-3.433034421853919699e-04
1.330000000000000000e+02,1.912039891723212592e-01,5.226944785733751431e-01,7.920850324095193937e-05,-2.611222762461606339e-01,-3.416211395207223011e-04
1.340000000000000000e+02,1.912035734449610280e-01,5.226947744762879822e-01,7.101669907290836551e-05,-2.611236794336464495e-01,-3.367649965963094680e-04
1.350000000000000000e+02,1.912031744723293458e-01,5.226950396363799767e-01,6.363842206757697694e-05,-2.611250656526544756e-01,-3.326925619325648165e-04
1.360000000000000000e+02,1.912027910566914402e-01,5.226952771242314721e-01,5.699708435378891765e-05,-2.611264248746365535e-01,-3.262132757033137510e-04
1.370000000000000000e+02,1.912024248523107595e-01,5.226954897317260818e-01,5.102579870154500609e-05,-2.611277376380545245e-01,-3.150632203126763889e-04
1.380000000000000000e+02,1.912020769883367721e-01,5.226956799763241568e-01,4.565870353397705634e-05,-2.611289980970120661e-01,-3.025101498046091765e-04
1.390000000000000000e+02,1.912017466244693986e-01,5.226958501235968724e-01,4.083534544847594767e-05,-2.611302069581013519e-01,-2.901266614286302165e-04
1.400000000000000000e+02,1.912014343603251343e-01,5.226960022288734686e-01,3.650526639481932732e-05,-2.611313550564867136e-01,-2.755436124892878588e-04
1.410000000000000000e+02,1.912011364535906033e-01,5.226961381211084889e-01,3.261413641754124079e-05,-2.611324561039408132e-01,-2.642513889901806304e-04
1.420000000000000000e+02,1.912008547411959969e-01,5.226962594675832463e-01,2.912315393551923414e-05,-2.611335004608476562e-01,-2.506456576367091646e-04
1.430000000000000000e+02,1.912005853149055246e-01,5.226963677526916818e-01,2.598842602004213905e-05,-2.611344981845983848e-01,-2.394537001693559919e-04
1.440000000000000000e+02,1.912003284343754828e-01,5.226964643181084558e-01,2.317570002512823769e-05,-2.611354490847027643e-01,-2.282160250508309012e-04
1.450000000000000000e+02,1.912000825523005321e-01,5.226965503685766512e-01,2.065211235568252226e-05,-2.611363561156256341e-01,-2.176874214921730507e-04
1.460000000000000000e+02,1.911998525958256978e-01,5.226966270150993354e-01,1.839516544723191952e-05,-2.611372026457093876e-01,-2.031672200997610637e-04
1.470000000000000000e+02,1.911996330222181795e-01,5.226966952431627567e-01,1.637473522993857932e-05,-2.611379953278128441e-01,-1.902437048242135479e-04
1.480000000000000000e+02,1.911994201214663180e-01,5.226967559247664985e-01,1.456358489250509298e-05,-2.611387468974706860e-01,-1.803767178840032150e-04
1.490000000000000000e+02,1.911992186400928717e-01,5.226968098609907631e-01,1.294469383317243462e-05,-2.611394500771662130e-01,-1.687631269281195687e-04
1.500000000000000000e+02,1.911990254369962949e-01,5.226968577672040928e-01,1.149749120714848531e-05,-2.611401075531176175e-01,-1.577942283313784905e-04
1.510000000000000000e+02,1.911988410061370713e-01,5.226969002901132866e-01,1.020549821804669274e-05,-2.611407186111313616e-01,-1.466539232990404470e-04
1.520000000000000000e+02,1.911986637317639459e-01,5.226969380086251560e-01,9.052442860552824497e-06,-2.611412857535948540e-01,-1.361141912331876832e-04
1.530000000000000000e+02,1.911984929534846223e-01,5.226969714419427149e-01,8.023996204325023436e-06,-2.611418113282481523e-01,-1.261379167965928139e-04
1.540000000000000000e+02,1.911983266987750396e-01,5.226970010509165432e-01,7.106153722965899923e-06,-2.611423007673552843e-01,-1.174653857124682594e-04
1.550000000000000000e+02,1.911981640868234966e-01,5.226970272453442812e-01,6.286662650015201831e-06,-2.611427592219000005e-01,-1.100290907295850182e-04
1.560000000000000000e+02,1.911980057673171862e-01,5.226970503939972756e-01,5.555676709239735863e-06,-2.611431883500320295e-01,-1.029907516874543075e-04
1.570000000000000000e+02,1.911978587091523463e-01,5.226970708510476626e-01,4.909692090246343946e-06,-2.611435735685553317e-01,-9.245244559793833747e-05
1.580000000000000000e+02,1.911977061194376493e-01,5.226970888942547022e-01,4.330369689066627321e-06,-2.611439396762678111e-01,-8.786585099254037845e-05
1.590000000000000000e+02,1.911975591853504464e-01,5.226971047908511858e-01,3.815183163993820720e-06,-2.611442812609973685e-01,-8.198033508752279044e-05
1.600000000000000000e+02,1.911974167009898862e-01,5.226971187825387721e-01,3.358005013149225341e-06,-2.611445963691066963e-01,-7.562594623586075203e-05
1.610000000000000000e+02,1.911972755533218049e-01,5.226971310797644543e-01,2.951334164618132314e-06,-2.611448895762028544e-01,-7.036970307346862889e-05
1.620000000000000000e+02,1.911971415826946574e-01,5.226971418863143315e-01,2.593571974567361955e-06,-2.611451523212181547e-01,-6.305880367280964900e-05
1.630000000000000000e+02,1.911970073291862637e-01,5.226971513711330397e-01,2.276356497821858263e-06,-2.611453925626449069e-01,-5.765794241613667254e-05
1.640000000000000000e+02,1.911968720308573622e-01,5.226971596783359653e-01,1.993728703270361171e-06,-2.611456178815086404e-01,-5.407652729562430069e-05
1.650000000000000000e+02,1.911967432020992008e-01,5.226971669535449561e-01,1.746050167860699260e-06,-2.611458193605393774e-01,-4.835496737625905885e-05
1.660000000000000000e+02,1.911966115170389557e-01,5.226971733089468275e-01,1.525296460444478954e-06,-2.611460078503581306e-01,-4.523755650251198770e-05
1.670000000000000000e+02,1.911964810876477794e-01,5.226971788486372006e-01,1.329525693700175713e-06,-2.611461840110985699e-01,-4.227857770491650149e-05
1.680000000000000000e+02,1.911963534885975924e-01,5.226971836704604746e-01,1.157237575874475064e-06,-2.611463452374464533e-01,-3.869432349799384731e-05
1.690000000000000000e+02,1.911962203864324694e-01,5.226971878417743245e-01,1.001115331372951423e-06,-2.611465051770610613e-01,-3.838550751149634877e-05
1.700000000000000000e+02,1.911960978149740975e-01,5.226971914563022237e-01,8.674866859700316998e-07,-2.611466445657468216e-01,-3.345328458118243759e-05
1.710000000000000000e+02,1.911959665035620481e-01,5.226971945618578141e-01,7.453333375668257656e-07,-2.611467837543314241e-01,-3.340526031112014217e-05
1.720000000000000000e+02,1.911958388029861844e-01,5.226971972182823389e-01,6.375418956778254852e-07,-2.611469163308803854e-01,-3.181837175446113064e-05
1.730000000000000000e+02,1.911957168735759494e-01,5.226971994907796404e-01,5.453993543353169306e-07,-2.611470329461961226e-01,-2.798767578092190510e-05
1.740000000000000000e+02,1.911955891012032949e-01,5.226972014147986956e-01,4.617645847265934705e-07,-2.611471472723067011e-01,-2.743826653694361598e-05
1.750000000000000000e+02,1.911954703313326620e-01,5.226972030505789846e-01,3.925872677735673802e-07,-2.611472432984242031e-01,-2.304626820684628838e-05
1.760000000000000000e+02,1.911953545455415404e-01,5.226972044500191039e-01,3.358656413585571126e-07,-2.611473186576842020e-01,-1.808622239479519566e-05
1.770000000000000000e+02,1.911952312888388350e-01,5.226972056341223638e-01,2.841847909628736554e-07,-2.611473904563496040e-01,-1.723167969854840593e-05
1.780000000000000000e+02,1.911951118359787316e-01,5.226972066371903258e-01,2.407363196521474065e-07,-2.611474524169085099e-01,-1.487053414005516888e-05
1.790000000000000000e+02,1.911949894784406301e-01,5.226972074777719302e-01,2.017395875371161808e-07,-2.611475114600315117e-01,-1.417034952046578230e-05
1.800000000000000000e+02,1.911948673283384303e-01,5.226972081748940679e-01,1.673093016906192207e-07,-2.611475677309715859e-01,-1.350502561230820864e-05
1.810000000000000000e+02,1.911947489290173607e-01,5.226972087549559554e-01,1.392148526484842806e-07,-2.611476149110505407e-01,-1.132321894417883869e-05
1.820000000000000000e+02,1.911946293071208614e-01,5.226972092341261034e-01,1.150008335774871995e-07,-2.611476566542303979e-01,-1.001836316254022964e-05
1.830000000000000000e+02,1.911945100215468873e-01,5.226972096279330904e-01,9.451367668660420338e-08,-2.611476932173902310e-01,-8.775158358793453238e-06
1.840000000000000000e+02,1.911943928383551539e-01,5.226972099548092832e-01,7.845028028424981878e-08,-2.611477216165606352e-01,-6.815800890803650969e-06
1.850000000000000000e+02,1.911942689824728814e-01,5.226972102109266327e-01,6.146816611681261792e-08,-2.611477551435854028e-01,-8.046485940472681005e-06
1.860000000000000000e+02,1.911941555818250371e-01,5.226972104262134211e-01,5.166882567527020144e-08,-2.611477741996842128e-01,-4.573463714998022292e-06
1.870000000000000000e+02,1.911940358509181814e-01,5.226972106007271579e-01,4.188329660015728722e-08,-2.611477923648951593e-01,-4.359650623869326943e-06
1.880000000000000000e+02,1.911939197597625484e-01,5.226972107488042640e-01,3.553850985099095069e-08,-2.611478032270177496e-01,-2.606909423612800769e-06
1.890000000000000000e+02,1.911938618966773640e-01,5.226972228111759211e-01,2.894969195291716009e-06,-2.611478155524438738e-01,-2.958102274247207931e-06
1.900000000000000000e+02,1.911937411680131038e-01,5.226972336844329936e-01,2.609581697275569001e-06,-2.611478168020269219e-01,-2.998999358315895857e-07
1.910000000000000000e+02,1.911936128114595235e-01,5.226972434737934270e-01,2.349446509640585978e-06,-2.611478237062389018e-01,-1.657010873052750594e-06
1.920000000000000000e+02,1.911934865464836875e-01,5.226972522851467406e-01,2.114724803318476056e-06,-2.611478328512685798e-01,-2.194807124861794767e-06
1.930000000000000000e+02,1.911933625000146741e-01,5.226972602174284610e-01,1.903747624484910316e-06,-2.611478409730205175e-01,-1.949220460101448720e-06
1.940000000000000000e+02,1.911932390118629699e-01,5.226972673584535656e-01,1.713846023046814224e-06,-2.611478481786824735e-01,-1.729358873008688980e-06
1.950000000000000000e+02,1.911931106618322274e-01,5.226972737731606644e-01,1.539529690505972335e-06,-2.611478642484329482e-01,-3.856740107809928426e-06
1.960000000000000000e+02,1.911929839979219781e-01,5.226972795288570284e-01,1.381367134983740062e-06,-2.611478855964335932e-01,-5.123520150186233518e-06
1.970000000000000000e+02,1.911928609739868834e-01,5.226972846945802109e-01,1.239773574784549482e-06,-2.611479055691351969e-01,-4.793448384251865981e-06
1.980000000000000000e+02,1.911927455166970713e-01,5.226972893487696892e-01,1.117005469464560192e-06,-2.611479113582307887e-01,-1.389382937163745899e-06
1.990000000000000000e+02,1.911926257731570711e-01,5.226972935423477296e-01,1.006458731117585884e-06,-2.611479133347747172e-01,-4.743705466776963975e-07
2.000000000000000000e+02,1.911925029287308286e-01,5.226972973152846924e-01,9.055048663816490359e-07,-2.611479181615228295e-01,-1.158419550953361815e-06
2.010000000000000000e+02,1.911923783706152291e-01,5.226973007014790173e-01,8.126866472288238529e-07,-2.611479289641814305e-01,-2.592638065902721845e-06
2.020000000000000000e+02,1.911922572700636425e-01,5.226973037423799928e-01,7.298162294097531267e-07,-2.611479390384977561e-01,-2.417835919472061119e-06
2.030000000000000000e+02,1.911921399839029145e-01,5.226973064822143522e-01,6.575602408594787633e-07,-2.611479419856309048e-01,-7.073119537168287789e-07
2.040000000000000000e+02,1.911920196864692612e-01,5.226973089486008917e-01,5.919327662931998811e-07,-2.611479446098216028e-01,-6.298057663533267111e-07
2.050000000000000000e+02,1.911918923913768498e-01,5.226973111500619051e-01,5.283506404835336103e-07,-2.611479598565273896e-01,-3.659209393112143062e-06
2.060000000000000000e+02,1.911917716915050580e-01,5.226973131186124499e-01,4.724521389082678693e-07,-2.611479742516137348e-01,-3.454820719035129662e-06
2.070000000000000000e+02,1.911916493621281243e-01,5.226973148734143093e-01,4.211524487355683567e-07,-2.611479910781457914e-01,-4.038367689815089804e-06
2.080000000000000000e+02,1.911915305950357413e-01,5.226973164424731921e-01,3.765741231761946226e-07,-2.611480037830028467e-01,-3.049165691762619039e-06
2.090000000000000000e+02,1.911914139531025736e-01,5.226973178530447406e-01,3.385371742807505313e-07,-2.611480093404225933e-01,-1.333780735318307718e-06
2.100000000000000000e+02,1.911912977982856421e-01,5.226973191280949171e-01,3.060120431849793146e-07,-2.611480080898718192e-01,3.001321916294965512e-07
2.110000000000000000e+02,1.911911749207489686e-01,5.226973202691764797e-01,2.738595762423198099e-07,-2.611480132655401576e-01,-1.242160395545386678e-06
2.120000000000000000e+02,1.911910589395817428e-01,5.226973213017270803e-01,2.478121508112409983e-07,-2.611480116692266318e-01,3.831152517866294764e-07
2.130000000000000000e+02,1.911909398105388624e-01,5.226973222339978964e-01,2.237450012761867918e-07,-2.611480100756686795e-01,3.824539050423933282e-07
2.140000000000000000e+02,1.911908171492198161e-01,5.226973230664847536e-01,1.997968350532694613e-07,-2.611480149475510770e-01,-1.169251772108563512e-06
2.150000000000000000e+02,1.911907013619019990e-01,5.226973238212109241e-01,1.811342800268447199e-07,-2.611480130825308277e-01,4.476048588418037939e-07
2.160000000000000000e+02,1.911905788153261121e-01,5.226973244939552288e-01,1.614586453366639910e-07,-2.611480177075785059e-01,-1.110011436562812252e-06
2.170000000000000000e+02,1.911904631316422853e-01,5.226973251049588098e-01,1.466408597845859601e-07,-2.611480156180008838e-01,5.014986298693865575e-07
2.180000000000000000e+02,1.911903406780856296e-01,5.226973256483964381e-01,1.304250264620157555e-07,-2.611480200386482875e-01,-1.060955376318397992e-06
2.190000000000000000e+02,1.911902250784590085e-01,5.226973261430655215e-01,1.187205932609687607e-07,-2.611480177629145194e-01,5.461761019005738757e-07
2.200000000000000000e+02,1.911901062928250128e-01,5.226973265912412403e-01,1.075621592974035132e-07,-2.611480155579726237e-01,5.291860583544339321e-07
2.210000000000000000e+02,1.911899875326237841e-01,5.226973269974398706e-01,9.748768052922299228e-08,-2.611480134237484374e-01,5.122138043747132281e-07
2.220000000000000000e+02,1.911898687951729958e-01,5.226973273657323782e-01,8.839019102296319956e-08,-2.611480113598622643e-01,4.953326768209332103e-07
2.230000000000000000e+02,1.911897464868532182e-01,5.226973276903886800e-01,7.791752298074932351e-08,-2.611480158216244463e-01,-1.070822917056388462e-06
2.240000000000000000e+02,1.911896310152371992e-01,5.226973279878286416e-01,7.138560080333465613e-08,-2.611480136000824959e-01,5.331700720740684773e-07
2.250000000000000000e+02,1.911895123455965850e-01,5.226973282581865998e-01,6.488592106664522142e-08,-2.611480114603337288e-01,5.135397067844082779e-07
2.260000000000000000e+02,1.911893936894341339e-01,5.226973285040518169e-01,5.900766373567636108e-08,-2.611480094004702268e-01,4.943672446520099183e-07
2.270000000000000000e+02,1.911892714546370442e-01,5.226973287183607209e-01,5.143413621903780955e-08,-2.611480138744456392e-01,-1.073754097373255685e-06
2.280000000000000000e+02,1.911891560478953811e-01,5.226973289163323599e-01,4.751318493558654516e-08,-2.611480116721045519e-01,5.285618612868997377e-07
2.290000000000000000e+02,1.911890374370163181e-01,5.226973290970200470e-01,4.336504799562587582e-08,-2.611480095574787441e-01,5.075101958927359224e-07
2.300000000000000000e+02,1.911889152430254757e-01,5.226973292526406745e-01,3.734894955748094082e-08,-2.611480139836686587e-01,-1.062285585013818380e-06
2.310000000000000000e+02,1.911887998727820892e-01,5.226973293977655866e-01,3.482999059387979175e-08,-2.611480117397542156e-01,5.385394694960338591e-07
2.320000000000000000e+02,1.911886812948181413e-01,5.226973295308653400e-01,3.194394046479668926e-08,-2.611480095890818531e-01,5.161613640155200348e-07
2.330000000000000000e+02,1.911885627209649885e-01,5.226973296530312840e-01,2.931982212541308453e-08,-2.611480075281872315e-01,4.946147136522784768e-07
2.340000000000000000e+02,1.911884405606013582e-01,5.226973297558513698e-01,2.467680920180987641e-08,-2.611480120096415503e-01,-1.075549031794701132e-06
2.350000000000000000e+02,1.911883252195817617e-01,5.226973298533306167e-01,2.339503159419128846e-08,-2.611480098220627655e-01,5.250189144189148118e-07
2.360000000000000000e+02,1.911882066682192571e-01,5.226973299434297671e-01,2.162378766395725827e-08,-2.611480077283954149e-01,5.024801598022200120e-07
2.370000000000000000e+02,1.911880845281024865e-01,5.226973300173816117e-01,1.774845023389356587e-08,-2.611480121807776000e-01,-1.068571729706129087e-06
2.380000000000000000e+02,1.911879692052407820e-01,5.226973300888718699e-01,1.715766900751898662e-08,-2.611480099674383104e-01,5.312014257196689172e-07
2.390000000000000000e+02,1.911878506702394953e-01,5.226973301555735141e-01,1.600840175972890297e-08,-2.611480078509729186e-01,5.079516971534457960e-07
2.400000000000000000e+02,1.911877285448635166e-01,5.226973302084606532e-01,1.269292400838400705e-08,-2.611480122832059436e-01,-1.063735925356495266e-06
2.410000000000000000e+02,1.911876132352122726e-01,5.226973302609860816e-01,1.260609039698516280e-08,-2.611480100520849890e-01,5.354690289904405860e-07
2.420000000000000000e+02,1.911874947121170454e-01,5.226973303106129398e-01,1.191044544386138944e-08,-2.611480079199529070e-01,5.117116987704632726e-07
2.430000000000000000e+02,1.911873761874936517e-01,5.226973303575259688e-01,1.125912329401630254e-08,-2.611480058824566797e-01,4.889990906141606994e-07
2.440000000000000000e+02,1.911872540717075852e-01,5.226973303924967729e-01,8.392992221486916657e-09,-2.611480103913818573e-01,-1.082142042420205445e-06
2.450000000000000000e+02,1.911871387698411417e-01,5.226973304287956257e-01,8.711713494056985414e-09,-2.611480082346526177e-01,5.176150165683883020e-07
2.460000000000000000e+02,1.911870202539955876e-01,5.226973304637212436e-01,8.382161114631291725e-09,-2.611480061746019876e-01,4.944121521828784525e-07
2.470000000000000000e+02,1.911868981460801420e-01,5.226973304879110049e-01,5.805540777884409848e-09,-2.611480106628298326e-01,-1.077174682313248130e-06
2.480000000000000000e+02,1.911867828513570400e-01,5.226973305145140580e-01,6.384738981932188470e-09,-2.611480084870924645e-01,5.221769733942807733e-07
2.490000000000000000e+02,1.911866643419237177e-01,5.226973305407204284e-01,6.289540333233162601e-09,-2.611480064095709208e-01,4.986051660128750897e-07
2.500000000000000000e+02,1.911865422397646397e-01,5.226973305570694617e-01,3.923762586926506067e-09,-2.611480108817276768e-01,-1.073317616182040840e-06
2.510000000000000000e+02,1.911864269502742408e-01,5.226973305766221545e-01,4.692648241340331970e-09,-2.611480086911944776e-01,5.257279622358007398e-07
2.520000000000000000e+02,1.911863084455356632e-01,5.226973305964892624e-01,4.768100791204355232e-09,-2.611480066000397837e-01,5.018771260204672229e-07
2.530000000000000000e+02,1.911861863475890488e-01,5.226973306071386327e-01,2.555843409487187133e-09,-2.611480110596238746e-01,-1.070300179992937823e-06
2.540000000000000000e+02,1.911860710619353865e-01,5.226973306215670911e-01,3.462837536066720421e-09,-2.611480088574860692e-01,5.285130799629644520e-07
2.550000000000000000e+02,1.911859525606369459e-01,5.226973306368276617e-01,3.662529429956612217e-09,-2.611480067556108398e-01,5.044500568757941482e-07
2.560000000000000000e+02,1.911858304657753083e-01,5.226973306433361222e-01,1.562030509937514187e-09,-2.611480112052824154e-01,-1.067921181539933998e-06
2.570000000000000000e+02,1.911857151829377821e-01,5.226973306540425579e-01,2.569554296889296119e-09,-2.611480089939711147e-01,5.307147066507629629e-07
2.580000000000000000e+02,1.911855966841626286e-01,5.226973306659578045e-01,2.859671296290682573e-09,-2.611480068835988488e-01,5.064893440813403957e-07
2.590000000000000000e+02,1.911854745915623210e-01,5.226973306694598920e-01,8.405077196837285298e-10,-2.611480113253929480e-01,-1.066030582470569807e-06
2.600000000000000000e+02,1.911853593107945004e-01,5.226973306774648220e-01,1.921185251621002475e-09,-2.611480091067720499e-01,5.324690193895160858e-07
2.610000000000000000e+02,1.911852408138721982e-01,5.226973306869526770e-01,2.277094472771902395e-09,-2.611480069896110479e-01,5.081186418962576516e-07
2.620000000000000000e+02,1.911851187229310634e-01,5.226973306882739534e-01,3.171016228795330173e-10,-2.611480114250945839e-01,-1.064516052490338404e-06
2.630000000000000000e+02,1.911850034436866630e-01,5.226973306943197839e-01,1.450991178318021752e-09,-2.611480092006024933e-01,5.338781065054824476e-07
2.640000000000000000e+02,1.911848849481268819e-01,5.226973307020479353e-01,1.854752329615938252e-09,-2.611480070779742535e-01,5.094307744938286569e-07
2.650000000000000000e+02,1.911847664482090037e-01,5.226973307111879574e-01,2.193614478791946905e-09,-2.611480050524113139e-01,4.861351016168008698e-07
2.660000000000000000e+02,1.911846443547944308e-01,5.226973307121018930e-01,2.193383221152825491e-10,-2.611480095753052622e-01,-1.085494547396686537e-06
2.670000000000000000e+02,1.911845290725757152e-01,5.226973307176909778e-01,1.341383936198813244e-09,-2.611480074342324431e-01,5.138574711016006042e-07
2.680000000000000000e+02,1.911844105745539590e-01,5.226973307249220824e-01,1.735452873376794249e-09,-2.611480053912193511e-01,4.903231464415124194e-07
2.690000000000000000e+02,1.911842884827988642e-01,5.226973307241332689e-01,-1.893129350328510495e-10,-2.611480098975960118e-01,-1.081530403130419360e-06
2.700000000000000000e+02,1.911841732021961338e-01,5.226973307282046788e-01,9.771298450238293651e-10,-2.611480077408818712e-01,5.176113951733811513e-07
2.710000000000000000e+02,1.911840547055936868e-01,5.226973307340838648e-01,1.410996379357036223e-09,-2.611480056830504104e-01,4.938795538837027960e-07
2.720000000000000000e+02,1.911839326150862051e-01,5.226973307320917916e-01,-4.781007107680631434e-10,-2.611480101753825278e-01,-1.078159708754130440e-06
2.730000000000000000e+02,1.911838173357128523e-01,5.226973307350930575e-01,7.202989793498550532e-10,-2.611480080053518726e-01,5.208073556417196288e-07
2.740000000000000000e+02,1.911836988401863224e-01,5.226973307400213375e-01,1.182790095478702155e-09,-2.611480059348893490e-01,4.969110000202263479e-07
2.750000000000000000e+02,1.911835767506211703e-01,5.226973307371851618e-01,-6.806755238055642143e-10,-2.611480104152362203e-01,-1.075283255493987318e-06
2.760000000000000000e+02,1.911834614721887315e-01,5.226973307394379153e-01,5.406668176577680488e-10,-2.611480082338291653e-01,5.235376965145239120e-07
2.770000000000000000e+02,1.911833429774824622e-01,5.226973307437032812e-01,1.023686489885272619e-09,-2.611480061525645047e-01,4.995035170276184544e-07
2.780000000000000000e+02,1.911832208886328488e-01,5.226973307402806856e-01,-8.214194906576712929e-10,-2.611480106226512499e-01,-1.072820820835900874e-06
2.790000000000000000e+02,1.911831056109253302e-01,5.226973307420154091e-01,4.163371513346660026e-10,-2.611480084314958816e-01,5.258772850189366849e-07
2.800000000000000000e+02,1.911829871168483075e-01,5.226973307458238072e-01,9.140252221054971588e-10,-2.611480063409665764e-01,5.017270297852955771e-07
2.810000000000000000e+02,1.911828650285452846e-01,5.226973307419988668e-01,-9.179777518194741004e-10,-2.611480108022459223e-01,-1.070707043022930456e-06
2.820000000000000000e+02,1.911827497514003438e-01,5.226973307433799842e-01,3.314755148983209472e-10,-2.611480086027156422e-01,5.278872701332637407e-07
2.830000000000000000e+02,1.911826312578094045e-01,5.226973307468782970e-01,8.395993187441886074e-10,-2.611480065042206533e-01,5.036387950831060537e-07
2.840000000000000000e+02,1.911825091699265455e-01,5.226973307427820181e-01,-9.830994936732221198e-10,-2.611480109579217834e-01,-1.068888268234745283e-06
2.850000000000000000e+02,1.911823938932213640e-01,5.226973307439263250e-01,2.746448099741331499e-10,-2.611480087511802717e-01,5.296179666172510476e-07
2.860000000000000000e+02,1.911822754000085667e-01,5.226973307472185803e-01,7.901514782097941934e-10,-2.611480066458218285e-01,5.052860298580872450e-07
2.870000000000000000e+02,1.911821533124510586e-01,5.226973307429436666e-01,-1.025978456671399544e-09,-2.611480110929891296e-01,-1.067320151792413586e-06
2.880000000000000000e+02,1.911820380360923777e-01,5.226973307439336525e-01,2.376040649074838807e-10,-2.611480088800264276e-01,5.311110507260666299e-07
2.890000000000000000e+02,1.911819195431760654e-01,5.226973307470932362e-01,7.582960887851811615e-10,-2.611480067687433904e-01,5.067079309582156807e-07
2.900000000000000000e+02,1.911817974558722433e-01,5.226973307427047466e-01,-1.053234284458687685e-09,-2.611480112102675943e-01,-1.065965806975399826e-06
2.910000000000000000e+02,1.911816821797887311e-01,5.226973307435981431e-01,2.144262482808997911e-10,-2.611480089919290259e-01,5.324012611644993019e-07
2.920000000000000000e+02,1.911815636871066482e-01,5.226973307466761254e-01,7.387282334316935666e-10,-2.611480068755238637e-01,5.079372349333604335e-07
2.930000000000000000e+02,1.911814416000023331e-01,5.226973307422194681e-01,-1.069609630956060932e-09,-2.611480113121670277e-01,-1.064794362917889412e-06
2.940000000000000000e+02,1.911813263241390615e-01,5.226973307430563542e-01,2.008658514272222583e-10,-2.611480090891765138e-01,5.335177234673286980e-07
2.950000000000000000e+02,1.911812078316436347e-01,5.226973307460882623e-01,7.276503506938957315e-10,-2.611480069683371763e-01,5.090014362888949196e-07
2.960000000000000000e+02,1.911810857446972212e-01,5.226973307415945236e-01,-1.078505798514942521e-09,-2.611480114007532216e-01,-1.063779849406805727e-06
2.970000000000000000e+02,1.911809704690117795e-01,5.226973307424024329e-01,1.938875239572330378e-10,-2.611480091737324316e-01,5.344849841849238951e-07
2.980000000000000000e+02,1.911808519766661496e-01,5.226973307454122475e-01,7.223494008001451526e-10,-2.611480070490501681e-01,5.099237461548899658e-07
2.990000000000000000e+02,1.911807334796365998e-01,5.226973307503017807e-01,1.173487344134677582e-09,-2.611480050218504267e-01,4.865279368654640998e-07
3.000000000000000000e+02,1.911806113888304126e-01,5.226973307473863350e-01,-6.996982622901449378e-10,-2.611480095434736137e-01,-1.085189562822341134e-06
3.010000000000000000e+02,1.911804961089292321e-01,5.226973307495254017e-01,5.133724804454105393e-10,-2.611480074014504438e-01,5.140855596369011230e-07
3.020000000000000000e+02,1.911803776130023835e-01,5.226973307536478819e-01,9.894011466219739491e-10,-2.611480053577666660e-01,4.904841021099514801e-07
3.030000000000000000e+02,1.911802555231406631e-01,5.226973307500580868e-01,-8.615607977326715924e-10,-2.611480098637162239e-01,-1.081427887907202754e-06
3.040000000000000000e+02,1.911801402442156184e-01,5.226973307516052936e-01,3.713382738613050816e-10,-2.611480077067862005e-01,5.176632071993807340e-07
3.050000000000000000e+02,1.911800217491313181e-01,5.226973307552096326e-01,8.650527291639689556e-10,-2.611480056489214330e-01,4.938875402815934108e-07
3.060000000000000000e+02,1.911798996599970435e-01,5.226973307511673106e-01,-9.701482409973039771e-10,-2.611480101413774513e-01,-1.078189439735232670e-06
3.070000000000000000e+02,1.911797843818367204e-01,5.226973307523206103e-01,2.767885072048595301e-10,-2.611480079716052560e-01,5.207453298912791403e-07
3.080000000000000000e+02,1.911796658874090338e-01,5.226973307555831116e-01,7.829917884677404704e-10,-2.611480059015157118e-01,4.968214851679837442e-07
3.090000000000000000e+02,1.911795437988388635e-01,5.226973307512451372e-01,-1.041105592667288074e-09,-2.611480103823323740e-01,-1.075396005551362672e-06
3.100000000000000000e+02,1.911794285212821409e-01,5.226973307521438628e-01,2.156966959391044057e-10,-2.611480082014762671e-01,5.234054715295438049e-07
3.110000000000000000e+02,1.911793100273702362e-01,5.226973307551883163e-01,7.306559346022033887e-10,-2.611480061208298342e-01,4.993551405059622588e-07
3.120000000000000000e+02,1.911791879392408244e-01,5.226973307506646016e-01,-1.085680411552325896e-09,-2.611480105915899297e-01,-1.072982423254864185e-06
3.130000000000000000e+02,1.911790726621643843e-01,5.226973307514062306e-01,1.779946254360097427e-10,-2.611480084011522651e-01,5.257050342739742352e-07
3.140000000000000000e+02,1.911789541686607918e-01,5.226973307543189007e-01,6.990312355725339245e-10,-2.611480063113756356e-01,5.015463931030481551e-07
3.150000000000000000e+02,1.911788320808784913e-01,5.226973307496858290e-01,-1.111938318519932710e-09,-2.611480107734343026e-01,-1.070894082731041222e-06
3.160000000000000000e+02,1.911787168041872431e-01,5.226973307503377519e-01,1.564667958751155950e-10,-2.611480085747028279e-01,5.276955605287395993e-07
3.170000000000000000e+02,1.911785983110095011e-01,5.226973307531780355e-01,6.816677713419820263e-10,-2.611480064770198006e-01,5.034439275716800241e-07
3.180000000000000000e+02,1.911784762235026747e-01,5.226973307484878983e-01,-1.125642902620491789e-09,-2.611480109315405529e-01,-1.069084980220694224e-06
3.190000000000000000e+02,1.911783609471228995e-01,5.226973307490960785e-01,1.459674892831516840e-10,-2.611480087256216054e-01,5.294205467827553828e-07
3.200000000000000000e+02,1.911782424542072811e-01,5.226973307519042766e-01,6.739719863735250858e-10,-2.611480066210846163e-01,5.050888834122917549e-07
3.210000000000000000e+02,1.911781203669208895e-01,5.226973307471922681e-01,-1.130893328975840549e-09,-2.611480110690687084e-01,-1.067516182282962566e-06
3.220000000000000000e+02,1.911780050907949113e-01,5.226973307477874586e-01,1.428424792758643571e-10,-2.611480088569151370e-01,5.309168558148585253e-07
3.230000000000000000e+02,1.911778865980918174e-01,5.226973307505903277e-01,6.726876763760431389e-10,-2.611480067464310717e-01,5.065161809696104453e-07
3.240000000000000000e+02,1.911777645109831725e-01,5.226973307458795404e-01,-1.130589074150368502e-09,-2.611480111887418687e-01,-1.066154596673005049e-06
3.250000000000000000e+02,1.911776492350654999e-01,5.226973307464817253e-01,1.445128229525696009e-10,-2.611480089711757935e-01,5.322158591281628586e-07
3.260000000000000000e+02,1.911775307425360448e-01,5.226973307492963627e-01,6.755232012158593888e-10,-2.611480068555275813e-01,5.077555733542589539e-07
3.270000000000000000e+02,1.911774086555719510e-01,5.226973307446015626e-01,-1.126762502696306375e-09,-2.611480112929108754e-01,-1.064971995177619550e-06
3.280000000000000000e+02,1.911772933798264740e-01,5.226973307452230655e-01,1.491722622523314853e-10,-2.611480090706427837e-01,5.333443482145593545e-07
3.290000000000000000e+02,1.911771748874399879e-01,5.226973307480600184e-01,6.808812515182912710e-10,-2.611480069505073831e-01,5.088324967952490974e-07
3.300000000000000000e+02,1.911770528005942438e-01,5.226973307433898652e-01,-1.120829728084147940e-09,-2.611480113836083250e-01,-1.063944220171673453e-06
3.310000000000000000e+02,1.911769375249920411e-01,5.226973307440381245e-01,1.555742061364296613e-10,-2.611480091572530027e-01,5.343252756593689929e-07
3.320000000000000000e+02,1.911768190327239603e-01,5.226973307469033880e-01,6.876543550059863692e-10,-2.611480070332165004e-01,5.097687601400208392e-07
3.330000000000000000e+02,1.911767005357635496e-01,5.226973307516619149e-01,1.142057711383320627e-09,-2.611480050066427583e-01,4.863777029837930013e-07
3.340000000000000000e+02,1.911765784450218941e-01,5.226973307486277864e-01,-7.281784568878169323e-10,-2.611480095288720715e-01,-1.085335039232130815e-06
3.350000000000000000e+02,1.911764631651726443e-01,5.226973307506592725e-01,4.875546730088406886e-10,-2.611480073874353214e-01,5.139448229586096627e-07
3.360000000000000000e+02,1.911763446692948676e-01,5.226973307546842751e-01,9.659875884799242142e-10,-2.611480053443183680e-01,4.903480704043999793e-07
3.370000000000000000e+02,1.911762225794791936e-01,5.226973307510058842e-01,-8.828046424820053505e-10,-2.611480098508153214e-01,-1.081559266513675285e-06
3.380000000000000000e+02,1.911761073005905087e-01,5.226973307524728218e-01,3.520585750196035424e-10,-2.611480076944135975e-01,5.175364159780394894e-07
3.390000000000000000e+02,1.911759888055408196e-01,5.226973307560042192e-01,8.475445510642540442e-10,-2.611480056370583669e-01,4.937652594498147434e-07
3.400000000000000000e+02,1.911758667164395187e-01,5.226973307518956169e-01,-9.860537918828769523e-10,-2.611480101300054368e-01,-1.078307295110927653e-06
3.410000000000000000e+02,1.911757514383043699e-01,5.226973307529886315e-01,2.623322881108033662e-10,-2.611480079607062521e-01,5.206318047376105874e-07
3.420000000000000000e+02,1.911756329439012192e-01,5.226973307561962878e-01,7.698473467507015504e-10,-2.611480058910721214e-01,4.967121905653229268e-07
3.430000000000000000e+02,1.911755108553546967e-01,5.226973307518085754e-01,-1.053062797682658213e-09,-2.611480103723269885e-01,-1.075501174053054689e-06
3.440000000000000000e+02,1.911753955778153213e-01,5.226973307526620038e-01,2.048099467384144614e-10,-2.611480081918923224e-01,5.233043209479619337e-07
3.450000000000000000e+02,1.911752770839206805e-01,5.226973307556650461e-01,7.207385250571249692e-10,-2.611480061116511209e-01,4.992578944794846741e-07
3.460000000000000000e+02,1.911751549958083662e-01,5.226973307511036948e-01,-1.094716433628166098e-09,-2.611480105828006271e-01,-1.073075875028164470e-06
3.470000000000000000e+02,1.911750397187439166e-01,5.226973307518110179e-01,1.697544401069468916e-10,-2.611480083927370521e-01,5.256152619944152829e-07
3.480000000000000000e+02,1.911749212252525643e-01,5.226973307546922687e-01,6.915117063504982564e-10,-2.611480063033196353e-01,5.014601852624694387e-07
3.490000000000000000e+02,1.911747991374826428e-01,5.226973307500305532e-01,-1.118801847851568007e-09,-2.611480107657231375e-01,-1.070976840596603683e-06
3.500000000000000000e+02,1.911746838607997490e-01,5.226973307506563859e-01,1.501969998293487451e-10,-2.611480085673225648e-01,5.276161380194412347e-07
3.510000000000000000e+02,1.911745653676307777e-01,5.226973307534727997e-01,6.759346522611023353e-10,-2.611480064699570613e-01,5.033677274397836888e-07
3.520000000000000000e+02,1.911744432801330273e-01,5.226973307487607912e-01,-1.130888684135458787e-09,-2.611480109247823478e-01,-1.069158068932139647e-06
3.530000000000000000e+02,1.911743280037590531e-01,5.226973307493489873e-01,1.411649597027159673e-10,-2.611480087191554444e-01,5.293504600008659188e-07
3.540000000000000000e+02,1.911742095108498463e-01,5.226973307521388667e-01,6.695710226307505266e-10,-2.611480066148983981e-01,5.050216908514610713e-07
3.550000000000000000e+02,1.911740874235702825e-01,5.226973307474099828e-01,-1.134929194208275410e-09,-2.611480110631508311e-01,-1.067580587400343710e-06
3.560000000000000000e+02,1.911739721474484399e-01,5.226973307479897413e-01,1.391404029356686682e-10,-2.611480088512544429e-01,5.308551356483591042e-07
3.570000000000000000e+02,1.911738536547501754e-01,5.226973307507783995e-01,6.692879394367059226e-10,-2.611480067410167361e-01,5.064570458221065389e-07
3.580000000000000000e+02,1.911737315676468874e-01,5.226973307460546225e-01,-1.133712743802371651e-09,-2.611480111835636220e-01,-1.066211246177469056e-06
3.590000000000000000e+02,1.911736162917322679e-01,5.226973307466448171e-01,1.416387874342459295e-10,-2.611480089662236437e-01,5.321616011876528499e-07
3.600000000000000000e+02,1.911734977992066153e-01,5.226973307494484633e-01,6.728776229115462021e-10,-2.611480068507919250e-01,5.077036141542940466e-07
3.610000000000000000e+02,1.911733757122467958e-01,5.226973307447434491e-01,-1.129200975190118664e-09,-2.611480112883825533e-01,-1.065021746568761102e-06
3.620000000000000000e+02,1.911732604365037891e-01,5.226973307453556261e-01,1.469248328391253519e-10,-2.611480090663129139e-01,5.332967191826030457e-07
3.630000000000000000e+02,1.911731419441203839e-01,5.226973307481840303e-01,6.788058982994225314e-10,-2.611480069463674725e-01,5.087869031053792968e-07
3.640000000000000000e+02,1.911730198572782757e-01,5.226973307435058835e-01,-1.122749314729448892e-09,-2.611480113796502134e-01,-1.063987860018382633e-06
3.650000000000000000e+02,1.911729045816781547e-01,5.226973307441467043e-01,1.537992573576329909e-10,-2.611480091534689185e-01,5.342835097887476711e-07
3.660000000000000000e+02,1.911727860894128217e-01,5.226973307470050845e-01,6.860128449019926932e-10,-2.611480070295989497e-01,5.097287936721404576e-07
3.670000000000000000e+02,1.911726675924551033e-01,5.226973307517572831e-01,1.140538326591674952e-09,-2.611480050031845246e-01,4.863394620534422797e-07
3.680000000000000000e+02,1.911725455017166120e-01,5.226973307487173814e-01,-7.295871043424021538e-10,-2.611480095255663270e-01,-1.085371626140430869e-06
3.690000000000000000e+02,1.911724302218692217e-01,5.226973307507434274e-01,4.862452713473173371e-10,-2.611480073842754046e-01,5.139098228562962222e-07
3.700000000000000000e+02,1.911723117259939431e-01,5.226973307547633230e-01,9.647711712361182446e-10,-2.611480053412979507e-01,4.903145893683999056e-07
3.710000000000000000e+02,1.911721896361812667e-01,5.226973307510802691e-01,-8.839343841210406302e-10,-2.611480098479283529e-01,-1.081591291433075462e-06
3.720000000000000000e+02,1.911720743572944692e-01,5.226973307525427659e-01,3.510064910011461962e-10,-2.611480076916542492e-01,5.175057867263133284e-07
3.730000000000000000e+02,1.911719558622472781e-01,5.226973307560701665e-01,8.465663147915909426e-10,-2.611480056344210321e-01,4.937359665205970941e-07
3.740000000000000000e+02,1.911718337731488637e-01,5.226973307519577894e-01,-9.869674138994588575e-10,-2.611480101274848420e-01,-1.078335309728818471e-06
3.750000000000000000e+02,1.911717184950157411e-01,5.226973307530472512e-01,2.614793889107615204e-10,-2.611480079582972902e-01,5.206050164670547353e-07
3.760000000000000000e+02,1.911716000006150606e-01,5.226973307562515769e-01,7.690511630709336090e-10,-2.611480058887699074e-01,4.966865757359090532e-07
3.770000000000000000e+02,1.911714779120714802e-01,5.226973307518607559e-01,-1.053806326681884802e-09,-2.611480103701268596e-01,-1.075525665182483449e-06
3.780000000000000000e+02,1.911713626345342143e-01,5.226973307527111867e-01,2.041149827291077788e-10,-2.611480081897897265e-01,5.232809063694557758e-07
3.790000000000000000e+02,1.911712441406421825e-01,5.226973307557115644e-01,7.200906058436574802e-10,-2.611480061096417837e-01,4.992355082118899237e-07
3.800000000000000000e+02,1.911711220525327826e-01,5.226973307511476596e-01,-1.095324168123382027e-09,-2.611480105808804408e-01,-1.073097276714917207e-06
3.810000000000000000e+02,1.911710067754705811e-01,5.226973307518526513e-01,1.691852443372615759e-10,-2.611480083909020755e-01,5.255948017964974613e-07
3.820000000000000000e+02,1.911708882819818933e-01,5.226973307547316816e-01,6.909767520131293343e-10,-2.611480063015661490e-01,5.014406255197397998e-07
3.830000000000000000e+02,1.911707661942149417e-01,5.226973307500679677e-01,-1.119304216032775228e-09,-2.611480107640475334e-01,-1.070995537049734180e-06
3.840000000000000000e+02,1.911706509175343516e-01,5.226973307506918021e-01,1.497227937848562922e-10,-2.611480085657214012e-01,5.275982659858832390e-07
3.850000000000000000e+02,1.911705324243681836e-01,5.226973307535063284e-01,6.754894529268571482e-10,-2.611480064684270630e-01,5.033506435377562512e-07
3.860000000000000000e+02,1.911704103368735141e-01,5.226973307487925435e-01,-1.131306648749641708e-09,-2.611480109233204061e-01,-1.069174397698000094e-06
3.870000000000000000e+02,1.911702950605020934e-01,5.226973307493790744e-01,1.407723543422610978e-10,-2.611480087177585063e-01,5.293348537897214979e-07
3.880000000000000000e+02,1.911701765675957732e-01,5.226973307521673995e-01,6.692018884918167552e-10,-2.611480066135636324e-01,5.050067747917806087e-07
3.890000000000000000e+02,1.911700544803194013e-01,5.226973307474370722e-01,-1.135276797524612434e-09,-2.611480110618754624e-01,-1.067594842385646353e-06
3.900000000000000000e+02,1.911699392042002510e-01,5.226973307480154984e-01,1.388123901962708890e-10,-2.611480088500358065e-01,5.308415123443592194e-07
3.910000000000000000e+02,1.911698207115049286e-01,5.226973307508029354e-01,6.689775228935055090e-10,-2.611480067398523897e-01,5.064440255591708812e-07
3.920000000000000000e+02,1.911696986244048324e-01,5.226973307460779372e-01,-1.134007611546133533e-09,-2.611480111824510675e-01,-1.066223688474519939e-06
3.930000000000000000e+02,1.911695833484930995e-01,5.226973307466669105e-01,1.413601217713997678e-10,-2.611480089651606051e-01,5.321497100622523332e-07
3.940000000000000000e+02,1.911694648559705556e-01,5.226973307494694465e-01,6.726157196270523447e-10,-2.611480068497762375e-01,5.076922499587236323e-07
3.950000000000000000e+02,1.911693427690140668e-01,5.226973307447634332e-01,-1.129448208680262647e-09,-2.611480112874121073e-01,-1.065032606233023931e-06
3.960000000000000000e+02,1.911692274932740021e-01,5.226973307453746109e-01,1.466901020283681142e-10,-2.611480090653857111e-01,5.332863411230177129e-07
3.970000000000000000e+02,1.911691090008938443e-01,5.226973307482020159e-01,6.785842310732523400e-10,-2.611480069454816255e-01,5.087769867174260595e-07
3.980000000000000000e+02,1.911689869140551501e-01,5.226973307435229810e-01,-1.122957437570459273e-09,-2.611480113788038349e-01,-1.063997334298839751e-06
3.990000000000000000e+02,1.911688716384581377e-01,5.226973307441630245e-01,1.536024875930726398e-10,-2.611480091526602876e-01,5.342744569743331021e-07
4.000000000000000000e+02,1.911687531461960521e-01,5.226973307470206276e-01,6.858251601443702584e-10,-2.611480070288263455e-01,5.097201435778450066e-07
4.010000000000000000e+02,1.911686346492416644e-01,5.226973307517721601e-01,1.140360199270795251e-09,-2.611480050024463373e-01,4.863311965525619286e-07
4.020000000000000000e+02,1.911685125585065870e-01,5.226973307487314813e-01,-7.297579356788228478e-10,-2.611480095248610023e-01,-1.085379524228039549e-06
4.030000000000000000e+02,1.911683972786624996e-01,5.226973307507568611e-01,4.860847520720234365e-10,-2.611480073836014992e-01,5.139022745669073522e-07
4.040000000000000000e+02,1.911682787827905794e-01,5.226973307547760905e-01,9.646187310233049836e-10,-2.611480053406540769e-01,4.903073770176490585e-07
4.050000000000000000e+02,1.911681566929814835e-01,5.226973307510924815e-01,-8.840784218694450426e-10,-2.611480098473131783e-01,-1.081598183088959024e-06
4.060000000000000000e+02,1.911680414140980167e-01,5.226973307525544232e-01,3.508684857035541502e-10,-2.611480076910664971e-01,5.174992007758546294e-07
4.070000000000000000e+02,1.911679229190542950e-01,5.226973307560812687e-01,8.464347157825518980e-10,-2.611480056338595368e-01,4.937296736085958126e-07
4.080000000000000000e+02,1.911678008299594611e-01,5.226973307519683365e-01,-9.870922912821669827e-10,-2.611480101269483822e-01,-1.078341320821413884e-06
4.090000000000000000e+02,1.911676855518297524e-01,5.226973307530573543e-01,2.613615076620556007e-10,-2.611480079577847557e-01,5.205992726201187988e-07
4.100000000000000000e+02,1.911675670574325969e-01,5.226973307562612359e-01,7.689378932309620375e-10,-2.611480058882802435e-01,4.966810875060448495e-07
4.110000000000000000e+02,1.911674449688926525e-01,5.226973307518699707e-01,-1.053914716586891356e-09,-2.611480103696590116e-01,-1.075530908856864467e-06
4.120000000000000000e+02,1.911673296913588838e-01,5.226973307527200685e-01,2.040117300049811317e-10,-2.611480081893428062e-01,5.232758953076087461e-07
4.130000000000000000e+02,1.911672111974704324e-01,5.226973307557200021e-01,7.199900931971528463e-10,-2.611480061092147920e-01,4.992307218262751070e-07
4.140000000000000000e+02,1.911670891093646962e-01,5.226973307511557643e-01,-1.095419068262779804e-09,-2.611480105804724894e-01,-1.073101850348725246e-06
4.150000000000000000e+02,1.911669738323060475e-01,5.226973307518603118e-01,1.690935323151874315e-10,-2.611480083905123317e-01,5.255904315623182921e-07
4.160000000000000000e+02,1.911668553388210234e-01,5.226973307547390091e-01,6.908910975675689286e-10,-2.611480063011937802e-01,5.014364497350634024e-07
4.170000000000000000e+02,1.911667332510578465e-01,5.226973307500748511e-01,-1.119386276156353260e-09,-2.611480107636918180e-01,-1.070999527518628400e-06
4.180000000000000000e+02,1.911666179743809479e-01,5.226973307506983524e-01,1.496472227398767724e-10,-2.611480085653815619e-01,5.275944549821504106e-07
4.190000000000000000e+02,1.911664994812184437e-01,5.226973307535125457e-01,6.754178864223946746e-10,-2.611480064681023783e-01,5.033470026963069759e-07
4.200000000000000000e+02,1.911663773937276045e-01,5.226973307487985387e-01,-1.131374066028420633e-09,-2.611480109230102098e-01,-1.069177876936777432e-06
4.210000000000000000e+02,1.911662621173598198e-01,5.226973307493848475e-01,1.407066190624549453e-10,-2.611480087174621878e-01,5.293315298764161795e-07
4.220000000000000000e+02,1.911661436244571910e-01,5.226973307521729506e-01,6.691379906747814433e-10,-2.611480066132805256e-01,5.050035995901668855e-07
4.230000000000000000e+02,1.911660215371845939e-01,5.226973307474424013e-01,-1.135338676228157368e-09,-2.611480110616050121e-01,-1.067597875966057777e-06
4.240000000000000000e+02,1.911659062610691351e-01,5.226973307480204944e-01,1.387526274067169105e-10,-2.611480088497774577e-01,5.308386140725159289e-07
4.250000000000000000e+02,1.911657877683776707e-01,5.226973307508077093e-01,6.689227153927708930e-10,-2.611480067396055316e-01,5.064412574749827060e-07
4.260000000000000000e+02,1.911656656812813770e-01,5.226973307460824891e-01,-1.134060018712458011e-09,-2.611480111822152561e-01,-1.066226334547816311e-06
4.270000000000000000e+02,1.911655504053733912e-01,5.226973307466712404e-01,1.413102710005197885e-10,-2.611480089649353409e-01,5.321471824969294600e-07
4.280000000000000000e+02,1.911654319128546775e-01,5.226973307494735543e-01,6.725685582843238888e-10,-2.611480068495610207e-01,5.076898357523287335e-07
4.290000000000000000e+02,1.911653098259020744e-01,5.226973307447673189e-01,-1.129492577159330575e-09,-2.611480112872064940e-01,-1.065034912808046118e-06
4.300000000000000000e+02,1.911651945501658123e-01,5.226973307453783857e-01,1.466486423631125757e-10,-2.611480090651892572e-01,5.332841375715678735e-07
4.310000000000000000e+02,1.911650760577894292e-01,5.226973307482056796e-01,6.785431190258301761e-10,-2.611480069452939423e-01,5.087748808470296016e-07
4.320000000000000000e+02,1.911649539709545931e-01,5.226973307435265337e-01,-1.122998106445918003e-09,-2.611480113786245338e-01,-1.063999346654011776e-06
4.330000000000000000e+02,1.911648386953613832e-01,5.226973307441663552e-01,1.535623565323350047e-10,-2.611480091524889802e-01,5.342725341547283682e-07
4.340000000000000000e+02,1.911647202031032111e-01,5.226973307470238472e-01,6.857883546611363419e-10,-2.611480070286626987e-01,5.097183062123992127e-07
4.350000000000000000e+02,1.911646017061526537e-01,5.226973307517751577e-01,1.140324113594493039e-09,-2.611480050022900179e-01,4.863294409516092973e-07
4.360000000000000000e+02,1.911644796154215176e-01,5.226973307487343678e-01,-7.297905409868729440e-10,-2.611480095247116773e-01,-1.085381201187678477e-06
4.370000000000000000e+02,1.911643643355812883e-01,5.226973307507596367e-01,4.860530751631209884e-10,-2.611480073834588911e-01,5.139006730154594849e-07
4.380000000000000000e+02,1.911642458397132538e-01,5.226973307547787551e-01,9.645880318612936780e-10,-2.611480053405178525e-01,4.903058479329418055e-07
4.390000000000000000e+02,1.911641237499080714e-01,5.226973307510949240e-01,-8.841080699403334413e-10,-2.611480098471830602e-01,-1.081599643925100612e-06
4.400000000000000000e+02,1.911640084710284626e-01,5.226973307525567547e-01,3.508426549111563962e-10,-2.611480076909422077e-01,5.174978062352392645e-07
4.410000000000000000e+02,1.911638899759886823e-01,5.226973307560834892e-01,8.464100676124278215e-10,-2.611480056337407984e-01,4.937283418557013023e-07
4.420000000000000000e+02,1.911637678868978174e-01,5.226973307519705569e-01,-9.871156865485581132e-10,-2.611480101268349174e-01,-1.078342593598199803e-06
4.430000000000000000e+02,1.911636526087719112e-01,5.226973307530594637e-01,2.613367844152746049e-10,-2.611480079576763424e-01,5.205980562138778098e-07
4.440000000000000000e+02,1.911635341143786970e-01,5.226973307562632343e-01,7.689145622599499028e-10,-2.611480058881766597e-01,4.966799250548326419e-07
4.450000000000000000e+02,1.911634120258426939e-01,5.226973307518718581e-01,-1.053936593118467488e-09,-2.611480103695600907e-01,-1.075532019468607758e-06
4.460000000000000000e+02,1.911632967483128664e-01,5.226973307527218449e-01,2.039913408615764459e-10,-2.611480081892482707e-01,5.232748348350087973e-07
4.470000000000000000e+02,1.911631782544283564e-01,5.226973307557217785e-01,7.199712658913839899e-10,-2.611480061091244753e-01,4.992297080652609278e-07
4.480000000000000000e+02,1.911630561663265337e-01,5.226973307511574296e-01,-1.095438967613996133e-09,-2.611480105803862251e-01,-1.073102819337357661e-06
4.490000000000000000e+02,1.911629408892718263e-01,5.226973307518618661e-01,1.690752656992892870e-10,-2.611480083904299532e-01,5.255895058710383253e-07
4.500000000000000000e+02,1.911628223957907713e-01,5.226973307547405634e-01,6.908745502454142683e-10,-2.611480063011150654e-01,5.014355668966890146e-07
4.510000000000000000e+02,1.911627003080315079e-01,5.226973307500764054e-01,-1.119403778990405969e-09,-2.611480107636166004e-01,-1.071000372055023334e-06
4.520000000000000000e+02,1.911625850313585229e-01,5.226973307506999067e-01,1.496288385315679162e-10,-2.611480085653097305e-01,5.275936475076825072e-07
4.530000000000000000e+02,1.911624665381999877e-01,5.226973307535141000e-01,6.753986366473832158e-10,-2.611480064680337665e-01,5.033462312031278218e-07
4.540000000000000000e+02,1.911623444507130898e-01,5.226973307487999820e-01,-1.131394104286732233e-09,-2.611480109229446511e-01,-1.069178613936575017e-06
4.550000000000000000e+02,1.911622291743492741e-01,5.226973307493861798e-01,1.406884371680838276e-10,-2.611480087173995712e-01,5.293308245363844216e-07
4.560000000000000000e+02,1.911621106814506421e-01,5.226973307521741718e-01,6.691217335462433457e-10,-2.611480066132207400e-01,5.050029259198281813e-07
4.570000000000000000e+02,1.911619885941820418e-01,5.226973307474435115e-01,-1.135352979628201807e-09,-2.611480110615478911e-01,-1.067598519022741543e-06
4.580000000000000000e+02,1.911618733180706076e-01,5.226973307480216047e-01,1.387403227265387323e-10,-2.611480088497228902e-01,5.308379992625187523e-07
4.590000000000000000e+02,1.911617548253830845e-01,5.226973307508087085e-01,6.689097659496072791e-10,-2.611480067395534066e-01,5.064406699934169352e-07
4.600000000000000000e+02,1.911616327382908431e-01,5.226973307460833773e-01,-1.134070911878749387e-09,-2.611480111821654626e-01,-1.066226895926733135e-06
4.610000000000000000e+02,1.911615174623868263e-01,5.226973307466721286e-01,1.413014325005755520e-10,-2.611480089648877678e-01,5.321466457433847712e-07
4.620000000000000000e+02,1.911613989698720817e-01,5.226973307494744425e-01,6.725591407372124132e-10,-2.611480068495156126e-01,5.076893226957905997e-07
4.630000000000000000e+02,1.911612768829234477e-01,5.226973307447682071e-01,-1.129502519765486371e-09,-2.611480112871631398e-01,-1.065035402258191587e-06
4.640000000000000000e+02,1.911611616071911546e-01,5.226973307453791628e-01,1.466382012823926489e-10,-2.611480090651478458e-01,5.332836704815245655e-07
4.650000000000000000e+02,1.911610431148187683e-01,5.226973307482063458e-01,6.785348563520046355e-10,-2.611480069452543629e-01,5.087744346131440817e-07
4.660000000000000000e+02,1.911609210279879567e-01,5.226973307435271998e-01,-1.123004176683001564e-09,-2.611480113785867307e-01,-1.063999773407039375e-06
4.670000000000000000e+02,1.911608057523987436e-01,5.226973307441670213e-01,1.535558435649878767e-10,-2.611480091524528979e-01,5.342721263372148427e-07
4.680000000000000000e+02,1.911606872601445406e-01,5.226973307470244023e-01,6.857814196042327491e-10,-2.611480070286282262e-01,5.097179173261902194e-07
4.690000000000000000e+02,1.911605687631980355e-01,5.226973307517757128e-01,1.140319442475076837e-09,-2.611480050022570998e-01,4.863290694980013735e-07
4.700000000000000000e+02,1.911604466724708962e-01,5.226973307487349230e-01,-7.297955932823700300e-10,-2.611480095246802580e-01,-1.085381555717259372e-06
4.710000000000000000e+02,1.911603313926346082e-01,5.226973307507600808e-01,4.860476466316298321e-10,-2.611480073834288596e-01,5.139003351302045416e-07
4.720000000000000000e+02,1.911602128967706815e-01,5.226973307547791991e-01,9.645849005388971088e-10,-2.611480053404891533e-01,4.903055244511419407e-07
4.730000000000000000e+02,1.911600908069694682e-01,5.226973307510953681e-01,-8.841115289495723894e-10,-2.611480098471556377e-01,-1.081599952985349174e-06
4.740000000000000000e+02,1.911599755280938839e-01,5.226973307525571988e-01,3.508388853753863457e-10,-2.611480076909160064e-01,5.174975110993818388e-07
4.750000000000000000e+02,1.911598570330581004e-01,5.226973307560839332e-01,8.464059764047316978e-10,-2.611480056337157629e-01,4.937280593715509639e-07
4.760000000000000000e+02,1.911597349439712046e-01,5.226973307519708900e-01,-9.871200548081610336e-10,-2.611480101268110476e-01,-1.078342863304070285e-06
4.770000000000000000e+02,1.911596196658493507e-01,5.226973307530597967e-01,2.613347874428544778e-10,-2.611480079576535274e-01,5.205977995668694938e-07
4.780000000000000000e+02,1.911595011714601333e-01,5.226973307562635673e-01,7.689122915332672061e-10,-2.611480058881548438e-01,4.966796795098676956e-07
4.790000000000000000e+02,1.911593790829281547e-01,5.226973307518721912e-01,-1.053939136414531534e-09,-2.611480103695392185e-01,-1.075532254942834511e-06
4.800000000000000000e+02,1.911592638054022963e-01,5.226973307527221779e-01,2.039885755579062293e-10,-2.611480081892283422e-01,5.232746096007782778e-07
