# Time, SliderHeight, Motor1Pos, Motor1Vel, Motor2Pos, Motor2Vel
0.000000000000000000e+00,2.600000000000000089e-01,0.000000000000000000e+00,0.000000000000000000e+00,0.000000000000000000e+00,0.000000000000000000e+00
1.000000000000000000e+00,2.096125171339617288e-01,3.265726566314697005e-03,7.837743759155273438e-01,-3.611700439195091560e-03,-8.668081054068219604e-01
2.000000000000000000e+00,2.617204214519725514e-01,6.491107940673826460e-03,7.740915298461912286e-01,-7.850667053109274332e-03,-1.017351987339403907e+00
3.000000000000000000e+00,2.599691620305439876e-01,9.639170646667478970e-03,7.555350494384766025e-01,-1.197715042870834898e-02,-9.903560101437777208e-01
4.000000000000000000e+00,2.566378881380824706e-01,1.286597270965576106e-02,7.744324951171875915e-01,-1.605569926873758740e-02,-9.788517216070174998e-01
5.000000000000000000e+00,2.547298562267321653e-01,1.623848574638366710e-02,8.094031288146972258e-01,-2.023032356265488593e-02,-1.001909830540151480e+00
6.000000000000000000e+00,2.537375171255111250e-01,1.974753287982940891e-02,8.421713120269775921e-01,-2.453383762395408910e-02,-1.032843374711808648e+00
7.000000000000000000e+00,2.522711975172829968e-01,2.340266478853226043e-02,8.772316580886840853e-01,-2.901755467839226693e-02,-1.076092093065162292e+00
8.000000000000000000e+00,2.513514601154505645e-01,2.716661726948738434e-02,9.033485954292297393e-01,-3.365790156288435420e-02,-1.113683252278101721e+00
9.000000000000000000e+00,2.509030703469553591e-01,3.096592934891987184e-02,9.118348990637969997e-01,-3.839613000265162945e-02,-1.137174825544146284e+00
1.000000000000000000e+01,2.509052220502764330e-01,3.468552689521380017e-02,8.927034111105422998e-01,-4.312340405261518711e-02,-1.134545771991254171e+00
1.100000000000000000e+01,2.492649733512817822e-01,3.828638309927762107e-02,8.642054889753179037e-01,-4.776523436803904732e-02,-1.114039275701727005e+00
1.200000000000000000e+01,2.467018150400231702e-01,4.178031845115405540e-02,8.385444844503450179e-01,-5.231081878892952092e-02,-1.090940261013713330e+00
1.300000000000000000e+01,2.441111588321199788e-01,4.517652299901350060e-02,8.150890914862675141e-01,-5.677901091680116058e-02,-1.072366110689193963e+00
1.400000000000000000e+01,2.420849303695117027e-01,4.843495226115438618e-02,7.820230229138126488e-01,-6.117864661779733731e-02,-1.055912568239083082e+00
1.500000000000000000e+01,2.394249775873659170e-01,5.153719725796985368e-02,7.445387992357127560e-01,-6.547779688290621125e-02,-1.031796063626131188e+00
1.600000000000000000e+01,4.773463909078645706e-01,5.448794306100535750e-02,7.081789927285208064e-01,-6.966320520976912456e-02,-1.004497998447099416e+00
1.700000000000000000e+01,2.617612191639792640e-01,5.729355155328125920e-02,6.733460381462169630e-01,-7.373167630385529803e-02,-9.764330625806820763e-01
1.800000000000000000e+01,2.405483406020562653e-01,5.995375876034198664e-02,6.384497296945751410e-01,-7.766869090494606109e-02,-9.448835042617830249e-01
1.900000000000000000e+01,2.438131008476218942e-01,6.247509982837555487e-02,6.051218563280560403e-01,-8.147338855186758710e-02,-9.131274352611667977e-01
2.000000000000000000e+01,2.445031572331819170e-01,6.486083982370172141e-02,5.725775988782800807e-01,-8.514767598370345802e-02,-8.818289836406077997e-01
2.100000000000000000e+01,2.444533891737998843e-01,6.711738033433312101e-02,5.415697225515346824e-01,-8.869420379935626098e-02,-8.511666757566714869e-01
2.200000000000000000e+01,2.441977280870276934e-01,6.925069140130148126e-02,5.119946560724053519e-01,-9.211560710150623610e-02,-8.211367925159940295e-01
2.300000000000000000e+01,2.438872798893305660e-01,7.126463209161380818e-02,4.833457656749597375e-01,-9.541204179108676853e-02,-7.911443254993285601e-01
2.400000000000000000e+01,2.435257431835162190e-01,7.316326560660620093e-02,4.556720435981756467e-01,-9.858331992035412883e-02,-7.611067510241659173e-01
2.500000000000000000e+01,2.431111123582145872e-01,7.495101747000279535e-02,4.290604472151842153e-01,-1.016296695272123768e-01,-7.311239056459789554e-01
2.600000000000000000e+01,2.425661966228833399e-01,7.663244638307975531e-02,4.035429391384704467e-01,-1.045497968145035206e-01,-7.008305489498750651e-01
2.700000000000000000e+01,2.423270640791133079e-01,7.819298068421466630e-02,3.745282322723790802e-01,-1.073179316157737984e-01,-6.643523523048678880e-01
2.800000000000000000e+01,2.418302466005093909e-01,7.963349846978216851e-02,3.457242685362015844e-01,-1.099333554987360767e-01,-6.277017319109455817e-01
2.900000000000000000e+01,2.411987025481604208e-01,8.097787546875848119e-02,3.226504797543157665e-01,-1.124287213191403623e-01,-5.988877968970292009e-01
3.000000000000000000e+01,2.404801279341408915e-01,8.222779483728638594e-02,2.999806484466980283e-01,-1.148013761730650589e-01,-5.694371649419275316e-01
3.100000000000000000e+01,2.395200916484448994e-01,8.341157032510729263e-02,2.841061170770179944e-01,-1.170977436472876998e-01,-5.511281938134346969e-01
3.200000000000000000e+01,2.383307598852905940e-01,8.454560499216061398e-02,2.721683200927987323e-01,-1.193670988433348373e-01,-5.446452470513143407e-01
3.300000000000000000e+01,2.372972543312056870e-01,8.562251860640890389e-02,2.584592674195880235e-01,-1.216013545113316802e-01,-5.362213603192428346e-01
3.400000000000000000e+01,2.370715466645540448e-01,8.665054084130328904e-02,2.467253363746525763e-01,-1.237920058653514815e-01,-5.257563249647507764e-01
3.500000000000000000e+01,2.365101757511991754e-01,8.762927390278758832e-02,2.348959347562305788e-01,-1.259311914043809433e-01,-5.134045293670734811e-01
3.600000000000000000e+01,2.359242710620036154e-01,8.856061283178373600e-02,2.235213429590742484e-01,-1.280168991920816179e-01,-5.005698690481620305e-01
3.700000000000000000e+01,2.353034343856997002e-01,8.944154247725526197e-02,2.114231149131667320e-01,-1.300517560515523918e-01,-4.883656462729831782e-01
3.800000000000000000e+01,2.346949944871122296e-01,9.027012406365143848e-02,1.988595807350825029e-01,-1.320359922772992856e-01,-4.762166941792534414e-01
3.900000000000000000e+01,2.341041472680701618e-01,9.104662732997001462e-02,1.863607839164571345e-01,-1.339681372636273016e-01,-4.637147967187254527e-01
4.000000000000000000e+01,2.336090960283794815e-01,9.180150267528111585e-02,1.811700828746647951e-01,-1.358817153209788964e-01,-4.592587337643824208e-01
4.100000000000000000e+01,2.332354664564512403e-01,9.253801557761384688e-02,1.767630965598546156e-01,-1.377865016193101089e-01,-4.571487115994918859e-01
4.200000000000000000e+01,2.329019481638250344e-01,9.325492072113114594e-02,1.720572344441522461e-01,-1.396824812648513603e-01,-4.550351149298993425e-01
4.300000000000000000e+01,2.325761049355484777e-01,9.395236690051339545e-02,1.673870830517390496e-01,-1.415688332102733038e-01,-4.527244669012647771e-01
4.400000000000000000e+01,2.322523115179616349e-01,9.463063108212038665e-02,1.627834035856763895e-01,-1.434445562525425155e-01,-4.501735301446099236e-01
4.500000000000000000e+01,2.319316800023425440e-01,9.529275203305141717e-02,1.589090282234465190e-01,-1.453140571025461625e-01,-4.486802040008764925e-01
4.600000000000000000e+01,2.316333858672561252e-01,9.594294283888628316e-02,1.560457934003693370e-01,-1.471853906787143063e-01,-4.491200582803543395e-01
4.700000000000000000e+01,2.313619042698206452e-01,9.658011961670419365e-02,1.529224266762993778e-01,-1.490583379456436319e-01,-4.495073440630367179e-01
4.800000000000000000e+01,2.310957722548109827e-01,9.720441551826924931e-02,1.498310163756128854e-01,-1.509321355273457732e-01,-4.497114196085151283e-01
4.900000000000000000e+01,2.308347443527186127e-01,9.781807230552314048e-02,1.472776289409323813e-01,-1.528090289339541774e-01,-4.504544175860183963e-01
5.000000000000000000e+01,2.305941847120911437e-01,9.842673748708019588e-02,1.460796435736944621e-01,-1.546974585448312456e-01,-4.532231066104976391e-01
5.100000000000000000e+01,2.303759510132121768e-01,9.902925321438535433e-02,1.446037745532392227e-01,-1.565971856708474053e-01,-4.559345102438815966e-01
5.200000000000000000e+01,2.301568049218809531e-01,9.962396349589787425e-02,1.427304675630033104e-01,-1.585051612909270102e-01,-4.579141488191035281e-01
5.300000000000000000e+01,2.298987218620033579e-01,1.002002465076514692e-01,1.383079228208629885e-01,-1.604051497747570054e-01,-4.559972361191999557e-01
5.400000000000000000e+01,2.296076878116284914e-01,1.007607138765396482e-01,1.345121685331614747e-01,-1.622955507490101701e-01,-4.536962338207567447e-01
5.500000000000000000e+01,2.293078919258098591e-01,1.013058325599916348e-01,1.308284840284779926e-01,-1.641753142881152150e-01,-4.511432493852141068e-01
5.600000000000000000e+01,2.289799463254252043e-01,1.018314928666908398e-01,1.261584736078080748e-01,-1.660414599604389807e-01,-4.478749613577038269e-01
5.700000000000000000e+01,2.286221158521240526e-01,1.023320231607102310e-01,1.201272705646540956e-01,-1.678889092707916142e-01,-4.433878344846290398e-01
5.800000000000000000e+01,2.282749555560635024e-01,1.028099543247112252e-01,1.147034793602394742e-01,-1.697185245368734996e-01,-4.391076638596522752e-01
5.900000000000000000e+01,2.279375726937049040e-01,1.032675045484443277e-01,1.098120536959441285e-01,-1.715324557316770804e-01,-4.353434867528619412e-01
6.000000000000000000e+01,2.276089099942236460e-01,1.037047330517297805e-01,1.049348407885078577e-01,-1.733300509893123120e-01,-4.314228618324589259e-01
6.100000000000000000e+01,2.272866007809737632e-01,1.041225395183616176e-01,1.002735519916394397e-01,-1.751110991397402394e-01,-4.274515561027047439e-01
6.200000000000000000e+01,2.269686997802198847e-01,1.045215965730714736e-01,9.577369313036597498e-02,-1.768751806520434122e-01,-4.233795629527618565e-01
6.300000000000000000e+01,2.266550320091930693e-01,1.049026228269429178e-01,9.144630092914582398e-02,-1.786219447704862628e-01,-4.192233884262847043e-01
6.400000000000000000e+01,2.263454084913486264e-01,1.052662948322735242e-01,8.728128127934640934e-02,-1.803510370718876821e-01,-4.149821523363422249e-01
6.500000000000000000e+01,2.260397161903139329e-01,1.056132751303114348e-01,8.327527152909738883e-02,-1.820621355951524412e-01,-4.106636455835432908e-01
6.600000000000000000e+01,2.257688536068979124e-01,1.059522304770825346e-01,8.134928322506450316e-02,-1.837678669018176503e-01,-4.093755135996520744e-01
6.700000000000000000e+01,2.255195304198729378e-01,1.062824792120586059e-01,7.925969639425731184e-02,-1.854705171098674221e-01,-4.086360499319482420e-01
6.800000000000000000e+01,2.252852582364892331e-01,1.066038787174579672e-01,7.713588129584722508e-02,-1.871698429861991531e-01,-4.078382103196132591e-01
6.900000000000000000e+01,2.250552971431178106e-01,1.069168728418669612e-01,7.511858985815708656e-02,-1.888655660163756633e-01,-4.069735272423639083e-01
7.000000000000000000e+01,2.248265102190851461e-01,1.072217597211171519e-01,7.317285102004628117e-02,-1.905571434746441417e-01,-4.059785899844365331e-01
7.100000000000000000e+01,2.245985925625636481e-01,1.075189268867465242e-01,7.132011975104952939e-02,-1.922441196903816873e-01,-4.048742917770090655e-01
7.200000000000000000e+01,2.243712899035597286e-01,1.078087052357458164e-01,6.954680375983129936e-02,-1.939259862123637601e-01,-4.036479652756999048e-01
7.300000000000000000e+01,2.241444563972576354e-01,1.080914283381935737e-01,6.785354458746156725e-02,-1.956022794740238657e-01,-4.023103827984236269e-01
7.400000000000000000e+01,2.239183758338704200e-01,1.083674262094828644e-01,6.623948910942828450e-02,-1.972725017991816543e-01,-4.008533580378684236e-01
7.500000000000000000e+01,2.236333924961929898e-01,1.086265710110962263e-01,6.219475238720598154e-02,-1.989251337165078015e-01,-3.966316601582764445e-01
7.600000000000000000e+01,2.233148430409080398e-01,1.088651240273266901e-01,5.725272389531146922e-02,-2.005546803815163315e-01,-3.910911996020440262e-01
7.700000000000000000e+01,2.230104358475162030e-01,1.090865630272582071e-01,5.314535998356352542e-02,-2.021633698531685175e-01,-3.860854731965273623e-01
7.800000000000000000e+01,2.227020943217162818e-01,1.092901437011559174e-01,4.885936173545124550e-02,-2.037495834221272339e-01,-3.806912565500930601e-01
7.900000000000000000e+01,2.224028669353743382e-01,1.094773955816506772e-01,4.494045131874214311e-02,-2.053139146497693079e-01,-3.754394946340979811e-01
8.000000000000000000e+01,2.221054599497013782e-01,1.096485567993950305e-01,4.107869225864523716e-02,-2.068557950554055502e-01,-3.700512973526955962e-01
8.100000000000000000e+01,2.218139185050538587e-01,1.098045271253911964e-01,3.743287823907957140e-02,-2.083753358749535489e-01,-3.646897966915230160e-01
8.200000000000000000e+01,2.215482368725633644e-01,1.099490965857799346e-01,3.469667049329658304e-02,-2.098750750507105134e-01,-3.599374021816734714e-01
8.300000000000000000e+01,2.213135786774263480e-01,1.100875418294693930e-01,3.322685848547075882e-02,-2.113604051129689410e-01,-3.564792149420224487e-01
8.400000000000000000e+01,2.210894618001444101e-01,1.102217090942763655e-01,3.220014355367176867e-02,-2.128356965413693846e-01,-3.540699428161069862e-01
8.500000000000000000e+01,2.208699963628405205e-01,1.103501784341010539e-01,3.083264155792356243e-02,-2.142996464995448325e-01,-3.513479899621093638e-01
8.600000000000000000e+01,2.206582764384874273e-01,1.104738295855945129e-01,2.967627635842986361e-02,-2.157526559973870495e-01,-3.487222794821345784e-01
8.700000000000000000e+01,2.204453254894578329e-01,1.105925006374263025e-01,2.848105243962784430e-02,-2.171940428625150632e-01,-3.459328476307237943e-01
8.800000000000000000e+01,2.202274458065649199e-01,1.107056942019948309e-01,2.716645549644612981e-02,-2.186233451316301479e-01,-3.430325445876229451e-01
8.900000000000000000e+01,2.199647075811795582e-01,1.108056610614736870e-01,2.399204627492642836e-02,-2.200300619318674988e-01,-3.376120320569624411e-01
9.000000000000000000e+01,2.197288079583643028e-01,1.108981048277628417e-01,2.218650390939675907e-02,-2.214187525494031861e-01,-3.332857482085664347e-01
9.100000000000000000e+01,2.194748395061496271e-01,1.109806128035436823e-01,1.980191418740234049e-02,-2.227865197762668448e-01,-3.282641344472810307e-01
9.200000000000000000e+01,2.192014669177299035e-01,1.110514486751363328e-01,1.700060918223636475e-02,-2.241360221956510690e-01,-3.238805806522123687e-01
9.300000000000000000e+01,2.188977168678699625e-01,1.111047582258050670e-01,1.279429216049711437e-02,-2.254696376312679551e-01,-3.200677045480515015e-01
9.400000000000000000e+01,2.186448086054424977e-01,1.111421450760303464e-01,8.972844054066612951e-03,-2.267892468442536391e-01,-3.167062111165625526e-01
9.500000000000000000e+01,2.183935400040020458e-01,1.111632643449013136e-01,5.068624529030976884e-03,-2.280938513699190262e-01,-3.131050861596919588e-01
9.600000000000000000e+01,2.181501174153804012e-01,1.111691944278214578e-01,1.423219900834773836e-03,-2.293836254736499047e-01,-3.095457848954082380e-01
9.700000000000000000e+01,2.179074095616782003e-01,1.111602263877034952e-01,-2.152329628311199644e-03,-2.306580226594850958e-01,-3.058553246004481752e-01
9.800000000000000000e+01,2.176692659534620045e-01,1.111371168997205006e-01,-5.546277115919566979e-03,-2.319169385112506421e-01,-3.021398044237296188e-01
9.900000000000000000e+01,2.174578814587790343e-01,1.111038073455974523e-01,-7.994292989532806454e-03,-2.331639208981856892e-01,-2.992757728644143134e-01
1.000000000000000000e+02,2.173849567725934240e-01,1.110802660485224469e-01,-5.649911298001533688e-03,-2.344209592273354403e-01,-3.016891989959423204e-01
1.010000000000000000e+02,2.172443609055309810e-01,1.110574993580683983e-01,-5.464005708972917777e-03,-2.356809920725692620e-01,-3.024078828561151955e-01
1.020000000000000000e+02,2.171388877094829195e-01,1.110386544248555540e-01,-4.522783971083584910e-03,-2.369463932505969095e-01,-3.036962827266325160e-01
1.030000000000000000e+02,2.170190295823869187e-01,1.110224390430236824e-01,-3.891691639649174847e-03,-2.382156901352160128e-01,-3.046312523085842883e-01
1.040000000000000000e+02,2.169008358960967386e-01,1.110091803434179597e-01,-3.182087905371787200e-03,-2.394889401906032389e-01,-3.055800132929368806e-01
1.050000000000000000e+02,2.167672844477842309e-01,1.109974203672426663e-01,-2.822394282070791408e-03,-2.407669342321128170e-01,-3.067185699623018458e-01
1.060000000000000000e+02,2.166440533482398845e-01,1.109871701746956429e-01,-2.460046211285658695e-03,-2.420496240343426586e-01,-3.078455525351650457e-01
1.070000000000000000e+02,2.165198958415195385e-01,1.109783503129877918e-01,-2.116766809883683948e-03,-2.433365430014529929e-01,-3.088605521064790582e-01
1.080000000000000000e+02,2.163942885096870328e-01,1.109710025234340036e-01,-1.763469492908952517e-03,-2.446272771576524785e-01,-3.097761974878732172e-01
1.090000000000000000e+02,2.162669043027787008e-01,1.109651584127532009e-01,-1.402586563393458559e-03,-2.459213496166005319e-01,-3.105773901475341048e-01
1.100000000000000000e+02,2.161336763073817557e-01,1.109600536852168862e-01,-1.225134608714378934e-03,-2.472163314447584637e-01,-3.107956387579041690e-01
1.110000000000000000e+02,2.159783139253300399e-01,1.109523957516927589e-01,-1.837904045792070670e-03,-2.485027141713307686e-01,-3.087318543773545088e-01
1.120000000000000000e+02,2.158348808854578804e-01,1.109494434785406880e-01,-7.085455564962495675e-04,-2.497951859840639166e-01,-3.101932350559527540e-01
1.130000000000000000e+02,2.156871297804976162e-01,1.109461784653271166e-01,-7.836031712567281034e-04,-2.510902978130182261e-01,-3.108268389490403405e-01
1.140000000000000000e+02,2.155466606329024259e-01,1.109426319860581933e-01,-8.511550245411940874e-04,-2.523888257576229477e-01,-3.116467067051390538e-01
1.150000000000000000e+02,2.153518648106143296e-01,1.109291404720989804e-01,-3.237963350212087147e-03,-2.536742276638631055e-01,-3.084964574976404306e-01
1.160000000000000000e+02,2.151704461495236587e-01,1.109096667382283158e-01,-4.673696128960519967e-03,-2.549388039132851058e-01,-3.034982998612809624e-01
1.170000000000000000e+02,2.149483146172252723e-01,1.108859236132946346e-01,-5.698349984082183052e-03,-2.561824913043588281e-01,-2.984849738576978995e-01
1.180000000000000000e+02,2.147206068493266451e-01,1.108580757759672353e-01,-6.683480958574251549e-03,-2.574051316278110901e-01,-2.934336776285460524e-01
1.190000000000000000e+02,2.144962755602239646e-01,1.108265396579499740e-01,-7.568668324142474764e-03,-2.586069788661837787e-01,-2.884433372094429293e-01
1.200000000000000000e+02,2.142747235241215242e-01,1.107915648780222750e-01,-8.393947182646202543e-03,-2.597881900781908171e-01,-2.834906908816879900e-01
1.210000000000000000e+02,2.140565637060351523e-01,1.107534356977304124e-01,-9.151003270045506358e-03,-2.609489513201583288e-01,-2.785826980722064250e-01
1.220000000000000000e+02,2.138416117836059172e-01,1.107124198733949877e-01,-9.843797840501777169e-03,-2.620894538846377797e-01,-2.737206154750702058e-01
1.230000000000000000e+02,2.136296996321536967e-01,1.106687524252400606e-01,-1.048018755718402306e-02,-2.632098907965511603e-01,-2.689048588592049538e-01
1.240000000000000000e+02,2.134209806984518898e-01,1.106226687133251840e-01,-1.106009085957126471e-02,-2.643104566399538391e-01,-2.641358024166441942e-01
1.250000000000000000e+02,2.132152217454081899e-01,1.105743746012394918e-01,-1.159058690056737582e-02,-2.653913474021214469e-01,-2.594137829202198819e-01
1.260000000000000000e+02,2.130017075680723793e-01,1.105224818035911299e-01,-1.245427143560843934e-02,-2.664499797765488287e-01,-2.540717698625732379e-01
1.270000000000000000e+02,2.127947427195012176e-01,1.104682323376790370e-01,-1.301987181890324266e-02,-2.674874113509724260e-01,-2.489835778616683593e-01
1.280000000000000000e+02,2.125877018836336563e-01,1.104115221238543693e-01,-1.361045131792123358e-02,-2.685036462405031021e-01,-2.438963734873678124e-01
1.290000000000000000e+02,2.123856801972096031e-01,1.103527164461979293e-01,-1.411336263754522924e-02,-2.694991053812541004e-01,-2.389101937802336206e-01
1.300000000000000000e+02,2.121868749915148955e-01,1.102919890883060361e-01,-1.457456589405435772e-02,-2.704740722482955606e-01,-2.339920480899544686e-01
1.310000000000000000e+02,2.119918610894994671e-01,1.102295560600601437e-01,-1.498392677901417593e-02,-2.714288854156934327e-01,-2.291551601754911183e-01
1.320000000000000000e+02,2.118003675983864964e-01,1.101655938889601338e-01,-1.535092106400339461e-02,-2.723638496001070108e-01,-2.243914042592608238e-01
1.330000000000000000e+02,2.116124603489052958e-01,1.101002852916137947e-01,-1.567406336312074377e-02,-2.732792837500132577e-01,-2.197041959775004050e-01
1.340000000000000000e+02,2.114280641024800789e-01,1.100338006734326302e-01,-1.595630836347853784e-02,-2.741755166422927825e-01,-2.150958941470845764e-01
1.350000000000000000e+02,2.112471585651359840e-01,1.099662993597514682e-01,-1.620031528347824420e-02,-2.750528382156736118e-01,-2.105571776114044669e-01
1.360000000000000000e+02,2.110696157593144329e-01,1.098979366643006023e-01,-1.640704690820653580e-02,-2.759115690196558557e-01,-2.060953929557335085e-01
1.370000000000000000e+02,2.108953524418527847e-01,1.098288404485083525e-01,-1.658309179013966669e-02,-2.767520243708796457e-01,-2.017092842937046882e-01
1.380000000000000000e+02,2.107245092587611279e-01,1.097591496295181046e-01,-1.672579655765887852e-02,-2.775745118961790436e-01,-1.973970060718530650e-01
1.390000000000000000e+02,2.105568202534040534e-01,1.096889773118299577e-01,-1.684135624515465529e-02,-2.783793233608659046e-01,-1.931547515248481783e-01
1.400000000000000000e+02,2.103924553082328897e-01,1.096184550918163914e-01,-1.692533280325631689e-02,-2.791667839385979510e-01,-1.889905386556883227e-01
1.410000000000000000e+02,2.102311235759998231e-01,1.095476716038902426e-01,-1.698803710227643135e-02,-2.799371713845058562e-01,-1.848929870179023549e-01
1.420000000000000000e+02,2.100730148981231615e-01,1.094767423818099328e-01,-1.702301329927542045e-02,-2.806908012433165789e-01,-1.808711661145742666e-01
1.430000000000000000e+02,2.099179548138659368e-01,1.094057594850290777e-01,-1.703589522740461479e-02,-2.814279545250520931e-01,-1.769167876165199937e-01
1.440000000000000000e+02,2.097658280135693831e-01,1.093347998065914706e-01,-1.703032282502542002e-02,-2.821489348026802180e-01,-1.730352666307460041e-01
1.450000000000000000e+02,2.096169341725736546e-01,1.092639742734878572e-01,-1.699812794486659298e-02,-2.828540331732654067e-01,-1.692236089404488553e-01
1.460000000000000000e+02,2.094919600119147796e-01,1.091964523592158509e-01,-1.620525942528220492e-02,-2.835456424902164652e-01,-1.659862360682539395e-01
1.470000000000000000e+02,2.093882176559110353e-01,1.091357303200868600e-01,-1.457328939095716216e-02,-2.842259908274072377e-01,-1.632836009257830900e-01
1.480000000000000000e+02,2.092695523775645050e-01,1.090801864151991346e-01,-1.333053717305277865e-02,-2.848937813540036168e-01,-1.602697263831308339e-01
1.490000000000000000e+02,2.091646983954955075e-01,1.090319850401434421e-01,-1.156833001336455072e-02,-2.855479512303832901e-01,-1.570007703311205871e-01
1.500000000000000000e+02,2.090600993307482613e-01,1.089933006486016320e-01,-9.284253970035709000e-03,-2.861855322441249627e-01,-1.530194432980071240e-01
1.510000000000000000e+02,2.089424429736997935e-01,1.089640756118939319e-01,-7.014008809848666821e-03,-2.868064309049360716e-01,-1.490156785946709639e-01
1.520000000000000000e+02,2.088238944254047769e-01,1.089438348712306603e-01,-4.857777759186120842e-03,-2.874107657273455296e-01,-1.450403573782700906e-01
1.530000000000000000e+02,2.087064782982206157e-01,1.089321270318431845e-01,-2.809881452994155392e-03,-2.879987625837188703e-01,-1.411192455296022275e-01
1.540000000000000000e+02,2.085903193896885277e-01,1.089284862337949744e-01,-8.737915315716788828e-04,-2.885706366801140677e-01,-1.372497831348445663e-01
1.550000000000000000e+02,2.084756073731335868e-01,1.089324634008207449e-01,9.545200861849934297e-04,-2.891266532275569845e-01,-1.334439713863000976e-01
1.560000000000000000e+02,2.083624455021049759e-01,1.089436305224238399e-01,2.680109184744242437e-03,-2.896670330345775257e-01,-1.296911536849251201e-01
1.570000000000000000e+02,2.082508590076530552e-01,1.089615785472993759e-01,4.307525970127404173e-03,-2.901920403939617921e-01,-1.260017662522221471e-01
1.580000000000000000e+02,2.081408516906111394e-01,1.089858916455571092e-01,5.835143581854790144e-03,-2.907019310506107623e-01,-1.223737575957488527e-01
1.590000000000000000e+02,2.080325835922129107e-01,1.090161836493668684e-01,7.270080914343039595e-03,-2.911969768981866324e-01,-1.188110034182038727e-01
1.600000000000000000e+02,2.079261134068189354e-01,1.090521010472170482e-01,8.620175484041647795e-03,-2.916774226409853399e-01,-1.153069782716945324e-01
1.610000000000000000e+02,2.078039435494583587e-01,1.090902798813991464e-01,9.162920203703739386e-03,-2.921415930851694598e-01,-1.114009066041928286e-01
1.620000000000000000e+02,2.077007647377981103e-01,1.091316264965307148e-01,9.923187631575592152e-03,-2.925944267986177461e-01,-1.086800912275863312e-01
1.630000000000000000e+02,2.076001670764278939e-01,1.091749181239162064e-01,1.038999057251953177e-02,-2.930354391882981080e-01,-1.058429735232837426e-01
1.640000000000000000e+02,2.075049836070864961e-01,1.092204847832042719e-01,1.093599822913493384e-02,-2.934653504505903010e-01,-1.031787029501288339e-01
1.650000000000000000e+02,2.074102398851835893e-01,1.092675684898661431e-01,1.130008959884833651e-02,-2.938848475052552867e-01,-1.006792931195928387e-01
1.660000000000000000e+02,2.073201035990847041e-01,1.093136571952313257e-01,1.106128928764507809e-02,-2.942989831656491195e-01,-9.939255849452220681e-02
1.670000000000000000e+02,2.072385893063147522e-01,1.093579265274354784e-01,1.062463972899789326e-02,-2.947075693747649439e-01,-9.806069018779386970e-02
1.680000000000000000e+02,2.071609885749286784e-01,1.094007014749421719e-01,1.026598740160605990e-02,-2.951110597498344257e-01,-9.683769001666928111e-02
1.690000000000000000e+02,2.070834155948177713e-01,1.094418572948551716e-01,9.877396779121217288e-03,-2.955092963022406538e-01,-9.557677257750060718e-02
1.700000000000000000e+02,2.070074070547002765e-01,1.094815439790049055e-01,9.524804195935808807e-03,-2.959024408259168792e-01,-9.435468568229882225e-02
1.710000000000000000e+02,2.069320892098724662e-01,1.095197713502847059e-01,9.174569107152757627e-03,-2.962904809830943509e-01,-9.312963772258892048e-02
1.720000000000000000e+02,2.068578130607642285e-01,1.095566197748723269e-01,8.843621901027404891e-03,-2.966734652744258960e-01,-9.191622991956702182e-02
1.730000000000000000e+02,2.067844060477011525e-01,1.095921138986118981e-01,8.518589697496784310e-03,-2.970514671528214912e-01,-9.072045081493788909e-02
1.740000000000000000e+02,2.067119631906368660e-01,1.096263057050855388e-01,8.206033553674836611e-03,-2.974245110026487171e-01,-8.953052395853991485e-02
1.750000000000000000e+02,2.066405124457419140e-01,1.096592598609106017e-01,7.908997398014504243e-03,-2.977926575128576059e-01,-8.835516245013670666e-02
1.760000000000000000e+02,2.065698482240940770e-01,1.096910047637202901e-01,7.618776674326293435e-03,-2.981559315011807487e-01,-8.718575719755382314e-02
1.770000000000000000e+02,2.065001536744864308e-01,1.097215957737068953e-01,7.341842396786370586e-03,-2.985143910663642930e-01,-8.603029564405705043e-02
1.780000000000000000e+02,2.064312797172788705e-01,1.097510529127210949e-01,7.069713363406698002e-03,-2.988680884972798601e-01,-8.488738341973860180e-02
1.790000000000000000e+02,2.063634359194861934e-01,1.097794538050732432e-01,6.816214164517101458e-03,-2.992170559527506657e-01,-8.375218931299331648e-02
1.800000000000000000e+02,2.062962863605694863e-01,1.098068087079979160e-01,6.565176701922978766e-03,-2.995613402571110084e-01,-8.262823304648769795e-02
1.810000000000000000e+02,2.062300633656568016e-01,1.098331566553286121e-01,6.323507359367577275e-03,-2.999009954731907679e-01,-8.151725185914790450e-02
1.820000000000000000e+02,2.061647378381743223e-01,1.098585566193733820e-01,6.095991370745345271e-03,-3.002360464156789144e-01,-8.041222619715816811e-02
1.830000000000000000e+02,2.061001817389402080e-01,1.098830199519581358e-01,5.871199820340807125e-03,-3.005665660817435914e-01,-7.932471985551770022e-02
1.840000000000000000e+02,2.060365236446955739e-01,1.099065866720485701e-01,5.656012821705176316e-03,-3.008925903665136681e-01,-7.824582834481776106e-02
1.850000000000000000e+02,2.059736820637626531e-01,1.099292927967138317e-01,5.449469919661729771e-03,-3.012141634965341264e-01,-7.717755120491459619e-02
1.860000000000000000e+02,2.059116659257073101e-01,1.099511707413161204e-01,5.250706704550932302e-03,-3.015313342163922217e-01,-7.612097276594105566e-02
1.870000000000000000e+02,2.058504620789620432e-01,1.099722496796814580e-01,5.058945207680016001e-03,-3.018441493764486561e-01,-7.507563841353981360e-02
1.880000000000000000e+02,2.057900015018170048e-01,1.099925558682532251e-01,4.873485257224439114e-03,-3.021526362408668565e-01,-7.403684746036763575e-02
1.890000000000000000e+02,2.057304012435574037e-01,1.100121308192239244e-01,4.697988232966892469e-03,-3.024568521299485502e-01,-7.301181337961294704e-02
1.900000000000000000e+02,2.056702736865280712e-01,1.100307496331297819e-01,4.468515337404504670e-03,-3.027567175017468748e-01,-7.196768923159233000e-02
1.910000000000000000e+02,2.056066801614156170e-01,1.100475363679674357e-01,4.028816361036988668e-03,-3.030519432115560963e-01,-7.085417035420774057e-02
1.920000000000000000e+02,2.055471687406273673e-01,1.100628768874359481e-01,3.681724672443094197e-03,-3.033430319685941901e-01,-6.986130168914632399e-02
1.930000000000000000e+02,2.054873423116013453e-01,1.100766297107773073e-01,3.300677601927333189e-03,-3.036298133426195145e-01,-6.882752976608048912e-02
1.940000000000000000e+02,2.054292510936950589e-01,1.100889655285331864e-01,2.960596261412460489e-03,-3.039124945545154666e-01,-6.784349085502322518e-02
1.950000000000000000e+02,2.053717191585172908e-01,1.101001273691582655e-01,2.678841750017479928e-03,-3.041907495031319630e-01,-6.678118766795665406e-02
1.960000000000000000e+02,2.053149812176208178e-01,1.101105842977697785e-01,2.509662866763657553e-03,-3.044642697962727795e-01,-6.564487035379608371e-02
1.970000000000000000e+02,2.052582264801053047e-01,1.101203829637111831e-01,2.351679825936973511e-03,-3.047330759041851911e-01,-6.451346589898154793e-02
1.980000000000000000e+02,2.052023880334906125e-01,1.101295653513915812e-01,2.203773043294466119e-03,-3.049972339338075655e-01,-6.339792710937537656e-02
1.990000000000000000e+02,2.051473906470787367e-01,1.101381573258501945e-01,2.062073870068444580e-03,-3.052567884802232512e-01,-6.229309113977008622e-02
2.000000000000000000e+02,2.050933904152753284e-01,1.101461881260868275e-01,1.927392056792211986e-03,-3.055118363034198259e-01,-6.121147756717400246e-02
2.010000000000000000e+02,2.050403045264783952e-01,1.101536781067368048e-01,1.797595355995860100e-03,-3.057624436257603273e-01,-6.014575736172456111e-02
2.020000000000000000e+02,2.049880870190623483e-01,1.101606515474364140e-01,1.673625767906191959e-03,-3.060086670671393616e-01,-5.909362593097121363e-02
2.030000000000000000e+02,2.049367494320986638e-01,1.101671362603227761e-01,1.556331092726913595e-03,-3.062505695063910127e-01,-5.805658542039274228e-02
2.040000000000000000e+02,2.048863428383053964e-01,1.101731453553903561e-01,1.442182816217927634e-03,-3.064882492577172268e-01,-5.704314031829291198e-02
2.050000000000000000e+02,2.048367724335494189e-01,1.101786965920986405e-01,1.332296809986648458e-03,-3.067217560608807569e-01,-5.604163275924109455e-02
2.060000000000000000e+02,2.047880713700632738e-01,1.101838297958190743e-01,1.231968892903864514e-03,-3.069511436223646972e-01,-5.505301475614214624e-02
2.070000000000000000e+02,2.047402003068883591e-01,1.101885510070635815e-01,1.133090698681832017e-03,-3.071764990210229529e-01,-5.408529567798744248e-02
2.080000000000000000e+02,2.046930750364086282e-01,1.101928775832218405e-01,1.038378277983607444e-03,-3.073978529441083185e-01,-5.312494154048574835e-02
2.090000000000000000e+02,2.046468925985860665e-01,1.101968430273380095e-01,9.517065878807143492e-04,-3.076153015554896619e-01,-5.218766673152866464e-02
2.100000000000000000e+02,2.046013567328701099e-01,1.102004357689004704e-01,8.622579749911265254e-04,-3.078288866991655270e-01,-5.126043448220316684e-02
2.110000000000000000e+02,2.045566978415079562e-01,1.102036990386290743e-01,7.831847348651306898e-04,-3.080386668963601138e-01,-5.034724732670583375e-02
2.120000000000000000e+02,2.045128537760788345e-01,1.102066419418493010e-01,7.062967728532655717e-04,-3.082447305789622338e-01,-4.945528382450316285e-02
2.130000000000000000e+02,2.044696820674596072e-01,1.102092667128895948e-01,6.299450496694107560e-04,-3.084471156124203306e-01,-4.857240802994174100e-02
2.140000000000000000e+02,2.044273244382747712e-01,1.102115932440389939e-01,5.583674758547268677e-04,-3.086458977988894015e-01,-4.770772475258097667e-02
2.150000000000000000e+02,2.043856827138969823e-01,1.102136513592865824e-01,4.939476594215077470e-04,-3.088411095975221454e-01,-4.685083167185337405e-02
2.160000000000000000e+02,2.043447534480730132e-01,1.102154500188291114e-01,4.316782902079232404e-04,-3.090328189645749624e-01,-4.601024809267906940e-02
2.170000000000000000e+02,2.043045872431440702e-01,1.102169913263791878e-01,3.699138120173266773e-04,-3.092211049420721669e-01,-4.518863459932825205e-02
2.180000000000000000e+02,2.042650653075859524e-01,1.102182950566715641e-01,3.128952701709784086e-04,-3.094059909841197498e-01,-4.437265009142055822e-02
2.190000000000000000e+02,2.042262711677905740e-01,1.102193790069675439e-01,2.601480710348281155e-04,-3.095875458831289784e-01,-4.357317576220910010e-02
2.200000000000000000e+02,2.041881634448272920e-01,1.102202293924798987e-01,2.040925229645387633e-04,-3.097658494336633650e-01,-4.279285212824712747e-02
2.210000000000000000e+02,2.041507728638047581e-01,1.102208874510804265e-01,1.579340641250799571e-04,-3.099409287473464669e-01,-4.201903528395076193e-02
2.220000000000000000e+02,2.041139540866586388e-01,1.102213426131379154e-01,1.092388937964092806e-04,-3.101128439874265008e-01,-4.125965761920286079e-02
2.230000000000000000e+02,2.040778245526249091e-01,1.102216032473777169e-01,6.255221755145946578e-05,-3.102816552612911449e-01,-4.051470572752027821e-02
2.240000000000000000e+02,2.040423589289255268e-01,1.102217007275105576e-01,2.339523188022919916e-05,-3.104473987841960270e-01,-3.977844549717492878e-02
2.250000000000000000e+02,2.040074599500093511e-01,1.102216275270892082e-01,-1.756810112238418707e-05,-3.106101309917290720e-01,-3.905572980793030335e-02
2.260000000000000000e+02,2.039732939810021961e-01,1.102214066746335791e-01,-5.300458934982330678e-05,-3.107699175770805566e-01,-3.834878048436272946e-02
2.270000000000000000e+02,2.039396084280084009e-01,1.102210290934891868e-01,-9.061947465299161498e-05,-3.109267878617994474e-01,-3.764886833253238557e-02
2.280000000000000000e+02,2.039065906335108536e-01,1.102205104565249089e-01,-1.244728714258311905e-04,-3.110808039980665907e-01,-3.696387270411208292e-02
2.290000000000000000e+02,2.038741708429291921e-01,1.102198648693227395e-01,-1.549409285214300221e-04,-3.112320100019158042e-01,-3.628944092381172770e-02
2.300000000000000000e+02,2.038422508429646174e-01,1.102191050269064609e-01,-1.823621799076280609e-04,-3.113804276063841248e-01,-3.562022507239635816e-02
2.310000000000000000e+02,2.038110049058736717e-01,1.102182244734040417e-01,-2.113328405790345754e-04,-3.115261508770108545e-01,-3.497358495040950310e-02
2.320000000000000000e+02,2.037802361253583661e-01,1.102172293194596392e-01,-2.388369466576687600e-04,-3.116691929472075739e-01,-3.433009684721267246e-02
2.330000000000000000e+02,2.037500861944081254e-01,1.102161310251174309e-01,-2.635906421287078608e-04,-3.118096192812250811e-01,-3.370232016419943272e-02
2.340000000000000000e+02,2.037204601542370597e-01,1.102149220230237842e-01,-2.901605024762381082e-04,-3.119474798561923112e-01,-3.308653799213862046e-02
2.350000000000000000e+02,2.036913978609490028e-01,1.102136372258117336e-01,-3.083513308908134498e-04,-3.120827987898996958e-01,-3.247654408977466295e-02
2.360000000000000000e+02,2.036627889603390140e-01,1.102122663315997092e-01,-3.290146108875188248e-04,-3.122156216302164888e-01,-3.187748167603570576e-02
2.370000000000000000e+02,2.036347095789587947e-01,1.102108179500876917e-01,-3.476115628848581930e-04,-3.123459893702250634e-01,-3.128825760205972834e-02
2.380000000000000000e+02,2.036072223608670351e-01,1.102092938695412028e-01,-3.657793311569585131e-04,-3.124739716862541261e-01,-3.071575584697981004e-02
2.390000000000000000e+02,2.035801501115098167e-01,1.102077016598636966e-01,-3.821303226017595442e-04,-3.125995806230514873e-01,-3.014614483137316100e-02
2.400000000000000000e+02,2.035535840363666693e-01,1.102060362130393156e-01,-3.997072378513663832e-04,-3.127228747046060242e-01,-2.959057957308917214e-02
2.410000000000000000e+02,2.035275390820784069e-01,1.102043167737117024e-01,-4.126654386267510164e-04,-3.128438887211142383e-01,-2.904336396197080075e-02
2.420000000000000000e+02,2.035019515691104952e-01,1.102025487411311816e-01,-4.243278193245620853e-04,-3.129626599442174584e-01,-2.850509354477668081e-02
2.430000000000000000e+02,2.034767360242147882e-01,1.102007131327651379e-01,-4.405460078510276553e-04,-3.130792219183929359e-01,-2.797487380211485797e-02
2.440000000000000000e+02,2.034521698944715962e-01,1.101988405480500283e-01,-4.494203316265133223e-04,-3.131936405964569903e-01,-2.746048273537911311e-02
2.450000000000000000e+02,2.034278863638434853e-01,1.101969227636918069e-01,-4.602682459736283523e-04,-3.133059187115318500e-01,-2.694674761796874221e-02
2.460000000000000000e+02,2.034041399330104027e-01,1.101949642996547796e-01,-4.700313688860762937e-04,-3.134161213083044850e-01,-2.644862322543412025e-02
2.470000000000000000e+02,2.033807862176940928e-01,1.101929573029778731e-01,-4.816792024563868271e-04,-3.135242801049030192e-01,-2.595811118365166578e-02
2.480000000000000000e+02,2.033579479422225889e-01,1.101909245083185218e-01,-4.878707182457698286e-04,-3.136304385488040136e-01,-2.547802653623321839e-02
2.490000000000000000e+02,2.033353398395339739e-01,1.101888625350104789e-01,-4.948735939310995634e-04,-3.137345880590204361e-01,-2.499588245194452399e-02
2.500000000000000000e+02,2.033133436209853540e-01,1.101867802613830938e-01,-4.997456705732048268e-04,-3.138368162800957428e-01,-2.453477305806791436e-02
2.510000000000000000e+02,2.032915955522128781e-01,1.101846558756103822e-01,-5.098525854495409345e-04,-3.139371305665452083e-01,-2.407542874786517892e-02
2.520000000000000000e+02,2.032703896745198802e-01,1.101825293516937587e-01,-5.103657399903862787e-04,-3.140355733002194727e-01,-2.362625608181741915e-02
2.530000000000000000e+02,2.032494531828382134e-01,1.101803830220541708e-01,-5.151191135011820577e-04,-3.141321647433906739e-01,-2.318194636108547244e-02
2.540000000000000000e+02,2.032289721375320490e-01,1.101782188672639218e-01,-5.193971496608201961e-04,-3.142269559146583791e-01,-2.274988110424843932e-02
2.550000000000000000e+02,2.032088292566498477e-01,1.101760327093735947e-01,-5.246778936792061360e-04,-3.143199718691365163e-01,-2.232382907475528519e-02
2.560000000000000000e+02,2.031891054574258004e-01,1.101738505905511117e-01,-5.237085173972842039e-04,-3.144112381366598874e-01,-2.190390420560939938e-02
2.570000000000000000e+02,2.031696819680130495e-01,1.101716482650317713e-01,-5.285581246420488965e-04,-3.145007925952409966e-01,-2.149307005946180654e-02
2.580000000000000000e+02,2.031507002588935074e-01,1.101694396744142129e-01,-5.300617482130204772e-04,-3.145886752955555088e-01,-2.109184807548697069e-02
2.590000000000000000e+02,2.031320306451735447e-01,1.101672254452082667e-01,-5.314150094267690782e-04,-3.146749073820504505e-01,-2.069570075878273546e-02
2.600000000000000000e+02,2.031137164049706956e-01,1.101650061412727671e-01,-5.326329445192021141e-04,-3.147595227858892564e-01,-2.030769692130688503e-02
2.610000000000000000e+02,2.030956886533782924e-01,1.101627822700806808e-01,-5.337290861023530428e-04,-3.148425371439578235e-01,-1.992344593644993986e-02
2.620000000000000000e+02,2.030780969960347682e-01,1.101605602488221342e-01,-5.332851020528220180e-04,-3.149240032724725524e-01,-1.955187084353624330e-02
2.630000000000000000e+02,2.030607305110996852e-01,1.101583339320392901e-01,-5.343160278828459463e-04,-3.150039269827769051e-01,-1.918169047304935440e-02
2.640000000000000000e+02,2.030438097144844356e-01,1.101561156702135363e-01,-5.323828381805147678e-04,-3.150823611887958453e-01,-1.882420944454295947e-02
2.650000000000000000e+02,2.030270677823023395e-01,1.101538867764557394e-01,-5.349345018721765599e-04,-3.151593117898104368e-01,-1.846814424349611447e-02
2.660000000000000000e+02,2.030107319143784061e-01,1.101516781162814873e-01,-5.300784418217551960e-04,-3.152348079370315137e-01,-1.811907533306120893e-02
2.670000000000000000e+02,2.029946198013150016e-01,1.101494817058679410e-01,-5.271384992510237894e-04,-3.153088639456199660e-01,-1.777344206122929635e-02
2.680000000000000000e+02,2.029788712865797651e-01,1.101472903597745523e-01,-5.259230624118424848e-04,-3.153815284620073989e-01,-1.743948393298672475e-02
2.690000000000000000e+02,2.029634342780213263e-01,1.101451035715693139e-01,-5.248291692564399039e-04,-3.154528303668210909e-01,-1.711245715528829717e-02
2.700000000000000000e+02,2.029482285613507797e-01,1.101429208854634162e-01,-5.238446654166444005e-04,-3.155227807514643934e-01,-1.678809231439286342e-02
2.710000000000000000e+02,2.029333405846179550e-01,1.101407478517113930e-01,-5.215281004864182838e-04,-3.155914104598259717e-01,-1.647113000678112824e-02
2.720000000000000000e+02,2.029187225391367033e-01,1.101385894655423359e-01,-5.180126805745664158e-04,-3.156587383107089528e-01,-1.615868421191319487e-02
2.730000000000000000e+02,2.029043773049155341e-01,1.101364442621979439e-01,-5.148488026539023692e-04,-3.157247901817328284e-01,-1.585244904572597618e-02
2.740000000000000000e+02,2.028903014509491065e-01,1.101343168838602310e-01,-5.105708010506054178e-04,-3.157895863825229132e-01,-1.555108818961418483e-02
2.750000000000000000e+02,2.028765435335319889e-01,1.101322055480285361e-01,-5.067205996075942621e-04,-3.158531660533676066e-01,-1.525912100273165393e-02
2.760000000000000000e+02,2.028629698440105045e-01,1.101301026899877689e-01,-5.046859297836173370e-04,-3.159155375984364356e-01,-1.496917081652058418e-02
2.770000000000000000e+02,2.028496979212205675e-01,1.101280134224233154e-01,-5.014242154672869049e-04,-3.159767324233397900e-01,-1.468675797681093242e-02
2.780000000000000000e+02,2.028366030961140931e-01,1.101259363862875512e-01,-4.984886725825064552e-04,-3.160367549512692054e-01,-1.440540670305509412e-02
2.790000000000000000e+02,2.028238680880091460e-01,1.101238882398310470e-01,-4.915551495624231751e-04,-3.160956449258838230e-01,-1.413359390750362418e-02
2.800000000000000000e+02,2.028112311681236624e-01,1.101218482126924275e-01,-4.896065132684083131e-04,-3.161534023536900495e-01,-1.386178267348955710e-02
2.810000000000000000e+02,2.027989902714651682e-01,1.101198393347978255e-01,-4.821306947051912616e-04,-3.162100719440272267e-01,-1.360070168091873609e-02
2.820000000000000000e+02,2.027868529049325352e-01,1.101178346493649207e-01,-4.811245038968311994e-04,-3.162656611527461248e-01,-1.334141009253659617e-02
2.830000000000000000e+02,2.027749786091798401e-01,1.101158516185409830e-01,-4.759273977453728913e-04,-3.163201856308092141e-01,-1.308587473513664334e-02
2.840000000000000000e+02,2.027634002964660842e-01,1.101138880768651185e-01,-4.712500022091117889e-04,-3.163736862861727950e-01,-1.284015728725508738e-02
2.850000000000000000e+02,2.027519339760535388e-01,1.101119301544935536e-01,-4.699013691758250548e-04,-3.164261641732106778e-01,-1.259469288909309884e-02
2.860000000000000000e+02,2.027407754354677849e-01,1.101100070918182572e-01,-4.615350420726870820e-04,-3.164776411024849967e-01,-1.235446302584044739e-02
2.870000000000000000e+02,2.027297781606517413e-01,1.101080975214761559e-01,-4.582968821038128633e-04,-3.165281396837339445e-01,-1.211965949974327938e-02
2.880000000000000000e+02,2.027189655960095760e-01,1.101062179756273768e-01,-4.510910037077958787e-04,-3.165776594040961012e-01,-1.188473288692348112e-02
2.890000000000000000e+02,2.027084366253940895e-01,1.101043535308936228e-01,-4.474667361007178567e-04,-3.166262504659443922e-01,-1.166185484358976850e-02
2.900000000000000000e+02,2.026980247060503060e-01,1.101025086376278689e-01,-4.427743837796378973e-04,-3.166739044072340858e-01,-1.143694590952009683e-02
2.910000000000000000e+02,2.026878413717123351e-01,1.101006813406833207e-01,-4.385512666905461349e-04,-3.167206493749117335e-01,-1.121879224263558003e-02
2.920000000000000000e+02,2.026779142932503275e-01,1.100988818013568099e-01,-4.318894383611704673e-04,-3.167665107012292980e-01,-1.100671831621904961e-02
2.930000000000000000e+02,2.026680236276509617e-01,1.100970893624931141e-01,-4.301853272885188526e-04,-3.168114813828911691e-01,-1.079296359885052389e-02
2.940000000000000000e+02,2.026584759510194900e-01,1.100953331163683213e-01,-4.214990699503573936e-04,-3.168555968401826073e-01,-1.058770974994634878e-02
2.950000000000000000e+02,2.026490545510432062e-01,1.100935796413861634e-01,-4.208339957189277886e-04,-3.168988829908958582e-01,-1.038867617118652449e-02
2.960000000000000000e+02,2.026398277843688700e-01,1.100918644232192350e-01,-4.116523600630584518e-04,-3.169413333587215997e-01,-1.018808827818275253e-02
2.970000000000000000e+02,2.026307171222451742e-01,1.100901657547925794e-01,-4.076804223965197795e-04,-3.169829659568393354e-01,-9.991823548258092075e-03
2.980000000000000000e+02,2.026217997945289340e-01,1.100884879415966605e-01,-4.026751670219089608e-04,-3.170237969971105851e-01,-9.799449665104389973e-03
2.990000000000000000e+02,2.026131157600441213e-01,1.100868288981083909e-01,-3.981704371849733269e-04,-3.170638589516042161e-01,-9.614869078468821564e-03
3.000000000000000000e+02,2.026045483570070305e-01,1.100851748264280588e-01,-3.969772032808296328e-04,-3.171031631637886705e-01,-9.433010924274747369e-03
3.010000000000000000e+02,2.025961605100423946e-01,1.100835550316972555e-01,-3.887507353941116440e-04,-3.171417079218566970e-01,-9.250741936329322929e-03
3.020000000000000000e+02,2.025879327890643400e-01,1.100819601257565505e-01,-3.827774257706798326e-04,-3.171795155270396571e-01,-9.073825243905641116e-03
3.030000000000000000e+02,2.025797950177622153e-01,1.100803816592624551e-01,-3.788319585842004527e-04,-3.172165881690522937e-01,-8.897434083026954307e-03
3.040000000000000000e+02,2.025719519209394082e-01,1.100788179882703083e-01,-3.752810381163401493e-04,-3.172529755023537068e-01,-8.732959992337386082e-03
3.050000000000000000e+02,2.025641062122138236e-01,1.100772795541588717e-01,-3.692241867459920162e-04,-3.172886447299189117e-01,-8.560614615646073428e-03
3.060000000000000000e+02,2.025564845550350546e-01,1.100757757541690196e-01,-3.609119975634406531e-04,-3.173236229588379254e-01,-8.394774940562000493e-03
3.070000000000000000e+02,2.025490700193726956e-01,1.100742852434951763e-01,-3.577225617227425269e-04,-3.173579524668851959e-01,-8.239081931350642971e-03
3.080000000000000000e+02,2.025416066104590573e-01,1.100728126536702073e-01,-3.534215579915863433e-04,-3.173915938180195684e-01,-8.073924272251887385e-03
3.090000000000000000e+02,2.025345248297308609e-01,1.100713561926092293e-01,-3.495506546334157388e-04,-3.174246217883968102e-01,-7.926712890536830730e-03
3.100000000000000000e+02,2.025273475245283616e-01,1.100699142474358544e-01,-3.460668416109648009e-04,-3.174569904277320109e-01,-7.768473440445642329e-03
3.110000000000000000e+02,2.025205504564200898e-01,1.100685032479547382e-01,-3.386398754671193258e-04,-3.174887626888970860e-01,-7.625342679623630174e-03
3.120000000000000000e+02,2.025136474065872272e-01,1.100670962577387502e-01,-3.376776518358780114e-04,-3.175199088027419458e-01,-7.475067322762592864e-03
3.130000000000000000e+02,2.025070519809238634e-01,1.100657226781837777e-01,-3.296590931945788403e-04,-3.175504645619083854e-01,-7.333382199945288893e-03
3.140000000000000000e+02,2.025004453351758049e-01,1.100643672472947504e-01,-3.253034133668123362e-04,-3.175804174762905108e-01,-7.188699451710457017e-03
3.150000000000000000e+02,2.024941065978315968e-01,1.100630400711340301e-01,-3.185222785724329815e-04,-3.176098069687410819e-01,-7.053478188133436959e-03
3.160000000000000000e+02,2.024878026537479114e-01,1.100617204428353535e-01,-3.167107916812066971e-04,-3.176386357372729119e-01,-6.918904447638707378e-03
3.170000000000000000e+02,2.024815689752972048e-01,1.100604195285414810e-01,-3.122194305296555734e-04,-3.176668942891686109e-01,-6.782052454963392700e-03
3.180000000000000000e+02,2.024755385612979075e-01,1.100591533382453552e-01,-3.038856710694181284e-04,-3.176946038833048380e-01,-6.650302592696913546e-03
3.190000000000000000e+02,2.024696350490991503e-01,1.100578945576893009e-01,-3.021073334535396551e-04,-3.177217955735996413e-01,-6.526005670759013957e-03
3.200000000000000000e+02,2.024638468302813465e-01,1.100566603272927352e-01,-2.962152951753186584e-04,-3.177484675062568487e-01,-6.401263837729248736e-03
3.210000000000000000e+02,2.024581092509694091e-01,1.100554422315752345e-01,-2.923429721992609970e-04,-3.177746209930920607e-01,-6.276836840456419785e-03
3.220000000000000000e+02,2.024525035955950791e-01,1.100542386570688980e-01,-2.888578815206028810e-04,-3.178002721159006172e-01,-6.156269474052807229e-03
3.230000000000000000e+02,2.024470461738706595e-01,1.100530660330460431e-01,-2.814297654857125016e-04,-3.178254293878337022e-01,-6.037745263944000948e-03
3.240000000000000000e+02,2.024416174551546266e-01,1.100519033830648780e-01,-2.790359954780305342e-04,-3.178500974904952536e-01,-5.920344638775869132e-03
3.250000000000000000e+02,2.024363445886407653e-01,1.100507497097212434e-01,-2.768816024706879562e-04,-3.178742985187222314e-01,-5.808246774474648023e-03
3.260000000000000000e+02,2.024311740583976116e-01,1.100496339176737781e-01,-2.677900913902700897e-04,-3.178980225555453343e-01,-5.693768837544630965e-03
3.270000000000000000e+02,2.024260955079439372e-01,1.100485224164704789e-01,-2.667602887909673775e-04,-3.179212994187115005e-01,-5.586447159884494994e-03
3.280000000000000000e+02,2.024210614579252110e-01,1.100474386188848436e-01,-2.601114205522182571e-04,-3.179441082604769209e-01,-5.474122023705769655e-03
3.290000000000000000e+02,2.024162458411268295e-01,1.100463618731616772e-01,-2.584189735612788539e-04,-3.179665018434461587e-01,-5.374459912623286671e-03
3.300000000000000000e+02,2.024114423338148339e-01,1.100452914741147231e-01,-2.568957712688634313e-04,-3.179884680493183513e-01,-5.271889409330482792e-03
3.310000000000000000e+02,2.024066884734577187e-01,1.100442506289342898e-01,-2.498028433054104522e-04,-3.180099900111579836e-01,-5.165270841511430434e-03
3.320000000000000000e+02,2.024021165000744193e-01,1.100432185008402841e-01,-2.477107425622198278e-04,-3.180311121533682672e-01,-5.069314130470115726e-03
3.330000000000000000e+02,2.023975576296612455e-01,1.100422120995175057e-01,-2.415363174673203488e-04,-3.180518118730345511e-01,-4.967932719912483350e-03
3.340000000000000000e+02,2.023931459786347531e-01,1.100412109708954062e-01,-2.402708693055258943e-04,-3.180721254519467411e-01,-4.875258938925629455e-03
3.350000000000000000e+02,2.023888248852794836e-01,1.100402324690973460e-01,-2.348404315337051943e-04,-3.180920497809281988e-01,-4.781838955556502908e-03
3.360000000000000000e+02,2.023845372207668247e-01,1.100392743314409505e-01,-2.299530375364049726e-04,-3.181115820617200773e-01,-4.687747390048346841e-03
3.370000000000000000e+02,2.023803355555918726e-01,1.100383345215120434e-01,-2.255543829365972970e-04,-3.181307316968182697e-01,-4.595912423561853734e-03
3.380000000000000000e+02,2.023762320964426209e-01,1.100374171670023826e-01,-2.201650823184364677e-04,-3.181495071484687909e-01,-4.506108396131561569e-03
3.390000000000000000e+02,2.023722027156293624e-01,1.100364961805121305e-01,-2.210367576606299303e-04,-3.181679309338553141e-01,-4.421708492763291865e-03
3.400000000000000000e+02,2.023682898690085386e-01,1.100356017275617715e-01,-2.146687080876417150e-04,-3.181859994765829924e-01,-4.336450254643590442e-03
3.410000000000000000e+02,2.023643758934270120e-01,1.100347073129394060e-01,-2.146595093688536749e-04,-3.182037184985949119e-01,-4.252565282861243794e-03
3.420000000000000000e+02,2.023606566336250412e-01,1.100338367746701712e-01,-2.089291846148770473e-04,-3.182211080507992285e-01,-4.173492529032106317e-03
3.430000000000000000e+02,2.023568801248760984e-01,1.100329698437253617e-01,-2.080634267544874644e-04,-3.182381563766917276e-01,-4.091598214193177194e-03
3.440000000000000000e+02,2.023532544011825141e-01,1.100321300012305076e-01,-2.015621987664084353e-04,-3.182548737570416453e-01,-4.012171283973826365e-03
3.450000000000000000e+02,2.023496352763979045e-01,1.100313026174116887e-01,-1.985721165169219472e-04,-3.182712605038461318e-01,-3.932819233076920336e-03
3.460000000000000000e+02,2.023461697973338580e-01,1.100304864464013432e-01,-1.958810424834296334e-04,-3.182873437199930100e-01,-3.859971875254453351e-03
3.470000000000000000e+02,2.023426978590111003e-01,1.100296803669187085e-01,-1.934590758327963875e-04,-3.183031120352914356e-01,-3.784395671625036695e-03
3.480000000000000000e+02,2.023393156745537380e-01,1.100288952907401002e-01,-1.884182828671370868e-04,-3.183185701177281834e-01,-3.709939784821742956e-03
3.490000000000000000e+02,2.023359501317477382e-01,1.100281291175352616e-01,-1.838815691618437100e-04,-3.183337132277933024e-01,-3.634346415624684079e-03
3.500000000000000000e+02,2.023327567891201328e-01,1.100273680360778772e-01,-1.826595497732435322e-04,-3.183485818034199610e-01,-3.568458150403032523e-03
3.510000000000000000e+02,2.023295843620773748e-01,1.100266174976578942e-01,-1.801292207967295151e-04,-3.183631675352519008e-01,-3.500575639665584951e-03
3.520000000000000000e+02,2.023264349175198096e-01,1.100258883689008982e-01,-1.749909016785904927e-04,-3.183774599646265746e-01,-3.430183049921834738e-03
3.530000000000000000e+02,2.023234075158572010e-01,1.100251665879117269e-01,-1.732274374003362741e-04,-3.183914884217846075e-01,-3.366829717921281020e-03
3.540000000000000000e+02,2.023203325437465394e-01,1.100244573803786513e-01,-1.702098079373336225e-04,-3.184052286399646770e-01,-3.297652363218262200e-03
3.550000000000000000e+02,2.023174100397953923e-01,1.100237594889563880e-01,-1.674939413431872413e-04,-3.184187094430453446e-01,-3.235392739361657097e-03
3.560000000000000000e+02,2.023145301440015809e-01,1.100230717820344234e-01,-1.650496612702713267e-04,-3.184319329306440904e-01,-3.173637023699230498e-03
3.570000000000000000e+02,2.023117060138449330e-01,1.100223992016281516e-01,-1.614192975068753032e-04,-3.184449009923954743e-01,-3.112334820334561585e-03
3.580000000000000000e+02,2.023089127465736436e-01,1.100217283141575464e-01,-1.610129929462432766e-04,-3.184576212894606462e-01,-3.052871295637512705e-03
3.590000000000000000e+02,2.023062288952092447e-01,1.100210768317243099e-01,-1.563557839761940248e-04,-3.184701007168049269e-01,-2.995062562632383116e-03
3.600000000000000000e+02,2.023034928545351108e-01,1.100204308928972585e-01,-1.550253184915609923e-04,-3.184823275985248503e-01,-2.934451612781997700e-03
3.610000000000000000e+02,2.023009092790034047e-01,1.100197959037820111e-01,-1.523973876607032866e-04,-3.184943271890798844e-01,-2.879901733204434915e-03
3.620000000000000000e+02,2.022983591179928209e-01,1.100191648089447333e-01,-1.514627609465530233e-04,-3.185061043360855049e-01,-2.826515281354172529e-03
3.630000000000000000e+02,2.022958509575787656e-01,1.100185491398917442e-01,-1.477605727170301674e-04,-3.185176544615032634e-01,-2.772030100267902902e-03
3.640000000000000000e+02,2.022933059141936718e-01,1.100179533145176081e-01,-1.429980897943428618e-04,-3.185289585437423021e-01,-2.712979737375688632e-03
3.650000000000000000e+02,2.022909352249221970e-01,1.100173693879925169e-01,-1.401423660220256235e-04,-3.185400560881368470e-01,-2.663410654685173864e-03
3.660000000000000000e+02,2.022884958631146479e-01,1.100168021309115285e-01,-1.361416994382058632e-04,-3.185509200638563798e-01,-2.607354172689841255e-03
3.670000000000000000e+02,2.022861566902928732e-01,1.100162319949372219e-01,-1.368326338336410162e-04,-3.185615797882184186e-01,-2.558333846893295817e-03
3.680000000000000000e+02,2.022839544488788666e-01,1.100156771493717017e-01,-1.331629357246647818e-04,-3.185720497247816474e-01,-2.512784775172141431e-03
3.690000000000000000e+02,2.022816275786889773e-01,1.100151301047395253e-01,-1.312907117226810058e-04,-3.185822981866659465e-01,-2.459630852226780875e-03
3.700000000000000000e+02,2.022794746391485543e-01,1.100146020019095033e-01,-1.267446792048077984e-04,-3.185923532799223024e-01,-2.413222381521981999e-03
3.710000000000000000e+02,2.022772909933769903e-01,1.100140730653262761e-01,-1.269447799744356884e-04,-3.186022134787768745e-01,-2.366447725099905721e-03
3.720000000000000000e+02,2.022752216262914959e-01,1.100135552993535826e-01,-1.242638334459002388e-04,-3.186118923088591126e-01,-2.322919219743237607e-03
3.730000000000000000e+02,2.022730948874112145e-01,1.100130356660558584e-01,-1.247119914552425365e-04,-3.186213781017009361e-01,-2.276590282042426951e-03
3.740000000000000000e+02,2.022710594748700907e-01,1.100125322337183048e-01,-1.208237610119748776e-04,-3.186306752509812656e-01,-2.231315827276477998e-03
3.750000000000000000e+02,2.022691382700136653e-01,1.100120493428660418e-01,-1.158938045421805811e-04,-3.186398026124477867e-01,-2.190566751959270152e-03
3.760000000000000000e+02,2.022671019249198121e-01,1.100115491765301656e-01,-1.200399206108491843e-04,-3.186487503448393599e-01,-2.147455773974466051e-03
3.770000000000000000e+02,2.022652747676664808e-01,1.100110692254945288e-01,-1.151882485540167467e-04,-3.186575393666932765e-01,-2.109365244941297478e-03
3.780000000000000000e+02,2.022633038664336524e-01,1.100106015083780198e-01,-1.122521079637753527e-04,-3.186661348519397863e-01,-2.062916459167384812e-03
3.790000000000000000e+02,2.022615243861985712e-01,1.100101507627168351e-01,-1.081789586857065242e-04,-3.186745740112093550e-01,-2.025398224693524072e-03
3.800000000000000000e+02,2.022596517903119395e-01,1.100096854890005860e-01,-1.116656918993241257e-04,-3.186828486383900816e-01,-1.985910523373148225e-03
3.810000000000000000e+02,2.022579447880675507e-01,1.100092488657666706e-01,-1.047895761403801033e-04,-3.186909661145798656e-01,-1.948194285551173733e-03
3.820000000000000000e+02,2.022561612768730976e-01,1.100088022648670338e-01,-1.071842159143198526e-04,-3.186989272726663547e-01,-1.910677940753035750e-03
3.830000000000000000e+02,2.022545346672207645e-01,1.100083824513475583e-01,-1.007552446725785641e-04,-3.187067415517906843e-01,-1.875426989842812232e-03
3.840000000000000000e+02,2.022527184431286706e-01,1.100079569462499990e-01,-1.021212234132971467e-04,-3.187143788341832429e-01,-1.832947774218454673e-03
3.850000000000000000e+02,2.022512348295342488e-01,1.100075501641085696e-01,-9.762771394299621277e-05,-3.187218983717554077e-01,-1.804689017315988433e-03
3.860000000000000000e+02,2.022495054778490620e-01,1.100071423591183484e-01,-9.787319765205314747e-05,-3.187292489713660082e-01,-1.764143906540380224e-03
3.870000000000000000e+02,2.022479943627982224e-01,1.100067395969776263e-01,-9.666291377458670852e-05,-3.187364742230933690e-01,-1.734060414562121769e-03
3.880000000000000000e+02,2.022463907383971193e-01,1.100063473557671839e-01,-9.413789050660555872e-05,-3.187435439114291169e-01,-1.696725200576932723e-03
3.890000000000000000e+02,2.022448936920802354e-01,1.100059705625854867e-01,-9.043036360848781476e-05,-3.187504757590338134e-01,-1.663643425124063796e-03
3.900000000000000000e+02,2.022434375259905825e-01,1.100055897815186978e-01,-9.138745602991529794e-05,-3.187572870518666779e-01,-1.634710279891115866e-03
3.910000000000000000e+02,2.022418854673471988e-01,1.100052293487557564e-01,-8.650386310669403432e-05,-3.187639350864371335e-01,-1.595528296913942788e-03
3.920000000000000000e+02,2.022404661500736833e-01,1.100048752821917858e-01,-8.497597535214132958e-05,-3.187704554743133190e-01,-1.564893090288008767e-03
3.930000000000000000e+02,2.022390379179123121e-01,1.100045269859245695e-01,-8.359110413247004161e-05,-3.187768417080118488e-01,-1.532696087646864217e-03
3.940000000000000000e+02,2.022377110927250921e-01,1.100041838656724141e-01,-8.234886051664645616e-05,-3.187831141409847580e-01,-1.505383913500007520e-03
3.950000000000000000e+02,2.022362464123826642e-01,1.100038455202434207e-01,-8.120290295728541216e-05,-3.187892356556708551e-01,-1.469163524657614989e-03
3.960000000000000000e+02,2.022350067022761766e-01,1.100035233163261655e-01,-7.732894014251267027e-05,-3.187952484267492226e-01,-1.443065058802490107e-03
3.970000000000000000e+02,2.022336850725643953e-01,1.100031977178078102e-01,-7.814364440669816902e-05,-3.188011411071230428e-01,-1.414243289714001844e-03
3.980000000000000000e+02,2.022324091627276943e-01,1.100028811320674649e-01,-7.598057768241126659e-05,-3.188069129935706125e-01,-1.385252747420112141e-03
3.990000000000000000e+02,2.022311776635916103e-01,1.100025785262850747e-01,-7.262538777252405527e-05,-3.188125674961233003e-01,-1.357080612643080889e-03
4.000000000000000000e+02,2.022299615379823667e-01,1.100022764911101208e-01,-7.248844198855814032e-05,-3.188181129252621870e-01,-1.330902993326544192e-03
4.010000000000000000e+02,2.022286882158666754e-01,1.100019812435055477e-01,-7.085942509751189957e-05,-3.188235278348413582e-01,-1.299578299001460761e-03
4.020000000000000000e+02,2.022275946964629534e-01,1.100016974503578993e-01,-6.811035543709930546e-05,-3.188288485278658047e-01,-1.276966325869948035e-03
4.030000000000000000e+02,2.022263994012691024e-01,1.100014190740591508e-01,-6.681031170123042479e-05,-3.188340507837618132e-01,-1.248541415048686322e-03
4.040000000000000000e+02,2.022253567773181770e-01,1.100011494746060137e-01,-6.470386875158308949e-05,-3.188391658767945613e-01,-1.227622327861469572e-03
4.050000000000000000e+02,2.022244646295040804e-01,1.100008798168866792e-01,-6.471785263903347119e-05,-3.188442301612954277e-01,-1.215428280208766948e-03
4.060000000000000000e+02,2.022233817438086889e-01,1.100005908412655942e-01,-6.935414905899104851e-05,-3.188492076529690911e-01,-1.194598001682183963e-03
4.070000000000000000e+02,2.022246975809483538e-01,1.100003063182174168e-01,-6.828553156202799728e-05,-3.188546498890469372e-01,-1.306136658677697730e-03
4.080000000000000000e+02,2.022203589569930016e-01,1.099998718068138787e-01,-1.042827368475717571e-04,-3.188593178380055293e-01,-1.120307750062237220e-03
4.090000000000000000e+02,2.022204184057170562e-01,1.099996751821030044e-01,-4.718993060976814521e-05,-3.188640177141719989e-01,-1.127970279948429079e-03
4.100000000000000000e+02,2.022186626602120174e-01,1.099994024921798624e-01,-6.544558155504635552e-05,-3.188685043846996581e-01,-1.076800926644448176e-03
4.110000000000000000e+02,2.022187071759488641e-01,1.099991945650227038e-01,-4.990251771818791135e-05,-3.188731011259094972e-01,-1.103217890364588784e-03
4.120000000000000000e+02,2.022170066030919977e-01,1.099989131461090175e-01,-6.754053928414725295e-05,-3.188774790148468652e-01,-1.050693344967478090e-03
4.130000000000000000e+02,2.022187270295513206e-01,1.099986776480941092e-01,-5.651952357674314419e-05,-3.188823663339838133e-01,-1.172956592869029216e-03
4.140000000000000000e+02,2.022144407106660491e-01,1.099982748780017477e-01,-9.666482216589734216e-05,-3.188865005436531952e-01,-9.922103206453237578e-04
4.150000000000000000e+02,2.022172317671908914e-01,1.099981089811950669e-01,-3.981523360269926816e-05,-3.188912857501125520e-01,-1.148449550241092444e-03
4.160000000000000000e+02,2.022122490981343168e-01,1.099976975122615025e-01,-9.875254405650920058e-05,-3.188951896527125185e-01,-9.369366239971594745e-04
4.170000000000000000e+02,2.022154566843621104e-01,1.099975537209090387e-01,-3.450992459156950311e-05,-3.188998186887168074e-01,-1.110968641030719330e-03
4.180000000000000000e+02,2.022103546427772847e-01,1.099971441369365088e-01,-9.830015340674755494e-05,-3.189035486216476589e-01,-8.951839034019701182e-04
4.190000000000000000e+02,2.022136419515790651e-01,1.099970201482522586e-01,-2.975728422060226037e-05,-3.189080014054728740e-01,-1.068668118046138668e-03
4.200000000000000000e+02,2.022085733142899577e-01,1.099966222063804289e-01,-9.550604924031827426e-05,-3.189115682865664159e-01,-8.560514624556470531e-04
4.210000000000000000e+02,2.022118371008201076e-01,1.099965089225649062e-01,-2.718811572494230855e-05,-3.189158423609857462e-01,-1.025777860641285738e-03
4.220000000000000000e+02,2.022069379233489006e-01,1.099961263573968617e-01,-9.181564032917646984e-05,-3.189192679947012166e-01,-8.221520917081325550e-04
4.230000000000000000e+02,2.022100798603335414e-01,1.099960151877923398e-01,-2.668070508629267806e-05,-3.189233704521484136e-01,-9.845897873222162269e-04
4.240000000000000000e+02,2.022053914457383750e-01,1.099956403032699148e-01,-8.997228538116959484e-05,-3.189266705628459042e-01,-7.920265673955515862e-04
4.250000000000000000e+02,2.022084151410418196e-01,1.099955302471469221e-01,-2.641346951805852595e-05,-3.189306150860433120e-01,-9.466855673727415151e-04
4.260000000000000000e+02,2.022038133922089420e-01,1.099951741247285897e-01,-8.546938040110095005e-05,-3.189337654587622861e-01,-7.560894525557044360e-04
4.270000000000000000e+02,2.022068715703856934e-01,1.099950751109666364e-01,-2.376330286985675361e-05,-3.189375653233479935e-01,-9.119675005688430676e-04
4.280000000000000000e+02,2.022023044807881309e-01,1.099947408145678512e-01,-8.023113570991812762e-05,-3.189405708382546112e-01,-7.213235775877753020e-04
4.290000000000000000e+02,2.022052822685811713e-01,1.099946495502564237e-01,-2.190343474361413164e-05,-3.189442078399976621e-01,-8.728804183273307067e-04
4.300000000000000000e+02,2.022009253807806883e-01,1.099943222964622075e-01,-7.854091061213695464e-05,-3.189470986660833951e-01,-6.937982605818287119e-04
4.310000000000000000e+02,2.022038298479490182e-01,1.099942492034512997e-01,-1.754232261809808498e-05,-3.189505903704697443e-01,-8.380090527211572120e-04
4.320000000000000000e+02,2.021994264907723826e-01,1.099939387043520483e-01,-7.451978381879072525e-05,-3.189533223251246885e-01,-6.556691171804992450e-04
4.330000000000000000e+02,2.022025006312662132e-01,1.099938742045641765e-01,-1.547994908990486443e-05,-3.189566951464389288e-01,-8.094771154120686436e-04
4.340000000000000000e+02,2.021981439254588453e-01,1.099935657638223679e-01,-7.402577803551892914e-05,-3.189593186875903652e-01,-6.296498763448061045e-04
4.350000000000000000e+02,2.022012038637069908e-01,1.099935088046009174e-01,-1.367021314712951339e-05,-3.189625734032158766e-01,-7.811317501172821039e-04
4.360000000000000000e+02,2.021967298820445125e-01,1.099932138196205444e-01,-7.079639528840886214e-05,-3.189650422295911558e-01,-5.925183300707300739e-04
4.370000000000000000e+02,2.022000385705273739e-01,1.099931800671558046e-01,-8.100591536109910781e-06,-3.189681923561769050e-01,-7.560303805735758918e-04
4.380000000000000000e+02,2.021955447940924910e-01,1.099928881599126357e-01,-7.005773836084869602e-05,-3.189705581118676414e-01,-5.677813657808944555e-04
4.390000000000000000e+02,2.021988646342134099e-01,1.099928512705711653e-01,-8.853441951730032329e-06,-3.189736103894052488e-01,-7.325466090204752617e-04
4.400000000000000000e+02,2.021942653915313748e-01,1.099925634216491893e-01,-6.908374127484748293e-05,-3.189758447823546339e-01,-5.362543078515476453e-04
4.410000000000000000e+02,2.021978474339923559e-01,1.099925289323186589e-01,-8.277439328328343939e-06,-3.189788271901722316e-01,-7.157778762197320940e-04
4.420000000000000000e+02,2.021932166282944254e-01,1.099922363418311677e-01,-7.022171699862542009e-05,-3.189809811192291789e-01,-5.169429736639310005e-04
4.430000000000000000e+02,2.021965472410131026e-01,1.099922052552765595e-01,-7.460773106567330235e-06,-3.189838178259109536e-01,-6.808096036250287520e-04
4.440000000000000000e+02,2.021934608153373170e-01,1.099919420676946924e-01,-6.316501964886402033e-05,-3.189861787307047836e-01,-5.666171505128378156e-04
4.450000000000000000e+02,2.021929999522375510e-01,1.099918452436192406e-01,-2.323777810682623964e-05,-3.189883907082908809e-01,-5.308746206636086968e-04
4.460000000000000000e+02,2.021941880656406010e-01,1.099917460523324869e-01,-2.380590882044714151e-05,-3.189909449485869852e-01,-6.130176710673381889e-04
4.470000000000000000e+02,2.021936764309268386e-01,1.099915233713705254e-01,-5.344343087088991416e-05,-3.189935616819536413e-01,-6.280160079993228964e-04
4.480000000000000000e+02,2.021909661233762812e-01,1.099912996460286063e-01,-5.369408205978822262e-05,-3.189955974594702592e-01,-4.885866039891222264e-04
4.490000000000000000e+02,2.021928775815885482e-01,1.099912493204620451e-01,-1.207813597357251844e-05,-3.189980515323274646e-01,-5.889774857234198954e-04
4.500000000000000000e+02,2.021919060252662659e-01,1.099910290361465759e-01,-5.286823571255061603e-05,-3.190004764397538772e-01,-5.819777823395231491e-04
4.510000000000000000e+02,2.021895638320012623e-01,1.099908489534651146e-01,-4.321984355024675146e-05,-3.190023848645704985e-01,-4.580219559914244483e-04
4.520000000000000000e+02,2.021912670097493481e-01,1.099907902453124281e-01,-1.408995664460639305e-05,-3.190046858360762183e-01,-5.522331613764068763e-04
4.530000000000000000e+02,2.021904505753040759e-01,1.099905863924454386e-01,-4.892468807861887056e-05,-3.190069702191355994e-01,-5.482519342560610021e-04
4.540000000000000000e+02,2.021880447453309193e-01,1.099904152545691516e-01,-4.107309030933071738e-05,-3.190087290065432013e-01,-4.221089778272666716e-04
4.550000000000000000e+02,2.021898378133484830e-01,1.099903762331376350e-01,-9.365143564371209198e-06,-3.190108883731491707e-01,-5.182479854349567256e-04
4.560000000000000000e+02,2.021889762421749948e-01,1.099901782912856979e-01,-4.750604446510744733e-05,-3.190130204820763593e-01,-5.117061425186275516e-04
4.570000000000000000e+02,2.021866398452761282e-01,1.099900312060413665e-01,-3.530045863950621973e-05,-3.190146318935904168e-01,-3.867387633708946771e-04
4.580000000000000000e+02,2.021886479652951762e-01,1.099899946978924875e-01,-8.761955730119556430e-06,-3.190167009697775780e-01,-4.965782849159367787e-04
4.590000000000000000e+02,2.021876916884488562e-01,1.099898050872790134e-01,-4.550654723386201965e-05,-3.190187125285985359e-01,-4.827741170298366640e-04
4.600000000000000000e+02,2.021853744815508558e-01,1.099896537917752631e-01,-3.631092089920756757e-05,-3.190202118363491546e-01,-3.598338601465345598e-04
4.610000000000000000e+02,2.021874579671412431e-01,1.099896252674060354e-01,-6.845848615474281294e-06,-3.190221779857800311e-01,-4.718758634149344561e-04
4.620000000000000000e+02,2.021865236170704017e-01,1.099894369501882296e-01,-4.519613227239347662e-05,-3.190240909434347572e-01,-4.591098371356008823e-04
4.630000000000000000e+02,2.021841728132335037e-01,1.099892999063336319e-01,-3.289052510452075673e-05,-3.190254733967531342e-01,-3.317887964160985042e-04
4.640000000000000000e+02,2.021864344036456984e-01,1.099892945406783368e-01,-1.287757272368777594e-06,-3.190273545921408216e-01,-4.514868930493201159e-04
4.650000000000000000e+02,2.021854094132770063e-01,1.099891092523765240e-01,-4.446919243610908461e-05,-3.190291703091594488e-01,-4.357720844703366647e-04
4.660000000000000000e+02,2.021831577136320168e-01,1.099889801115902510e-01,-3.099378870463948715e-05,-3.190304705989771561e-01,-3.120695562541924979e-04
4.670000000000000000e+02,2.021851446568903310e-01,1.099889773739219923e-01,-6.570403831321552175e-07,-3.190322121108616904e-01,-4.179628522932563365e-04
4.680000000000000000e+02,2.021842351367715007e-01,1.099888124626074715e-01,-3.957871548341554901e-05,-3.190338967017244398e-01,-4.043018070642877184e-04
4.690000000000000000e+02,2.021847797313902906e-01,1.099886923280416900e-01,-2.883229578901662634e-05,-3.190357418224503694e-01,-4.428289742165866165e-04
4.700000000000000000e+02,2.021816601392220636e-01,1.099885075018944280e-01,-4.435827534436979306e-05,-3.190369249297579923e-01,-2.839457538275125302e-04
4.710000000000000000e+02,2.021837141752611533e-01,1.099885345912552104e-01,6.501446587692056233e-06,-3.190385303518052940e-01,-3.853012913506382794e-04
4.720000000000000000e+02,2.021826496586914546e-01,1.099883787761733178e-01,-3.739561965341573385e-05,-3.190400450755210282e-01,-3.635336917816356416e-04
4.730000000000000000e+02,2.021832478178756387e-01,1.099882789088525853e-01,-2.396815697625188400e-05,-3.190417174279841506e-01,-4.013645911490100883e-04
4.740000000000000000e+02,2.021801563279613245e-01,1.099881132420532370e-01,-3.976003184421209404e-05,-3.190427395390666443e-01,-2.453066598021206397e-04
4.750000000000000000e+02,2.021824779559401042e-01,1.099881438810871026e-01,7.353368126222670112e-06,-3.190442413060449178e-01,-3.604240747860826309e-04
4.760000000000000000e+02,2.021814001652444404e-01,1.099879913455458769e-01,-3.660852989321880063e-05,-3.190456464026850125e-01,-3.372231936188396502e-04
4.770000000000000000e+02,2.021820730042729608e-01,1.099878885233852854e-01,-2.467731854187880881e-05,-3.190472273009581361e-01,-3.794155855501405187e-04
4.780000000000000000e+02,2.021789135638351886e-01,1.099877448554039822e-01,-3.448031551382522595e-05,-3.190481235555426842e-01,-2.151011002885859340e-04
4.790000000000000000e+02,2.021813698355635347e-01,1.099877883311547733e-01,1.043418019151805363e-05,-3.190495330256759021e-01,-3.382728319780672530e-04
4.800000000000000000e+02,2.021801876046819824e-01,1.099876474572852730e-01,-3.380972867990509240e-05,-3.190508187604472745e-01,-3.085763451295657359e-04
