# Time, SliderHeight, Motor1Pos, Motor1Vel, Motor2Pos, Motor2Vel
0.000000000000000000e+00,2.600000000000000089e-01,0.000000000000000000e+00,0.000000000000000000e+00,0.000000000000000000e+00,0.000000000000000000e+00
1.000000000000000000e+00,1.604213267741020910e-01,4.773110151290894422e-03,1.145546436309814675e+00,-6.189859807011268387e-03,-1.485566353682704399e+00
2.000000000000000000e+00,8.070020387629414649e-02,1.324107348918915003e-02,2.032311201095581055e+00,-1.418985037739384919e-02,-1.919997736891819518e+00
3.000000000000000000e+00,2.169186153068232703e-01,2.199006766080856962e-02,2.099758601188660201e+00,-2.050403860059572814e-02,-1.515405173568450614e+00
4.000000000000000000e+00,2.464932893672076020e-01,3.096072694659234015e-02,2.152958228588104816e+00,-2.685883684326094423e-02,-1.525151578239651418e+00
5.000000000000000000e+00,2.612388422662884069e-01,3.976344604194165244e-02,2.112652582883835173e+00,-3.275346874833367367e-02,-1.414711657217455176e+00
6.000000000000000000e+00,2.545374990869377907e-01,4.854542200773954985e-02,2.107674231791495600e+00,-3.843884509629616475e-02,-1.364490323510997971e+00
7.000000000000000000e+00,2.547067676703441697e-01,5.725352333495021401e-02,2.089944318530559730e+00,-4.384507934576935273e-02,-1.297496219873564449e+00
8.000000000000000000e+00,2.521146567652466919e-01,6.590980023004711086e-02,2.077506454823255133e+00,-4.901808077898028859e-02,-1.241520343970623719e+00
9.000000000000000000e+00,2.541329919796860293e-01,7.445350643865555895e-02,2.050489490066027543e+00,-5.399379573967764967e-02,-1.194171590567366881e+00
1.000000000000000000e+01,2.609321669354596751e-01,8.280977627818844611e-02,2.005504761487891141e+00,-5.908878462845368329e-02,-1.222797333306248735e+00
1.100000000000000000e+01,2.508351510428276643e-01,9.121439177857394720e-02,2.017107720092520040e+00,-6.469466115517917559e-02,-1.345410366414117043e+00
1.200000000000000000e+01,2.505694105685838391e-01,9.962236868500609632e-02,2.017914457543716900e+00,-7.084438716474708575e-02,-1.475934242296298660e+00
1.300000000000000000e+01,2.604984581820681822e-01,1.077331064983597375e-01,1.946577075204873442e+00,-7.749473651071950298e-02,-1.596083843033378802e+00
1.400000000000000000e+01,2.523032323207610172e-01,1.156143092075935935e-01,1.891488650216124334e+00,-8.466393380110275035e-02,-1.720607349691978927e+00
1.500000000000000000e+01,3.286372745070590407e-01,1.233032175564722915e-01,1.845338003730888632e+00,-9.225761856506596581e-02,-1.822484343351170821e+00
1.600000000000000000e+01,2.971598203215602974e-01,1.309065307972392400e-01,1.824795177784069633e+00,-1.002391126680701738e-01,-1.915558584721009705e+00
1.700000000000000000e+01,1.098860183186559092e-01,1.387053387580121366e-01,1.871713910585496521e+00,-1.085860026116665933e-01,-2.003253586463142000e+00
1.800000000000000000e+01,1.086943093889701228e-01,1.467559865609829040e-01,1.932155472712982380e+00,-1.172185920687463939e-01,-2.071821469699152374e+00
1.900000000000000000e+01,2.897509167720807577e-01,1.551336823251269204e-01,2.010646983394565268e+00,-1.260692223726369854e-01,-2.124151272933744838e+00
2.000000000000000000e+01,2.535819479587885783e-01,1.638474683481486449e-01,2.091308645525213894e+00,-1.351844209636751670e-01,-2.187647661849164926e+00
2.100000000000000000e+01,2.201339732721581399e-01,1.728829044516395630e-01,2.168504664837819451e+00,-1.445536129123971281e-01,-2.248606067693273758e+00
2.200000000000000000e+01,2.038138585152203253e-01,1.823697476109619187e-01,2.276842358237364028e+00,-1.542063161594310339e-01,-2.316648779288140059e+00
2.300000000000000000e+01,1.000576881839445875e-01,1.937274505285372928e-01,2.725848700218087117e+00,-1.644234061536953562e-01,-2.452101598623440015e+00
2.400000000000000000e+01,-3.498271215274664780e-02,2.076674314879862482e-01,3.345595430267751524e+00,-1.749294613072845117e-01,-2.521453236861396441e+00
2.500000000000000000e+01,-4.777530341845143136e-02,2.234535109238601769e-01,3.788659064609741112e+00,-1.852376738176894910e-01,-2.473971002497193261e+00
2.600000000000000000e+01,1.189034161904636427e-01,2.398952029250471796e-01,3.946006080284882866e+00,-1.959864310639516105e-01,-2.579701739102911340e+00
2.700000000000000000e+01,1.757783975131361198e-01,2.564434214327157568e-01,3.971572441840463430e+00,-2.071098226643459939e-01,-2.669613984094654668e+00
2.800000000000000000e+01,2.001098345958473579e-01,2.727839115771099054e-01,3.921717634654593887e+00,-2.184491832919992216e-01,-2.721446550636773321e+00
2.900000000000000000e+01,2.628260850407452276e-01,2.882101324365289874e-01,3.702293006260585884e+00,-2.299876033167483347e-01,-2.769220805939789365e+00
3.000000000000000000e+01,2.796342892977797256e-01,3.024007726162432075e-01,3.405753643131415043e+00,-2.417189673443607134e-01,-2.815527366626973116e+00
3.100000000000000000e+01,2.714900844555971915e-01,3.153730733798325025e-01,3.113352183261426376e+00,-2.536768072653402539e-01,-2.869881581035083062e+00
3.200000000000000000e+01,2.535532550738001101e-01,3.267170104681303422e-01,2.722544901191478406e+00,-2.641103635156979434e-01,-2.504053500085851258e+00
3.300000000000000000e+01,2.377736673382022659e-01,3.354295116727989967e-01,2.091000289120473532e+00,-2.712804718402765380e-01,-1.720825997898869142e+00
3.400000000000000000e+01,2.290897637921114616e-01,3.431304832159378093e-01,1.848233170353312360e+00,-2.806448200605496379e-01,-2.247443572865548411e+00
3.500000000000000000e+01,2.304411428934704797e-01,3.499295836628755763e-01,1.631784107265069395e+00,-2.884709077005734867e-01,-1.878261033605727937e+00
3.600000000000000000e+01,1.701901457721638478e-01,3.554958515952208464e-01,1.335904303762860623e+00,-2.926920671199560453e-01,-1.013078260651817164e+00
3.700000000000000000e+01,2.029501089311578355e-01,3.593298745384972404e-01,9.201655063863307671e-01,-2.991372483052540110e-01,-1.546843484471511987e+00
3.800000000000000000e+01,2.115927139617495012e-01,3.631141322589062082e-01,9.082218528981577110e-01,-3.045221361621577305e-01,-1.292373085656897791e+00
3.900000000000000000e+01,2.259882762791050326e-01,3.669371489646572893e-01,9.175240093802596864e-01,-3.104534470830142001e-01,-1.423514621005546710e+00
4.000000000000000000e+01,2.155446005813584920e-01,3.709053353684343968e-01,9.523647369065004753e-01,-3.153911431786031172e-01,-1.185047062941336327e+00
4.100000000000000000e+01,2.104710444554220572e-01,3.748971661654870724e-01,9.580393912926390421e-01,-3.205750239240651722e-01,-1.244131378910894981e+00
4.200000000000000000e+01,2.036096873770653071e-01,3.789400137327393892e-01,9.702834161405584634e-01,-3.250091524201338955e-01,-1.064190839056489812e+00
4.300000000000000000e+01,2.031588781153376433e-01,3.829883167417800771e-01,9.715927221697588934e-01,-3.295812637502213982e-01,-1.097306719220997540e+00
4.400000000000000000e+01,1.953695817379939581e-01,3.870436098675061887e-01,9.732703501742699936e-01,-3.335681764320546083e-01,-9.568590436399654342e-01
4.500000000000000000e+01,1.951046754184542209e-01,3.910414290393595671e-01,9.594766012448107118e-01,-3.374141434950700402e-01,-9.230320951237088734e-01
4.600000000000000000e+01,1.897893161135165985e-01,3.950837414362301514e-01,9.701549752489344591e-01,-3.410426622340247405e-01,-8.708444973491217267e-01
4.700000000000000000e+01,1.858590573139408397e-01,3.991663778762608583e-01,9.798327456073747665e-01,-3.444481556131216982e-01,-8.173184109832716260e-01
4.800000000000000000e+01,1.829973369476693423e-01,4.032671026962812433e-01,9.841739568048869513e-01,-3.476522528838699722e-01,-7.689833449795869802e-01
4.900000000000000000e+01,1.837001283090646531e-01,4.073268806378692597e-01,9.743467059811257158e-01,-3.507688345636089666e-01,-7.479796031373567855e-01
5.000000000000000000e+01,1.831470776681227153e-01,4.113200100280911542e-01,9.583510536532535706e-01,-3.537868626382060788e-01,-7.243267379033004882e-01
5.100000000000000000e+01,1.832168844621165638e-01,4.152310304776924421e-01,9.386449079043092114e-01,-3.567341693926710522e-01,-7.073536210715878347e-01
5.200000000000000000e+01,1.830019341283675438e-01,4.190487754110024388e-01,9.162587839943984180e-01,-3.596041594091402560e-01,-6.887976039526059191e-01
5.300000000000000000e+01,1.831664117163737115e-01,4.227630935815732682e-01,8.914363609369956309e-01,-3.624102567071323944e-01,-6.734633515181157604e-01
5.400000000000000000e+01,1.832567166990836105e-01,4.263658502259205507e-01,8.646615946433435784e-01,-3.651508962281974080e-01,-6.577534850556083779e-01
5.500000000000000000e+01,1.835214418761814126e-01,4.298503677868804607e-01,8.362842146303779423e-01,-3.678330827431952610e-01,-6.437247635994888251e-01
5.600000000000000000e+01,1.842495232214456380e-01,4.332125557324519316e-01,8.069251069371525809e-01,-3.704874780570761583e-01,-6.370548753314172474e-01
5.700000000000000000e+01,1.855605033856551622e-01,4.364513253858994246e-01,7.773047168274017649e-01,-3.731664852327150061e-01,-6.429617221533180382e-01
5.800000000000000000e+01,1.858311850227365447e-01,4.395645942533199513e-01,7.471845281809310624e-01,-3.758120253953513012e-01,-6.349296390327118234e-01
5.900000000000000000e+01,1.868570585502960790e-01,4.425503092745484701e-01,7.165716050948416349e-01,-3.784629790543542205e-01,-6.362288781607059462e-01
6.000000000000000000e+01,1.872207754842663552e-01,4.454081783786289495e-01,6.858885849793164846e-01,-3.810763119718744152e-01,-6.271999002048517236e-01
6.100000000000000000e+01,1.879713468643222640e-01,4.481382665258342723e-01,6.552211553292839330e-01,-3.836775063079700954e-01,-6.242866406629671294e-01
6.200000000000000000e+01,1.883394694389642354e-01,4.507419494446762154e-01,6.248839005220632181e-01,-3.862362918988603289e-01,-6.141085418136620344e-01
6.300000000000000000e+01,1.889283077562658453e-01,4.532199288481266741e-01,5.947150568281089900e-01,-3.887722545411870789e-01,-6.086310341584175720e-01
6.400000000000000000e+01,1.893584350784279779e-01,4.555732356317392373e-01,5.647936280670131648e-01,-3.912690987574992119e-01,-5.992426119149067976e-01
6.500000000000000000e+01,1.893922687988008891e-01,4.577989054192133089e-01,5.341607489937831854e-01,-3.936806927248499566e-01,-5.787825521641751791e-01
6.600000000000000000e+01,1.894172153702983752e-01,4.598975664109852257e-01,5.036786380252578077e-01,-3.960151581706733426e-01,-5.602717069976174136e-01
6.700000000000000000e+01,1.894040128205839446e-01,4.618746119811654727e-01,4.744909368432566055e-01,-3.982728619858525998e-01,-5.418489156430230658e-01
6.800000000000000000e+01,1.893577157012965306e-01,4.637354207438830200e-01,4.465941030522125321e-01,-4.004543503420182060e-01,-5.235572054797411612e-01
6.900000000000000000e+01,1.891003338118745214e-01,4.654835103733209190e-01,4.195415110650980717e-01,-4.025370136239806440e-01,-4.998391876709896708e-01
7.000000000000000000e+01,1.888415611168736963e-01,4.671232518613611107e-01,3.935379571296458434e-01,-4.045322354712672652e-01,-4.788532433487895368e-01
7.100000000000000000e+01,1.885027112448117992e-01,4.686605519560192445e-01,3.689520227179524658e-01,-4.064352668310387551e-01,-4.567275263451613943e-01
7.200000000000000000e+01,1.883234839893874191e-01,4.701006859342315436e-01,3.456321547709527153e-01,-4.082586953309766953e-01,-4.376228399851094797e-01
7.300000000000000000e+01,1.879055133170391689e-01,4.714494863946730452e-01,3.237121105059660442e-01,-4.099891531692282376e-01,-4.153098811803703216e-01
7.400000000000000000e+01,1.878060977732728398e-01,4.727112714935606808e-01,3.028284237330388651e-01,-4.116572150257926110e-01,-4.003348455754458524e-01
7.500000000000000000e+01,1.873687205411650736e-01,4.738921976400396474e-01,2.834222751549476671e-01,-4.132370858488185750e-01,-3.791689975262249601e-01
7.600000000000000000e+01,1.870785926924334874e-01,4.749959766143645457e-01,2.649069538379805744e-01,-4.147522943139699270e-01,-3.636500316363208141e-01
7.700000000000000000e+01,1.866741523817881943e-01,4.760277803437747979e-01,2.476328950584629207e-01,-4.161977884853910736e-01,-3.469186011410764769e-01
7.800000000000000000e+01,1.861355041037552893e-01,4.769917115016183429e-01,2.313434778824499105e-01,-4.175810219327031891e-01,-3.319760273549079987e-01
7.900000000000000000e+01,1.854273732053566548e-01,4.778920148145227031e-01,2.160727950970404709e-01,-4.189036624152844279e-01,-3.174337158194939779e-01
8.000000000000000000e+01,1.846179134422006318e-01,4.787320257125272094e-01,2.016026155210870474e-01,-4.201832297312463327e-01,-3.070961558308517581e-01
8.100000000000000000e+01,1.841679070449772360e-01,4.795147384015894243e-01,1.878510453749337727e-01,-4.214443936527291767e-01,-3.026793411558836300e-01
8.200000000000000000e+01,1.837955893358876880e-01,4.802447025306382233e-01,1.751913909717172924e-01,-4.226681775969731714e-01,-2.937081466185542111e-01
8.300000000000000000e+01,1.833604182553286721e-01,4.809245822722338359e-01,1.631711379829443864e-01,-4.238662201573670796e-01,-2.875302144945424132e-01
8.400000000000000000e+01,1.829934757143830970e-01,4.815580509210785620e-01,1.520324757227356216e-01,-4.250295798549253434e-01,-2.792063274139854334e-01
8.500000000000000000e+01,1.826113426032089926e-01,4.821477707122409639e-01,1.415327498789777927e-01,-4.261634207280753928e-01,-2.721218095560102301e-01
8.600000000000000000e+01,1.822681987939556991e-01,4.826967933083752826e-01,1.317654230722325182e-01,-4.272637745599995873e-01,-2.640849196618104688e-01
8.700000000000000000e+01,1.819531902832931258e-01,4.832187966977220528e-01,1.252808134432314979e-01,-4.283536893899188014e-01,-2.615795591806151510e-01
8.800000000000000000e+01,1.817450137274590760e-01,4.837180325217242394e-01,1.198165977605301219e-01,-4.294078370429526559e-01,-2.529954367281301852e-01
8.900000000000000000e+01,1.814511875590784917e-01,4.841927125001426191e-01,1.139231948204151440e-01,-4.304374951568946672e-01,-2.471179473460894116e-01
9.000000000000000000e+01,1.812055400606672473e-01,4.846449584315248305e-01,1.085390235317333779e-01,-4.314389227432941509e-01,-2.403426207358708433e-01
9.100000000000000000e+01,1.809546523951995611e-01,4.850752971068049701e-01,1.032812820672321941e-01,-4.324132023992778295e-01,-2.338271174360867510e-01
9.200000000000000000e+01,1.807149622848650550e-01,4.854847510005556033e-01,9.826893450015727893e-02,-4.333603011437631713e-01,-2.273036986764873368e-01
9.300000000000000000e+01,1.804822978980656079e-01,4.858741688143183857e-01,9.346027530307178532e-02,-4.342803621472457465e-01,-2.208146408358167556e-01
9.400000000000000000e+01,1.802570707403284567e-01,4.862444216678413755e-01,8.886068484551890023e-02,-4.351736990375703051e-01,-2.144008536778941043e-01
9.500000000000000000e+01,1.800643406134219693e-01,4.866010857823377389e-01,8.559938747913120594e-02,-4.360379297521757014e-01,-2.074153715052950986e-01
9.600000000000000000e+01,1.798698885440508377e-01,4.869447809341149735e-01,8.248683642653097114e-02,-4.368706571150166029e-01,-1.998545670818162867e-01
9.700000000000000000e+01,1.796708381837771040e-01,4.872752542986807933e-01,7.931360749579142999e-02,-4.376744890590020254e-01,-1.929196665564960889e-01
9.800000000000000000e+01,1.794834401366027787e-01,4.875931366408769452e-01,7.629176212707111659e-02,-4.384498772960461754e-01,-1.860931768905919326e-01
9.900000000000000000e+01,1.792998919133255431e-01,4.878985545746896135e-01,7.330030411504705190e-02,-4.391979644842348152e-01,-1.795409251652775595e-01
1.000000000000000000e+02,1.791223043471142362e-01,4.881917412619960484e-01,7.036480495354302533e-02,-4.399199131262959694e-01,-1.732676740946730853e-01
1.010000000000000000e+02,1.789516284600378981e-01,4.884731330461358212e-01,6.753402819354015207e-02,-4.406164237677450690e-01,-1.671625539477785971e-01
1.020000000000000000e+02,1.787863575524978599e-01,4.887430749523987150e-01,6.478605750309186784e-02,-4.412882431286033191e-01,-1.612366466059786674e-01
1.030000000000000000e+02,1.786267582201223891e-01,4.890019609500482201e-01,6.213263943588787086e-02,-4.419361684266438495e-01,-1.555020715297312506e-01
1.040000000000000000e+02,1.784727386955183570e-01,4.892501694532794820e-01,5.957004077550288185e-02,-4.425608694741466898e-01,-1.499282514006841649e-01
1.050000000000000000e+02,1.783238394847449226e-01,4.894880410348680377e-01,5.708917958125338254e-02,-4.431630772521500949e-01,-1.445298667208212151e-01
1.060000000000000000e+02,1.781802085952659265e-01,4.897159418149567012e-01,5.469618722127256305e-02,-4.437435062680010756e-01,-1.393029638042326268e-01
1.070000000000000000e+02,1.780416606025185533e-01,4.899342251435318540e-01,5.238799885803135936e-02,-4.443028204399375181e-01,-1.342354012647513917e-01
1.080000000000000000e+02,1.779080478975753332e-01,4.901432447983681273e-01,5.016471716070425302e-02,-4.448416888199473451e-01,-1.293284112023637134e-01
1.090000000000000000e+02,1.777791884094737651e-01,4.903433311003916883e-01,4.802071248564931255e-02,-4.453607612385355186e-01,-1.245773804611561841e-01
1.100000000000000000e+02,1.776550502339439841e-01,4.905348290221518415e-01,4.595950122243542407e-02,-4.458606642664077468e-01,-1.199767266893319168e-01
1.110000000000000000e+02,1.775353630732044441e-01,4.907180490389430050e-01,4.397280402987924913e-02,-4.463420214218439819e-01,-1.155257173047001262e-01
1.120000000000000000e+02,1.774201340127402327e-01,4.908933182622459701e-01,4.206461359271163741e-02,-4.468054445352442894e-01,-1.112215472160762164e-01
1.130000000000000000e+02,1.773091646079185402e-01,4.910609430133224262e-01,4.022994025834281812e-02,-4.472515170365233272e-01,-1.070574003069687391e-01
1.140000000000000000e+02,1.772022751136095309e-01,4.912212109022367490e-01,3.846429333944145768e-02,-4.476808116963200690e-01,-1.030307183512230162e-01
1.150000000000000000e+02,1.770994736435621830e-01,4.913744284617628244e-01,3.677221428625943034e-02,-4.480939095733189048e-01,-9.914349047972409457e-02
1.160000000000000000e+02,1.770005240978421435e-01,4.915208715713970666e-01,3.514634631222347122e-02,-4.484913067982456147e-01,-9.537533398241115901e-02
1.170000000000000000e+02,1.769052542041294751e-01,4.916608004436152646e-01,3.358292933236883826e-02,-4.488735810189719011e-01,-9.174581297430653426e-02
1.180000000000000000e+02,1.768137420647234448e-01,4.917944969533614152e-01,3.208716233907350779e-02,-4.492412401976533243e-01,-8.823820288354039532e-02
1.190000000000000000e+02,1.767257140530518744e-01,4.919222147880850660e-01,3.065228033368151347e-02,-4.495947683223200375e-01,-8.484674992001502158e-02
1.200000000000000000e+02,1.766411029964609358e-01,4.920442061083488139e-01,2.927791686330219467e-02,-4.499346725077729703e-01,-8.157700450870189468e-02
1.210000000000000000e+02,1.765597859426374927e-01,4.921607097795879238e-01,2.796088109738241456e-02,-4.502614151177973811e-01,-7.841822640585320581e-02
1.220000000000000000e+02,1.764816280568929363e-01,4.922719527016230501e-01,2.669830128842504494e-02,-4.505754718844447448e-01,-7.537362399536869095e-02
1.230000000000000000e+02,1.764065661452074163e-01,4.923781629261506643e-01,2.549045388663283285e-02,-4.508772799072581772e-01,-7.243392547522503611e-02
1.240000000000000000e+02,1.763343701540904529e-01,4.924795337787687410e-01,2.432900462834122410e-02,-4.511672772793100528e-01,-6.959936929244661674e-02
1.250000000000000000e+02,1.762651173748446543e-01,4.925762869362312335e-01,2.322075779099574272e-02,-4.514459059680812625e-01,-6.687088530509278927e-02
1.260000000000000000e+02,1.761986623241716676e-01,4.926686338285455879e-01,2.216325415545071509e-02,-4.517135518233757474e-01,-6.423500527067227406e-02
1.270000000000000000e+02,1.761347943896323653e-01,4.927567528217896564e-01,2.114855837857827076e-02,-4.519706157541972247e-01,-6.169534339716119947e-02
1.280000000000000000e+02,1.760735056718610858e-01,4.928408282872913659e-01,2.017811172040844328e-02,-4.522174943414360437e-01,-5.925086093731612297e-02
1.290000000000000000e+02,1.760146884071261686e-01,4.929210380801747893e-01,1.925035029202025461e-02,-4.524545504683578634e-01,-5.689347046124077628e-02
1.300000000000000000e+02,1.759583096132292523e-01,4.929975661119095354e-01,1.836672761633455567e-02,-4.526821584136176413e-01,-5.462590686235082454e-02
1.310000000000000000e+02,1.759041141484396498e-01,4.930705540609602866e-01,1.751710777218256493e-02,-4.529006401268436122e-01,-5.243561117423271162e-02
1.320000000000000000e+02,1.758521799258494500e-01,4.931401652007322278e-01,1.670667354525996740e-02,-4.531103777499004837e-01,-5.033702953365137844e-02
1.330000000000000000e+02,1.758023894724970171e-01,4.932065583982188639e-01,1.593436739679245789e-02,-4.533116615662861060e-01,-4.830811593255352615e-02
1.340000000000000000e+02,1.757546406958409024e-01,4.932698766337144103e-01,1.519637651893741490e-02,-4.535048362776510356e-01,-4.636193072758940797e-02
1.350000000000000000e+02,1.757088553508544815e-01,4.933302605104126770e-01,1.449213040758600725e-02,-4.536901823131580525e-01,-4.448304852167830198e-02
1.360000000000000000e+02,1.756648947468455457e-01,4.933878246502590992e-01,1.381539356314313155e-02,-4.538680146439298402e-01,-4.267975938523377311e-02
1.370000000000000000e+02,1.756228090026713817e-01,4.934427079757914836e-01,1.317199812777768847e-02,-4.540386167439755538e-01,-4.094450401097388809e-02
1.380000000000000000e+02,1.755824293957784776e-01,4.934950235963650456e-01,1.255574893765605549e-02,-4.542022616212941233e-01,-3.927477055645537535e-02
1.390000000000000000e+02,1.755438324344713308e-01,4.935449090731864885e-01,1.197251443714873569e-02,-4.543592367063303827e-01,-3.767402040869941016e-02
1.400000000000000000e+02,1.755067646947650328e-01,4.935924643694843961e-01,1.141327111150250775e-02,-4.545097589632213775e-01,-3.612534165383927964e-02
1.410000000000000000e+02,1.754712564529221641e-01,4.936377913730943257e-01,1.087848086638947692e-02,-4.546541160468669518e-01,-3.464570007494285897e-02
1.420000000000000000e+02,1.754372369087377759e-01,4.936809937039993157e-01,1.036855941720316032e-02,-4.547925281036042655e-01,-3.321889361695434806e-02
1.430000000000000000e+02,1.754046382827932904e-01,4.937221646201885861e-01,9.881019885422117136e-03,-4.549252409487400950e-01,-3.185108283259303896e-02
1.440000000000000000e+02,1.753734680802647716e-01,4.937614118957212028e-01,9.419346127821826356e-03,-4.550524728355493376e-01,-3.053565283421813201e-02
1.450000000000000000e+02,1.753435349072337279e-01,4.937988086854178671e-01,8.975229527194854978e-03,-4.551744261518340107e-01,-2.926879590831913888e-02
1.460000000000000000e+02,1.753149046096469654e-01,4.938344446705363322e-01,8.552636428434694585e-03,-4.552913277486730359e-01,-2.805638324136315934e-02
1.470000000000000000e+02,1.752874778182998416e-01,4.938684005643663721e-01,8.149414519215754382e-03,-4.554033668873055385e-01,-2.688939327179461908e-02
1.480000000000000000e+02,1.752612503540535438e-01,4.939007609302022428e-01,7.766487800613018459e-03,-4.555107466765652702e-01,-2.577114942233748110e-02
1.490000000000000000e+02,1.752360890528136261e-01,4.939315899551497968e-01,7.398965987408298757e-03,-4.556136409512358543e-01,-2.469462592094246595e-02
1.500000000000000000e+02,1.752120998868993695e-01,4.939609811733863265e-01,7.053892376766155575e-03,-4.557122418653354878e-01,-2.366421938391839730e-02
1.510000000000000000e+02,1.751889882073631444e-01,4.939889710900794428e-01,6.717580006352247626e-03,-4.558066953821200418e-01,-2.266884402828644313e-02
1.520000000000000000e+02,1.751669729413200538e-01,4.940156402658913426e-01,6.400602194856132125e-03,-4.558972099652631171e-01,-2.172349995433414324e-02
1.530000000000000000e+02,1.751458514872512306e-01,4.940410493534433400e-01,6.098181012474768008e-03,-4.559838976372825314e-01,-2.080504128465781796e-02
1.540000000000000000e+02,1.751256621763604693e-01,4.940652531122013413e-01,5.808902101924485681e-03,-4.560669493663988550e-01,-1.993241498792043542e-02
1.550000000000000000e+02,1.751063904924593517e-01,4.940883251510393426e-01,5.537289321120635217e-03,-4.561464758096896444e-01,-1.908634638978680756e-02
1.560000000000000000e+02,1.750878968854948647e-01,4.941102965710138517e-01,5.273140793886525908e-03,-4.562226306250053987e-01,-1.827715567577951200e-02
1.570000000000000000e+02,1.750702556607963700e-01,4.941312308430884093e-01,5.024225297895510561e-03,-4.562955580441413472e-01,-1.750258059262816551e-02
1.580000000000000000e+02,1.750533019139981217e-01,4.941511711755240399e-01,4.785679784554022591e-03,-4.563653998703990911e-01,-1.676203830185320903e-02
1.590000000000000000e+02,1.750372614525633475e-01,4.941701700068618641e-01,4.559719521074096470e-03,-4.564322981591695250e-01,-1.605558930489897271e-02
1.600000000000000000e+02,1.750217878977766151e-01,4.941882839249972514e-01,4.347340352493791853e-03,-4.564963525601957173e-01,-1.537305624629065406e-02
1.610000000000000000e+02,1.750090197354605692e-01,4.942058713373125856e-01,4.220978955685082516e-03,-4.565579025680600034e-01,-1.477200188742394497e-02
1.620000000000000000e+02,1.749990799815370202e-01,4.942241027265810160e-01,4.375533424428026605e-03,-4.566166000324771712e-01,-1.408739146011986527e-02
1.630000000000000000e+02,1.750011477294051987e-01,4.942430346174279121e-01,4.543653803248632467e-03,-4.566755369718442648e-01,-1.414486544810044863e-02
1.640000000000000000e+02,1.749751892492342198e-01,4.942624648903058970e-01,4.663265490720188214e-03,-4.567261784307127259e-01,-1.215395012843544301e-02
1.650000000000000000e+02,1.749951797565211797e-01,4.942835869210652766e-01,5.069287382251341269e-03,-4.567799969060968301e-01,-1.291643409218170245e-02
1.660000000000000000e+02,1.749691935682181620e-01,4.943051546450155653e-01,5.176253748068192044e-03,-4.568280529164387427e-01,-1.153344248206117535e-02
1.670000000000000000e+02,1.749612004406131960e-01,4.943283989099160336e-01,5.578623576109258825e-03,-4.568718864114318379e-01,-1.052003879834710609e-02
1.680000000000000000e+02,1.749732049199394790e-01,4.943533446028121614e-01,5.986966295074480290e-03,-4.569154567720560833e-01,-1.045688654982226962e-02
1.690000000000000000e+02,1.749603715424621064e-01,4.943797163654305438e-01,6.329223028416869692e-03,-4.569552728636408490e-01,-9.555861980348504328e-03
1.700000000000000000e+02,1.749560120058460400e-01,4.944081725068280031e-01,6.829473935390701494e-03,-4.569934520200769623e-01,-9.162997544670221234e-03
1.710000000000000000e+02,1.749460125204230221e-01,4.944386752127068463e-01,7.320649410922600020e-03,-4.570281819509076637e-01,-8.335183399366848100e-03
1.720000000000000000e+02,1.749347981022709164e-01,4.944717263578544131e-01,7.932274835421507589e-03,-4.570604271341531799e-01,-7.738843978920843282e-03
1.730000000000000000e+02,1.749118786597453068e-01,4.945074925346964467e-01,8.583882442083221737e-03,-4.570891141787172818e-01,-6.884890695378986444e-03
1.740000000000000000e+02,1.748765001478167769e-01,4.945464216521596734e-01,9.342988191179218277e-03,-4.571145941686902692e-01,-6.115197593522663476e-03
1.750000000000000000e+02,1.748167263177191622e-01,4.945888580548998825e-01,1.018473665765396406e-02,-4.571361469841105918e-01,-5.172675700879094188e-03
1.760000000000000000e+02,1.747260802515011868e-01,4.946352669071144570e-01,1.113812453150090677e-02,-4.571537383757107165e-01,-4.221933984029205104e-03
1.770000000000000000e+02,1.745886306970261259e-01,4.946861033794985874e-01,1.220075337219197337e-02,-4.571668081490422586e-01,-3.136745599570845040e-03
1.780000000000000000e+02,1.743902427790331167e-01,4.947419207247291117e-01,1.339616285532267345e-02,-4.571751011579791024e-01,-1.990322144848359967e-03
1.790000000000000000e+02,1.742847550591787309e-01,4.948031100634472379e-01,1.468544129235205449e-02,-4.571913762053073094e-01,-3.906011358774031782e-03
1.800000000000000000e+02,1.741433837479562374e-01,4.948686761557449243e-01,1.573586215144233760e-02,-4.571956704479199218e-01,-1.030618227023237521e-03
1.810000000000000000e+02,1.741460552161937236e-01,4.949415030856153530e-01,1.747846316890385235e-02,-4.572127684537555803e-01,-4.103521400557886070e-03
1.820000000000000000e+02,1.739973530424096249e-01,4.950192107863918833e-01,1.864984818637199088e-02,-4.572057772734997583e-01,1.677883261396309784e-03
1.830000000000000000e+02,1.739732210760297215e-01,4.951066055847782588e-01,2.097475161273264915e-02,-4.572249323379284358e-01,-4.597215462886238002e-03
1.840000000000000000e+02,1.737327424171867529e-01,4.951984705456256020e-01,2.204759060335859805e-02,-4.572093796057744575e-01,3.732655716954970740e-03
1.850000000000000000e+02,1.737565317586863833e-01,4.953024845804201437e-01,2.496336835069588173e-02,-4.572287642114111206e-01,-4.652305352793442705e-03
1.860000000000000000e+02,1.735722785705074711e-01,4.954110998990059467e-01,2.606767646059212143e-02,-4.572185554871278090e-01,2.450093827989534984e-03
1.870000000000000000e+02,1.735233543454008376e-01,4.955325506914242117e-01,2.914819018038864243e-02,-4.572256424103806061e-01,-1.700861580669475303e-03
1.880000000000000000e+02,1.732636734292388458e-01,4.956619998841553243e-01,3.106780625546183214e-02,-4.572193081914223134e-01,1.520212549990156018e-03
1.890000000000000000e+02,1.732509082838809833e-01,4.958037535877189983e-01,3.402088885527829176e-02,-4.572179104919317227e-01,3.354478777395615910e-04
1.900000000000000000e+02,1.730013739506872650e-01,4.959563641672206646e-01,3.662653908039616157e-02,-4.572104155189658514e-01,1.798793511808461417e-03
1.910000000000000000e+02,1.729020936521054319e-01,4.961218465169020542e-01,3.971576392353916296e-02,-4.572037053514850236e-01,1.610440195402594588e-03
1.920000000000000000e+02,1.727042912622815396e-01,4.963001055204380729e-01,4.278216084864217700e-02,-4.571930788224753406e-01,2.550366962325663258e-03
1.930000000000000000e+02,1.725454022538145671e-01,4.964923670488597951e-01,4.614276682121297435e-02,-4.571816640374251062e-01,2.739548412061418477e-03
1.940000000000000000e+02,1.723505085994715136e-01,4.966989594870840352e-01,4.958218517381151463e-02,-4.571673639519998056e-01,3.432020502077306849e-03
1.950000000000000000e+02,1.721685687138629073e-01,4.969207267510895032e-01,5.322414336131508356e-02,-4.571516307242882715e-01,3.775974650769193391e-03
1.960000000000000000e+02,1.719679345920343272e-01,4.971581064628428637e-01,5.697113082080163676e-02,-4.571336415540491749e-01,4.317400857388810874e-03
1.970000000000000000e+02,1.717720000742637698e-01,4.974116831993073418e-01,6.085841675147720536e-02,-4.571141310675362890e-01,4.682516763088750457e-03
1.980000000000000000e+02,1.715684550988978430e-01,4.976817804057775962e-01,6.482332955285573239e-02,-4.570929112812008310e-01,5.092748720509615752e-03
1.990000000000000000e+02,1.713679426129205430e-01,4.979687487758176490e-01,6.887240880961731371e-02,-4.570704795464143322e-01,5.383616348764165907e-03
2.000000000000000000e+02,1.711664281726889003e-01,4.982727489534231058e-01,7.296004262530700335e-02,-4.570469700172398175e-01,5.642287001887816462e-03
2.010000000000000000e+02,1.709698417001647430e-01,4.985938301453863852e-01,7.705948607118380533e-02,-4.570228109935501881e-01,5.798165685508500748e-03
2.020000000000000000e+02,1.707786049419187102e-01,4.989318697414358850e-01,8.112950305187610622e-02,-4.569983723137258091e-01,5.865283157850207513e-03
2.030000000000000000e+02,1.705957555624328104e-01,4.992865904969185364e-01,8.513298131583582617e-02,-4.569741165800992322e-01,5.821376070381601223e-03
2.040000000000000000e+02,1.704232387281078565e-01,4.996575759971901842e-01,8.903652006519047202e-02,-4.569505594476854227e-01,5.653711779315164117e-03
2.050000000000000000e+02,1.702636253471036809e-01,5.000442011285038957e-01,9.279003151529560678e-02,-4.569282431956049884e-01,5.355900499298555870e-03
2.060000000000000000e+02,1.701190582062247492e-01,5.004457006320170986e-01,9.635988084317052838e-02,-4.569077755351911851e-01,4.912238499319245867e-03
2.070000000000000000e+02,1.699915368362489021e-01,5.008611354347651812e-01,9.970435265952810877e-02,-4.568897871840463809e-01,4.317204274750826958e-03
2.080000000000000000e+02,1.698831505427393640e-01,5.012893742684388920e-01,1.027773200816994165e-01,-4.568749205236602440e-01,3.567998492667707154e-03
2.090000000000000000e+02,1.697956853683962042e-01,5.017291963355353657e-01,1.055572961031436552e-01,-4.568639028637564992e-01,2.644238376893593735e-03
2.100000000000000000e+02,1.697290503220499069e-01,5.021792048949179632e-01,1.080020542518172894e-01,-4.568573412060454864e-01,1.574797850643932639e-03
2.110000000000000000e+02,1.696860486112782562e-01,5.026379402236536009e-01,1.100964788965513863e-01,-4.568559905471785698e-01,3.241581280579782388e-04
2.120000000000000000e+02,1.696653588030677118e-01,5.031038143896700010e-01,1.118097998439412377e-01,-4.568604559234267781e-01,-1.071690299565196576e-03
2.130000000000000000e+02,1.696686206199322922e-01,5.035751836773084689e-01,1.131286290332231687e-01,-4.568714041056456954e-01,-2.627563732542064195e-03
2.140000000000000000e+02,1.696938145464897407e-01,5.040504018495016725e-01,1.140523613263769581e-01,-4.568893964261988017e-01,-4.318156932739917499e-03
2.150000000000000000e+02,1.697411284284650879e-01,5.045277727161324721e-01,1.145690079913805060e-01,-4.569149470495172394e-01,-6.132149596421851943e-03
2.160000000000000000e+02,1.698098042954462872e-01,5.050056266550194684e-01,1.146849453328865065e-01,-4.569485484813807785e-01,-8.064343647247677188e-03
2.170000000000000000e+02,1.698973855504720964e-01,5.054823417969817045e-01,1.144116340709479956e-01,-4.569905634665310523e-01,-1.008359643607132511e-02
2.180000000000000000e+02,1.700030849819568479e-01,5.059563511715061690e-01,1.137622498858623238e-01,-4.570413154262301103e-01,-1.218047032776911100e-02
2.190000000000000000e+02,1.701245730323884542e-01,5.064261610587875717e-01,1.127543729475366380e-01,-4.571010148736446288e-01,-1.432786737948008905e-02
2.200000000000000000e+02,1.702602349280298022e-01,5.068903555856753007e-01,1.114066864530542239e-01,-4.571697915104009913e-01,-1.650639282152759069e-02
2.210000000000000000e+02,1.704077036009665758e-01,5.073476604666892209e-01,1.097531714433319650e-01,-4.572477022398839797e-01,-1.869857507591428034e-02
2.220000000000000000e+02,1.705646698172383069e-01,5.077968811616988543e-01,1.078129668023178195e-01,-4.573346668193892794e-01,-2.087149908127196654e-02
2.230000000000000000e+02,1.707298757935420963e-01,5.082369664272196053e-01,1.056204637249832795e-01,-4.574305976419120179e-01,-2.302339740545491370e-02
2.240000000000000000e+02,1.709002961601104320e-01,5.086669820661460228e-01,1.032037533423277864e-01,-4.575352601962558996e-01,-2.511901304252778938e-02
2.250000000000000000e+02,1.710798646838666559e-01,5.090858488847168628e-01,1.005280364570137891e-01,-4.576485254750903842e-01,-2.718366692027086862e-02
2.260000000000000000e+02,1.712610677365403733e-01,5.094929174766210656e-01,9.769646205700824315e-02,-4.577701324390485160e-01,-2.918567134995513068e-02
2.270000000000000000e+02,1.714403913471231056e-01,5.098876629855020326e-01,9.473892213143900176e-02,-4.578995660496061326e-01,-3.106406653382449978e-02
2.280000000000000000e+02,1.716180239341915659e-01,5.102696726536207761e-01,9.168232034850946899e-02,-4.580363575299153389e-01,-3.282995527420821263e-02
2.290000000000000000e+02,1.717878933063056168e-01,5.106385511708023683e-01,8.853084412358092070e-02,-4.581795697630921538e-01,-3.437093596243609439e-02
2.300000000000000000e+02,1.719007882495254824e-01,5.109927864315302326e-01,8.501646257470057977e-02,-4.583234008935740955e-01,-3.451947131566403260e-02
2.310000000000000000e+02,1.720644257035421620e-01,5.113326984546449072e-01,8.157888554753522925e-02,-4.584715334129187414e-01,-3.555180464270899648e-02
2.320000000000000000e+02,1.721847707094551760e-01,5.116581342168572411e-01,7.810458293096698978e-02,-4.586207841219696046e-01,-3.582017017220914812e-02
2.330000000000000000e+02,1.723223735736730822e-01,5.119694329546972122e-01,7.471169708159057510e-02,-4.587724355267736587e-01,-3.639633715296686917e-02
2.340000000000000000e+02,1.724361275055901199e-01,5.122667212126528202e-01,7.134918190933953186e-02,-4.589247999787703369e-01,-3.656746847920255145e-02
2.350000000000000000e+02,1.725509804474356090e-01,5.125503513293272473e-01,6.807122800187209721e-02,-4.590781218980979905e-01,-3.679726063863544144e-02
2.360000000000000000e+02,1.726511295790378042e-01,5.128206043729889307e-01,6.486073047880737408e-02,-4.592316009993644421e-01,-3.683498430394177570e-02
2.370000000000000000e+02,1.727492122676408393e-01,5.130778524799231022e-01,6.173954566420403189e-02,-4.593851524485679794e-01,-3.685234780884336092e-02
2.380000000000000000e+02,1.728388552862044070e-01,5.133224543584141708e-01,5.870445083785209850e-02,-4.595382938367910675e-01,-3.675393317353616712e-02
2.390000000000000000e+02,1.729233748413917249e-01,5.135548163491742146e-01,5.576687778240661808e-02,-4.596907927968900687e-01,-3.659975042375983312e-02
2.400000000000000000e+02,1.730003755551257905e-01,5.137753516724777869e-01,5.292847759285831261e-02,-4.598423788728587258e-01,-3.638065823247796371e-02
2.410000000000000000e+02,1.730711103087116398e-01,5.139844921121059507e-01,5.019370551076104275e-02,-4.599926552805791435e-01,-3.606633785289504318e-02
2.420000000000000000e+02,1.731365281971887493e-01,5.141826614696357600e-01,4.756064580714169238e-02,-4.601417084472172458e-01,-3.577275999314073057e-02
2.430000000000000000e+02,1.731913516063540992e-01,5.143702901605564648e-01,4.503088582098090098e-02,-4.602884419350192768e-01,-3.521603707248775750e-02
2.440000000000000000e+02,1.732545112165753964e-01,5.145478455301920606e-01,4.261328871253849265e-02,-4.604349578833233925e-01,-3.516382759298594674e-02
2.450000000000000000e+02,1.732042108790953494e-01,5.147158272290741632e-01,4.031560773171630196e-02,-4.605685975796395271e-01,-3.207352711587099087e-02
2.460000000000000000e+02,1.734568449566730453e-01,5.148749378569802415e-01,3.818655069744744668e-02,-4.607231236537090435e-01,-3.708625777668239643e-02
2.470000000000000000e+02,1.734338481876677440e-01,5.150241845811506236e-01,3.581921380088997492e-02,-4.608513146091768320e-01,-3.076582931227332326e-02
2.480000000000000000e+02,1.735020862010897280e-01,5.151662103274595728e-01,3.408617911414221768e-02,-4.609899784224940067e-01,-3.327931519611550260e-02
2.490000000000000000e+02,1.733485495272948929e-01,5.152996571032053552e-01,3.202722617898679652e-02,-4.611152222168795611e-01,-3.005851065253935944e-02
2.500000000000000000e+02,1.735777558361184247e-01,5.154258059898385591e-01,3.027573279195947681e-02,-4.612574085036029170e-01,-3.412470881360999547e-02
2.510000000000000000e+02,1.734573814022557503e-01,5.155439050032246673e-01,2.834376321266395687e-02,-4.613773187400067588e-01,-2.877845673692041445e-02
2.520000000000000000e+02,1.735569045772989982e-01,5.156560438806011559e-01,2.691333057035751736e-02,-4.615060237179249847e-01,-3.088919470036892434e-02
2.530000000000000000e+02,1.734735902297247501e-01,5.157611429449828755e-01,2.522377545162506063e-02,-4.616235444782562647e-01,-2.820498247950267365e-02
2.540000000000000000e+02,1.735216165727499760e-01,5.158604338139585188e-01,2.382980855416292135e-02,-4.617432715321709846e-01,-2.873449293952787947e-02
2.550000000000000000e+02,1.734879165705977833e-01,5.159536515924533218e-01,2.237226683874977626e-02,-4.618566591659666876e-01,-2.721303211097238217e-02
2.560000000000000000e+02,1.735118438586770451e-01,5.160414698579622872e-01,2.107638372214119121e-02,-4.619695056946109823e-01,-2.708316687462458336e-02
2.570000000000000000e+02,1.734989622425503752e-01,5.161239267554208476e-01,1.978965539006050101e-02,-4.620782388098519378e-01,-2.609594765783196726e-02
2.580000000000000000e+02,1.735081509683091827e-01,5.162014714185395592e-01,1.861071914847957365e-02,-4.621853959298964365e-01,-2.571770881067700007e-02
2.590000000000000000e+02,1.734994337638195161e-01,5.162742595752762842e-01,1.746915761680110230e-02,-4.622895021099385771e-01,-2.498548321011130960e-02
2.600000000000000000e+02,1.734966992317807100e-01,5.163426211654360554e-01,1.640678163835116929e-02,-4.623916886810213178e-01,-2.452477705986281370e-02
2.610000000000000000e+02,1.734837470097956025e-01,5.164067347775006533e-01,1.538726689550753979e-02,-4.624913683969837930e-01,-2.392313183099588694e-02
2.620000000000000000e+02,1.734700498483252584e-01,5.164668800063683118e-01,1.443485492824041032e-02,-4.625891103363701795e-01,-2.345806545273279239e-02
2.630000000000000000e+02,1.734488145717733298e-01,5.165232374161081719e-01,1.352577833756088248e-02,-4.626846735362028507e-01,-2.293516795984067852e-02
2.640000000000000000e+02,1.734239137418364940e-01,5.165760528788587713e-01,1.267571106014178141e-02,-4.627783619895691758e-01,-2.248522880791621603e-02
2.650000000000000000e+02,1.733928339874619140e-01,5.166255002470206970e-01,1.186736835885164425e-02,-4.628701092976125753e-01,-2.201935393041001832e-02
2.660000000000000000e+02,1.733570159746619377e-01,5.166717717712719926e-01,1.110516582031744609e-02,-4.629600745340677892e-01,-2.159165674925311515e-02
2.670000000000000000e+02,1.733157504399460147e-01,5.167150525731579735e-01,1.038739245264054707e-02,-4.630482768946441730e-01,-2.116856653833515747e-02
2.680000000000000000e+02,1.732696602742984371e-01,5.167555093154810875e-01,9.709618157558011498e-03,-4.631348211619921718e-01,-2.077062416351653160e-02
2.690000000000000000e+02,1.732186829891415591e-01,5.167933159886181071e-01,9.073601552891835328e-03,-4.632197335367824742e-01,-2.037896994967590067e-02
2.700000000000000000e+02,1.731632115963705199e-01,5.168286053807082947e-01,8.469454101638235546e-03,-4.633030967167180436e-01,-2.000716318453096138e-02
2.710000000000000000e+02,1.731034276000519567e-01,5.168615328721598567e-01,7.902597948372986833e-03,-4.633849689291573704e-01,-1.964933098543887938e-02
2.720000000000000000e+02,1.730650676393590548e-01,5.168923033015161428e-01,7.384903045519772800e-03,-4.634590800133566169e-01,-1.778666020781494161e-02
2.730000000000000000e+02,1.730584109609671906e-01,5.169213313558579381e-01,6.966733042033179148e-03,-4.635336953805934135e-01,-1.790768813682912589e-02
2.740000000000000000e+02,1.730296014259363191e-01,5.169483010184211524e-01,6.472719015169129016e-03,-4.636028686879262728e-01,-1.660159375988740776e-02
2.750000000000000000e+02,1.730269979722433571e-01,5.169735749074120257e-01,6.065733357822679708e-03,-4.636747629805999527e-01,-1.725463024168819026e-02
2.760000000000000000e+02,1.729873052250837373e-01,5.169970035192478219e-01,5.622866840586685129e-03,-4.637369295837889815e-01,-1.491998476537230098e-02
2.770000000000000000e+02,1.729898779149914301e-01,5.170192218911466853e-01,5.332409255728139813e-03,-4.638041136524051478e-01,-1.612417646788576880e-02
2.780000000000000000e+02,1.729541341642454599e-01,5.170396355474986549e-01,4.899277524470740768e-03,-4.638608162839840676e-01,-1.360863157893974634e-02
2.790000000000000000e+02,1.729605370232540351e-01,5.170589820709077244e-01,4.643165618185146615e-03,-4.639237741709563712e-01,-1.510989287334867440e-02
2.800000000000000000e+02,1.729229461308824378e-01,5.170767309982046145e-01,4.259742551240677626e-03,-4.639752969438687424e-01,-1.236546549896637079e-02
2.810000000000000000e+02,1.729319436219363404e-01,5.170936318896277584e-01,4.056213941557968231e-03,-4.640338334223664263e-01,-1.404875483944862183e-02
2.820000000000000000e+02,1.728954192041227411e-01,5.171090602579510032e-01,3.702808397568135238e-03,-4.640807456355216520e-01,-1.125893115725391802e-02
2.830000000000000000e+02,1.729070274915793515e-01,5.171238024415762968e-01,3.538124070060131871e-03,-4.641348966949050414e-01,-1.299625425201815510e-02
2.840000000000000000e+02,1.728706440003807132e-01,5.171371794053319926e-01,3.210471301374579704e-03,-4.641776830928501796e-01,-1.026873550682698422e-02
2.850000000000000000e+02,1.728845456932928681e-01,5.171499815355083962e-01,3.072511242327977989e-03,-4.642276596953522350e-01,-1.199438460049051351e-02
2.860000000000000000e+02,1.728483082965935336e-01,5.171615514208741660e-01,2.776772487796350889e-03,-4.642667013142399157e-01,-9.369988533047894988e-03
2.870000000000000000e+02,1.728641672650518823e-01,5.171726452739815461e-01,2.662524745760856595e-03,-4.643127238448596650e-01,-1.104540734873331147e-02
2.880000000000000000e+02,1.728281552073902827e-01,5.171826291408954113e-01,2.396128059315056312e-03,-4.643483188664320194e-01,-8.542805177365796199e-03
2.890000000000000000e+02,1.728455637732463357e-01,5.171922367797652242e-01,2.305833328743099337e-03,-4.643906521072034832e-01,-1.015997778514578578e-02
2.900000000000000000e+02,1.728100564697138686e-01,5.172008492113564504e-01,2.066983581888610314e-03,-4.644230455645717570e-01,-7.774429768383436107e-03
2.910000000000000000e+02,1.728279590617788908e-01,5.172091603716736374e-01,1.994678476125465172e-03,-4.644620048850907068e-01,-9.350236924549259684e-03
2.920000000000000000e+02,1.727938211078266784e-01,5.172165781497297665e-01,1.780266733463311971e-03,-4.644914286586384611e-01,-7.061705651464134960e-03
2.930000000000000000e+02,1.728102363769479233e-01,5.172237447781122821e-01,1.719990811810430962e-03,-4.645274422289781269e-01,-8.643256881516920426e-03
2.940000000000000000e+02,1.727788796035950314e-01,5.172301104529002380e-01,1.527761949103864604e-03,-4.645540324891188066e-01,-6.381662433764530989e-03
2.950000000000000000e+02,1.727958160609139315e-01,5.172362941505206368e-01,1.484087428891578539e-03,-4.645872268663401861e-01,-7.966650533137512036e-03
2.960000000000000000e+02,1.727662801603571940e-01,5.172417571827385707e-01,1.311127732313446250e-03,-4.646116215523725668e-01,-5.854724647773841030e-03
2.970000000000000000e+02,1.727768935722487076e-01,5.172470569055157563e-01,1.271933466511553394e-03,-4.646425380779425351e-01,-7.419966136797878642e-03
2.980000000000000000e+02,1.727527217982918195e-01,5.172516756051882547e-01,1.108487921397186861e-03,-4.646639511556489022e-01,-5.139138649527311836e-03
2.990000000000000000e+02,1.727730927870546884e-01,5.172562673038264558e-01,1.102007673179943980e-03,-4.646919141731216119e-01,-6.711124193452594824e-03
3.000000000000000000e+02,1.727509395063618614e-01,5.172601864420466322e-01,9.405931728392637192e-04,-4.647151779976024799e-01,-5.583317875402900310e-03
3.010000000000000000e+02,1.727398826982801394e-01,5.172639786349302327e-01,9.101262920527887794e-04,-4.647358296661751598e-01,-4.956400457440452399e-03
3.020000000000000000e+02,1.727546651928733024e-01,5.172675218633343563e-01,8.503748169867824660e-04,-4.647587191530163087e-01,-5.493476841870629374e-03
3.030000000000000000e+02,1.727393480571801365e-01,5.172706525845613967e-01,7.513730944840213595e-04,-4.647797484070242957e-01,-5.047020961922668407e-03
3.040000000000000000e+02,1.727254626282452576e-01,5.172736109684588079e-01,7.100121353771270344e-04,-4.647969227486797861e-01,-4.121841997313454263e-03
3.050000000000000000e+02,1.727403538182884779e-01,5.172764291345505194e-01,6.763598620026318921e-04,-4.648173694951266977e-01,-4.907219147263356882e-03
3.060000000000000000e+02,1.727263525976586167e-01,5.172788491538746758e-01,5.808046378083228439e-04,-4.648353786584906722e-01,-4.322199207348475722e-03
3.070000000000000000e+02,1.727147095315970937e-01,5.172812002464745040e-01,5.642622239521502808e-04,-4.648505521452920286e-01,-3.641636832331443096e-03
3.080000000000000000e+02,1.727242991484601864e-01,5.172833849008313667e-01,5.243170456576545790e-04,-4.648687303558257100e-01,-4.362770528088900923e-03
3.090000000000000000e+02,1.727127160954416429e-01,5.172852236024350070e-01,4.412883848682714423e-04,-4.648847219399542818e-01,-3.837980190856122090e-03
3.100000000000000000e+02,1.727033973448847959e-01,5.172870043051691624e-01,4.273686561935442904e-04,-4.648970310210223666e-01,-2.954179456338482980e-03
3.110000000000000000e+02,1.727178396401228000e-01,5.172887489016235740e-01,4.187031490469363929e-04,-4.649124844230140274e-01,-3.708816478002886600e-03
3.120000000000000000e+02,1.727071456395137261e-01,5.172901810904673159e-01,3.437253224848177326e-04,-4.649256843215818780e-01,-3.167975656289013543e-03
3.130000000000000000e+02,1.727032039710441058e-01,5.172915333251697501e-01,3.245363285944188707e-04,-4.649400190164647562e-01,-3.440326771892369094e-03
3.140000000000000000e+02,1.726926957700874454e-01,5.172927795217060476e-01,2.990871687024767569e-04,-4.649500050289522290e-01,-2.396642996995075950e-03
3.150000000000000000e+02,1.727010212745672124e-01,5.172940057045084528e-01,2.942838725898695566e-04,-4.649639965686089282e-01,-3.357969517614167818e-03
3.160000000000000000e+02,1.726917571976796240e-01,5.172949125889541033e-01,2.176522669623758531e-04,-4.649752893484426219e-01,-2.710267160080017529e-03
3.170000000000000000e+02,1.726851554428890656e-01,5.172958586293847638e-01,2.270497033457452530e-04,-4.649834207664219621e-01,-1.951540315046369507e-03
3.180000000000000000e+02,1.726973256639063592e-01,5.172968268123018243e-01,2.323639001006378476e-04,-4.649945284226905118e-01,-2.665837504447103774e-03
3.190000000000000000e+02,1.726892836069687798e-01,5.172975503325910607e-01,1.736448694281571335e-04,-4.650035838503630004e-01,-2.173302641396406259e-03
3.200000000000000000e+02,1.726880944902635662e-01,5.172982549805622554e-01,1.691155130792230249e-04,-4.650137505979635710e-01,-2.440019424142946328e-03
3.210000000000000000e+02,1.726833079527515247e-01,5.172988242888911792e-01,1.366339989496078659e-04,-4.650230192625464110e-01,-2.224479499877213533e-03
3.220000000000000000e+02,1.726805750893005420e-01,5.172993427866083849e-01,1.244394521291333463e-04,-4.650326670085848657e-01,-2.315459049234365029e-03
3.230000000000000000e+02,1.726728649230369061e-01,5.172998234553668473e-01,1.153605020426010206e-04,-4.650372939356078872e-01,-1.110462485528573937e-03
3.240000000000000000e+02,1.726853948409424744e-01,5.173004195902041191e-01,1.430723609403588474e-04,-4.650461725349456232e-01,-2.130863841055549626e-03
3.250000000000000000e+02,1.726769429287054736e-01,5.173007742341813042e-01,8.511455453319332937e-05,-4.650522721349651945e-01,-1.463904004698016528e-03
3.260000000000000000e+02,1.726782337028693881e-01,5.173011719581143142e-01,9.545374392023861152e-05,-4.650599781412689260e-01,-1.849441512895610377e-03
3.270000000000000000e+02,1.726740623847941303e-01,5.173014427238361579e-01,6.498377324054335617e-05,-4.650665369027990326e-01,-1.574102767223695349e-03
3.280000000000000000e+02,1.726730978908576908e-01,5.173017057979962807e-01,6.313779842030415711e-05,-4.650736859547984769e-01,-1.715772479870345457e-03
3.290000000000000000e+02,1.726703143626619752e-01,5.173018908962625506e-01,4.442358390453364286e-05,-4.650803278242645611e-01,-1.594048671856276378e-03
3.300000000000000000e+02,1.726655647362910773e-01,5.173021275714657641e-01,5.680204878069122001e-05,-4.650842210493021933e-01,-9.343740090278387748e-04
3.310000000000000000e+02,1.726714541575912198e-01,5.173023726908806408e-01,5.882865955828839668e-05,-4.650911328391438282e-01,-1.658829561992091438e-03
3.320000000000000000e+02,1.726664403816560167e-01,5.173024475095715502e-01,1.795648582965747808e-05,-4.650961071689733717e-01,-1.193839159093513244e-03
3.330000000000000000e+02,1.726666849985188656e-01,5.173025585184433117e-01,2.664212921651143632e-05,-4.651022010536733364e-01,-1.462532327986850681e-03
3.340000000000000000e+02,1.726639973266440309e-01,5.173025837095369672e-01,6.045862466076587879e-06,-4.651074850081258205e-01,-1.268149068590425105e-03
3.350000000000000000e+02,1.726587547537792866e-01,5.173026751726412797e-01,2.195114503701233491e-05,-4.651087119172529483e-01,-2.944581905060681066e-04
3.360000000000000000e+02,1.726677237664462350e-01,5.173028796164856891e-01,4.906652266190819313e-05,-4.651137865995500498e-01,-1.217923751301665507e-03
3.370000000000000000e+02,1.726610911333025522e-01,5.173028955287716224e-01,3.818948635537591806e-06,-4.651164171844565653e-01,-6.313403775603444084e-04
3.380000000000000000e+02,1.726637232457157445e-01,5.173029904676397228e-01,2.278532835560918507e-05,-4.651205273750447788e-01,-9.864457411654504841e-04
3.390000000000000000e+02,1.726608330443656081e-01,5.173030026102866108e-01,2.914235252104763110e-06,-4.651236343040690002e-01,-7.456629658099027738e-04
3.400000000000000000e+02,1.726613122106054055e-01,5.173030349549854190e-01,7.762727716402462175e-06,-4.651273083421845755e-01,-8.817691477401645240e-04
3.410000000000000000e+02,1.726597734539766504e-01,5.173030263021282105e-01,-2.076685736140092354e-06,-4.651305631566924337e-01,-7.811554818805126633e-04
3.420000000000000000e+02,1.726594709322916976e-01,5.173030162587350933e-01,-2.410414352962610388e-06,-4.651340259237045083e-01,-8.310640829008354583e-04
3.430000000000000000e+02,1.726583733091467676e-01,5.173029693739277235e-01,-1.125235376132145019e-05,-4.651372894340451425e-01,-7.832424817552073072e-04
3.440000000000000000e+02,1.726578338532606394e-01,5.173029250082326058e-01,-1.064776682999873040e-05,-4.651406204852317483e-01,-7.994522847883668007e-04
3.450000000000000000e+02,1.726569625233432270e-01,5.173028591440038682e-01,-1.580741488869126640e-05,-4.651438499315895259e-01,-7.750671258626901138e-04
3.460000000000000000e+02,1.726562627358999014e-01,5.173027738815678678e-01,-2.046298464810641593e-05,-4.651470941143045490e-01,-7.786038516080092623e-04
3.470000000000000000e+02,1.726554586358039767e-01,5.173026712112948067e-01,-2.464086552966219813e-05,-4.651502661716234721e-01,-7.612937565475560650e-04
3.480000000000000000e+02,1.726517375403615606e-01,5.173026509794412808e-01,-4.855644840532543765e-06,-4.651504851248121075e-01,-5.254876527495519391e-05
3.490000000000000000e+02,1.726570979530233918e-01,5.173026789623300647e-01,6.715893312622327630e-06,-4.651539104261294688e-01,-8.220723161688517052e-04
3.500000000000000000e+02,1.726527685630419029e-01,5.173025604592655924e-01,-2.844073547499906097e-05,-4.651553537993087239e-01,-3.464095630229822908e-04
3.510000000000000000e+02,1.726545967929193626e-01,5.173025114336767816e-01,-1.176614132456589622e-05,-4.651580203424859339e-01,-6.399703625348820112e-04
3.520000000000000000e+02,1.726527372329903220e-01,5.173024065949409778e-01,-2.516129659114327562e-05,-4.651598762378745811e-01,-4.454148932755933477e-04
3.530000000000000000e+02,1.726531458207851699e-01,5.173023225094786071e-01,-2.018051097797533860e-05,-4.651622116763200476e-01,-5.605052269169830213e-04
3.540000000000000000e+02,1.726521662305643690e-01,5.173022097673692921e-01,-2.705810624075124024e-05,-4.651642114732899569e-01,-4.799512727833517333e-04
3.550000000000000000e+02,1.726520618630718318e-01,5.173021067920293703e-01,-2.471408158644771552e-05,-4.651663911618981184e-01,-5.231252659522828098e-04
3.560000000000000000e+02,1.726514585554711212e-01,5.173020008469958464e-01,-2.542680804469726500e-05,-4.651684189954407023e-01,-4.866800502247327614e-04
3.570000000000000000e+02,1.726511205949721739e-01,5.173018921554541905e-01,-2.608597000338429495e-05,-4.651704932047994179e-01,-4.978102460915310567e-04
3.580000000000000000e+02,1.726502196295487956e-01,5.173018471669881269e-01,-1.079723185010245272e-05,-4.651719350550605481e-01,-3.460440626766488601e-04
3.590000000000000000e+02,1.726506540068905304e-01,5.173017552166793154e-01,-2.206807410820336518e-05,-4.651738840738951497e-01,-4.677645202992872318e-04
3.600000000000000000e+02,1.726498163522308116e-01,5.173016356199590104e-01,-2.870321286985198713e-05,-4.651755172127504667e-01,-3.919533252704959824e-04
3.610000000000000000e+02,1.726497500861142453e-01,5.173015267046818799e-01,-2.613966649921648587e-05,-4.651773296128972612e-01,-4.349760352278950410e-04
3.620000000000000000e+02,1.726463238590230653e-01,5.173014904156061355e-01,-8.709378183493707710e-06,-4.651762268855518245e-01,2.646545629043258168e-04
3.630000000000000000e+02,1.726510095157453573e-01,5.173015031580540102e-01,3.058187481524850848e-06,-4.651782838439157963e-01,-4.936700073495789345e-04
3.640000000000000000e+02,1.726469761920246815e-01,5.173013836964496237e-01,-2.867078503962670405e-05,-4.651784019562515970e-01,-2.834696059679091577e-05
3.650000000000000000e+02,1.726491466505985228e-01,5.173013465901548091e-01,-8.905510743604110903e-06,-4.651797379453025405e-01,-3.206373722223234660e-04
3.660000000000000000e+02,1.726474722940860296e-01,5.173012533136567281e-01,-2.238635953505156392e-05,-4.651802878839883526e-01,-1.319852845945257522e-04
3.670000000000000000e+02,1.726482289477620502e-01,5.173011923977065551e-01,-1.461982804755763564e-05,-4.651813298127336904e-01,-2.500628988834831148e-04
3.680000000000000000e+02,1.726474410248985125e-01,5.173011132897777919e-01,-1.898590289839563206e-05,-4.651820276388404229e-01,-1.674782656207947124e-04
3.690000000000000000e+02,1.726476503698900211e-01,5.173010414060607021e-01,-1.725209210742757103e-05,-4.651829433535079605e-01,-2.197715202108688551e-04
3.700000000000000000e+02,1.726472361557404300e-01,5.173009642642366623e-01,-1.851403778194079679e-05,-4.651837145928637285e-01,-1.850974453790288300e-04
3.710000000000000000e+02,1.726472097407393547e-01,5.173008942261289045e-01,-1.680914585917448132e-05,-4.651845607953212225e-01,-2.030885897928428512e-04
3.720000000000000000e+02,1.726469159375254303e-01,5.173008187279279912e-01,-1.811956820607883440e-05,-4.651853367415423324e-01,-1.862270930727181160e-04
3.730000000000000000e+02,1.726468258031883807e-01,5.173007502007000991e-01,-1.644653469351016578e-05,-4.651861483294325583e-01,-1.947810936605441818e-04
3.740000000000000000e+02,1.726465838221364901e-01,5.173006760567306905e-01,-1.779455265909074196e-05,-4.651869234691881627e-01,-1.860335413419504592e-04
3.750000000000000000e+02,1.726464574839287891e-01,5.173006087692145760e-01,-1.614900386802167720e-05,-4.651877114286544490e-01,-1.891102719043530203e-04
3.760000000000000000e+02,1.726462311365115077e-01,5.173005357479233401e-01,-1.752510989836288357e-05,-4.651884735666073079e-01,-1.829131086876905092e-04
3.770000000000000000e+02,1.726460949531158917e-01,5.173004694850711349e-01,-1.590308452794737557e-05,-4.651892424723630959e-01,-1.845373813935000324e-04
3.780000000000000000e+02,1.726458868372004740e-01,5.173003973872317696e-01,-1.730348145547676750e-05,-4.651899992615777246e-01,-1.816294115103470302e-04
3.790000000000000000e+02,1.726457358631074412e-01,5.173003319677379475e-01,-1.570067850856663862e-05,-4.651907532170379000e-01,-1.809493104377986957e-04
3.800000000000000000e+02,1.726455233497093400e-01,5.173002606413639182e-01,-1.711832976242926130e-05,-4.651914923558820303e-01,-1.773933225849860947e-04
3.810000000000000000e+02,1.726453314727619537e-01,5.173001839920180478e-01,-1.839584300566831593e-05,-4.651922307441257454e-01,-1.772131784891547838e-04
3.820000000000000000e+02,1.726451747354923738e-01,5.173001144891994363e-01,-1.668067647896124669e-05,-4.651929609070158955e-01,-1.752390936363774812e-04
3.830000000000000000e+02,1.726449688080093359e-01,5.173000394961951853e-01,-1.799832101781150798e-05,-4.651936807975731170e-01,-1.727737337301421625e-04
3.840000000000000000e+02,1.726447738480142713e-01,5.172999595583598342e-01,-1.918508047240197284e-05,-4.651943977625203064e-01,-1.720715873241239187e-04
3.850000000000000000e+02,1.726446272399993764e-01,5.172998871007041810e-01,-1.738983736398457081e-05,-4.651951141375314513e-01,-1.719300026768544136e-04
3.860000000000000000e+02,1.726434274542661684e-01,5.172998926284276822e-01,1.326653650637448769e-06,-4.651947133333828033e-01,9.619299567953417253e-05
3.870000000000000000e+02,1.726447632323928061e-01,5.172998797594141607e-01,-3.088563250732845971e-06,-4.651954547299508858e-01,-1.779351763372609787e-04
3.880000000000000000e+02,1.726434389524818536e-01,5.172998085933852019e-01,-1.707984696272399488e-05,-4.651955269262060266e-01,-1.732710123453128841e-05
3.890000000000000000e+02,1.726440836758449393e-01,5.172997798862815078e-01,-6.889704880662723865e-06,-4.651960264005565726e-01,-1.198738441339803219e-04
3.900000000000000000e+02,1.726434325914720513e-01,5.172997181523860677e-01,-1.481613491652349128e-05,-4.651962387788984854e-01,-5.097080205305204730e-05
3.910000000000000000e+02,1.726436326543866473e-01,5.172996741934969833e-01,-1.055013337040283165e-05,-4.651966310178704544e-01,-9.413735327621298098e-05
3.920000000000000000e+02,1.726433336938656415e-01,5.172996225044930174e-01,-1.240536095680675577e-05,-4.651969176715554655e-01,-6.879688440313312192e-05
3.930000000000000000e+02,1.726433060520236318e-01,5.172995757187289767e-01,-1.122858337452001850e-05,-4.651972582680640178e-01,-8.174316204823132623e-05
3.940000000000000000e+02,1.726431044250261171e-01,5.172995214591710189e-01,-1.302229391742108346e-05,-4.651975606239051597e-01,-7.256540186921792352e-05
3.950000000000000000e+02,1.726430302753001189e-01,5.172994723760405700e-01,-1.177995130764485841e-05,-4.651978839743562966e-01,-7.760410827863140645e-05
3.960000000000000000e+02,1.726428980088046405e-01,5.172994279762767045e-01,-1.065594333543387831e-05,-4.651981880550677961e-01,-7.297937076157813021e-05
3.970000000000000000e+02,1.726427999889913190e-01,5.172993877847514854e-01,-9.645966042321563259e-06,-4.651984992977884481e-01,-7.469825295783063493e-05
3.980000000000000000e+02,1.726426685127047667e-01,5.172993513989777581e-01,-8.732585697636747847e-06,-4.651987943324872865e-01,-7.080832771978395825e-05
3.990000000000000000e+02,1.726425298380890316e-01,5.172993064936350915e-01,-1.077728224283143048e-05,-4.651991009491602824e-01,-7.358800152236784462e-05
4.000000000000000000e+02,1.726424174324696914e-01,5.172992658534514288e-01,-9.753644087950800025e-06,-4.651994049123177044e-01,-7.295115778483714361e-05
4.010000000000000000e+02,1.726422944491351752e-01,5.172992290623954492e-01,-8.829853427469206789e-06,-4.651996995017274594e-01,-7.070145834052097254e-05
4.020000000000000000e+02,1.726421290846485157e-01,5.172991838088130123e-01,-1.086085978790358382e-05,-4.651999862224720506e-01,-6.881297870752260909e-05
4.030000000000000000e+02,1.726420347196721550e-01,5.172991428558710858e-01,-9.828706060641246271e-06,-4.652002841356127627e-01,-7.149915377177394745e-05
4.040000000000000000e+02,1.726419034632603045e-01,5.172991057922504687e-01,-8.895268936027607513e-06,-4.652005664480566294e-01,-6.775498652798803265e-05
4.050000000000000000e+02,1.726418042682807130e-01,5.172990722193938629e-01,-8.057485583448158615e-06,-4.652008595018514159e-01,-7.033291074987689886e-05
4.060000000000000000e+02,1.726416271546607761e-01,5.172990298711823698e-01,-1.016357075853946639e-05,-4.652011380015090847e-01,-6.683991783508706883e-05
4.070000000000000000e+02,1.726415380101136710e-01,5.172989915347999679e-01,-9.200731778688707804e-06,-4.652014343075647207e-01,-7.111345335358836169e-05
4.080000000000000000e+02,1.726413924099045039e-01,5.172989568374021241e-01,-8.327375483444623044e-06,-4.652017051268292902e-01,-6.499662349403962703e-05
4.090000000000000000e+02,1.726412913062519150e-01,5.172989254029330963e-01,-7.544272579319619917e-06,-4.652019869777226924e-01,-6.764421441933915469e-05
4.100000000000000000e+02,1.726411049693657440e-01,5.172988849932226296e-01,-9.698330518370486199e-06,-4.652022480703458251e-01,-6.266222955156006971e-05
4.110000000000000000e+02,1.726410225418569810e-01,5.172988484079771299e-01,-8.780458911451222674e-06,-4.652025340361722328e-01,-6.863179833363308821e-05
4.120000000000000000e+02,1.726408042616188188e-01,5.172988792146816506e-01,7.393609078562511967e-06,-4.652025340105868656e-01,6.140489764447712440e-09
4.130000000000000000e+02,1.726407180722557277e-01,5.172988571680295911e-01,-5.291196488164678681e-06,-4.652027081323484303e-01,-4.178922278132238412e-05
4.140000000000000000e+02,1.726404979429607967e-01,5.172988253346888499e-01,-7.640001788597622232e-06,-4.652028002096232351e-01,-2.209854595667197209e-05
4.150000000000000000e+02,1.726404794336454940e-01,5.172987965572484192e-01,-6.906585699307243390e-06,-4.652029462066422094e-01,-3.503928454958444411e-05
4.160000000000000000e+02,1.726403379218254541e-01,5.172987705718703477e-01,-6.236490731038139214e-06,-4.652030591662353332e-01,-2.711030235560246536e-05
4.170000000000000000e+02,1.726402510758136277e-01,5.172987470855453518e-01,-5.636718008188905141e-06,-4.652031824828902762e-01,-2.959599718697623238e-05
4.180000000000000000e+02,1.726401484975219336e-01,5.172987258523924492e-01,-5.095956697197215464e-06,-4.652033057871394206e-01,-2.959301979851890961e-05
4.190000000000000000e+02,1.726399865397426348e-01,5.172986947245015177e-01,-7.470693831987826409e-06,-4.652034173218544955e-01,-2.676833161411338522e-05
4.200000000000000000e+02,1.726399429488001125e-01,5.172986785421337386e-01,-3.883768266487016692e-06,-4.652035382528206253e-01,-2.902343186692089676e-05
4.210000000000000000e+02,1.726398157520989685e-01,5.172986639035427325e-01,-3.513261847597206593e-06,-4.652036424553686045e-01,-2.500861151975050900e-05
4.220000000000000000e+02,1.726396844583578949e-01,5.172986387053722934e-01,-6.047560914915966828e-06,-4.652037611656439919e-01,-2.849046609529797068e-05
4.230000000000000000e+02,1.726395701640250357e-01,5.172986159412592544e-01,-5.463387127949062792e-06,-4.652038704351901810e-01,-2.622469108598920445e-05
4.240000000000000000e+02,1.726394877311562270e-01,5.172985953533181247e-01,-4.941105870433258536e-06,-4.652039964648890247e-01,-3.024712772201452749e-05
4.250000000000000000e+02,1.726393535791552469e-01,5.172985767486885100e-01,-4.465111095009668821e-06,-4.652040993964216553e-01,-2.470356783231770966e-05
4.260000000000000000e+02,1.726392692435778364e-01,5.172985599113777422e-01,-4.040954585277804618e-06,-4.652042190277869138e-01,-2.871152766053634492e-05
4.270000000000000000e+02,1.726391376768975638e-01,5.172985446863643810e-01,-3.654003212848944153e-06,-4.652043187847524908e-01,-2.394167174201743535e-05
4.280000000000000000e+02,1.726390474833007227e-01,5.172985308980451169e-01,-3.309196622678028104e-06,-4.652044318612075235e-01,-2.713834920649764524e-05
4.290000000000000000e+02,1.726389346624278842e-01,5.172985184096738909e-01,-2.997209089336693598e-06,-4.652045413477758351e-01,-2.627677639054275483e-05
4.300000000000000000e+02,1.726388253878312073e-01,5.172985070916812367e-01,-2.716318235638657247e-06,-4.652046505418711564e-01,-2.620658287678082047e-05
4.310000000000000000e+02,1.726386573183282813e-01,5.172984849037498556e-01,-5.325103535091732679e-06,-4.652047477815253185e-01,-2.333751700298175377e-05
4.320000000000000000e+02,1.726385780797242420e-01,5.172984648393041951e-01,-4.815466951573251534e-06,-4.652048654820288287e-01,-2.824812083709655911e-05
4.330000000000000000e+02,1.726384594413462870e-01,5.172984467002058606e-01,-4.353383600384377112e-06,-4.652049733868863779e-01,-2.589716581411662105e-05
4.340000000000000000e+02,1.726383487293631780e-01,5.172984302958111291e-01,-3.937054740753562546e-06,-4.652050782506993443e-01,-2.516731511381072793e-05
4.350000000000000000e+02,1.726382373136019499e-01,5.172984154558477599e-01,-3.561591212699498668e-06,-4.652051800646876401e-01,-2.443535718755527212e-05
4.360000000000000000e+02,1.726381330297886985e-01,5.172984020214220768e-01,-3.224262175959533212e-06,-4.652052853336395288e-01,-2.526454845182372831e-05
4.370000000000000000e+02,1.726380118648406792e-01,5.172983898620512333e-01,-2.918248993650833034e-06,-4.652053808066773932e-01,-2.291352909247178226e-05
4.380000000000000000e+02,1.726375595276446184e-01,5.172983956981312970e-01,1.400659205089185500e-06,-4.652051360778073907e-01,5.873492879906817073e-05
4.390000000000000000e+02,1.726379776905242747e-01,5.172983969441063978e-01,2.990340318169314174e-07,-4.652053419497422793e-01,-4.940926437560302795e-05
4.400000000000000000e+02,1.726375438968386911e-01,5.172983862224259655e-01,-2.573203305848288049e-06,-4.652052871725264604e-01,1.314653179932065712e-05
4.410000000000000000e+02,1.726376613639349078e-01,5.172983764621413849e-01,-2.342468286266486267e-06,-4.652053947313721793e-01,-2.581412297603697406e-05
4.420000000000000000e+02,1.726374154772177261e-01,5.172983676993273550e-01,-2.103075355832987335e-06,-4.652053881158670356e-01,1.587721233388225168e-06
4.430000000000000000e+02,1.726374168685869959e-01,5.172983597408604695e-01,-1.910032062078491552e-06,-4.652054637002183135e-01,-1.814024430756384641e-05
4.440000000000000000e+02,1.726372428958780347e-01,5.172983525706612573e-01,-1.720847802833520523e-06,-4.652054847873659527e-01,-5.060915437205656313e-06
4.450000000000000000e+02,1.726371908229821228e-01,5.172983460632640806e-01,-1.561775323443228175e-06,-4.652055478105774355e-01,-1.512557075528109929e-05
4.460000000000000000e+02,1.726370413316757058e-01,5.172983401911683821e-01,-1.409302967241565395e-06,-4.652055762417417473e-01,-6.823479429646931365e-06
4.470000000000000000e+02,1.726369634682457799e-01,5.172983348652313573e-01,-1.278224874432689542e-06,-4.652056267062354422e-01,-1.211147848832742048e-05
4.480000000000000000e+02,1.726368386888961770e-01,5.172983300483759983e-01,-1.156045281471349973e-06,-4.652056625045840610e-01,-8.591603664494855907e-06
4.490000000000000000e+02,1.726367432259512946e-01,5.172983256795971041e-01,-1.048506935551364300e-06,-4.652057069513936827e-01,-1.066723431292525990e-05
4.500000000000000000e+02,1.726366225715068037e-01,5.172983217257985933e-01,-9.489116455808647316e-07,-4.652057401558830629e-01,-7.969077451445401381e-06
4.510000000000000000e+02,1.726365307692947770e-01,5.172983181332521108e-01,-8.622111517105002184e-07,-4.652057852989874287e-01,-1.083434505427187633e-05
4.520000000000000000e+02,1.726364055398016129e-01,5.172983148810165188e-01,-7.805365343606621293e-07,-4.652058158611366845e-01,-7.334915824774496093e-06
4.530000000000000000e+02,1.726363174847816151e-01,5.172983119192596790e-01,-7.108216330553682701e-07,-4.652058616665217250e-01,-1.099329240682767151e-05
4.540000000000000000e+02,1.726361877833753888e-01,5.172983092375942338e-01,-6.435997047354869179e-07,-4.652058895649485160e-01,-6.695622427563945259e-06
4.550000000000000000e+02,1.726360494623336572e-01,5.172982948615039156e-01,-3.450261678809846433e-06,-4.652059276886328920e-01,-9.149684244090407063e-06
4.560000000000000000e+02,1.726359544076784547e-01,5.172982818832306817e-01,-3.114785587367125824e-06,-4.652059718532141619e-01,-1.059949950214193562e-05
4.570000000000000000e+02,1.726358498313903811e-01,5.172982701659828431e-01,-2.812139484202892993e-06,-4.652060152020234818e-01,-1.040371423781264499e-05
4.580000000000000000e+02,1.726357406744801204e-01,5.172982595879035417e-01,-2.538739029325588406e-06,-4.652060544212318627e-01,-9.412610013126924602e-06
4.590000000000000000e+02,1.726356352830100138e-01,5.172982500356987368e-01,-2.292529166363007610e-06,-4.652060928428888298e-01,-9.221197677125392907e-06
4.600000000000000000e+02,1.726355293587753525e-01,5.172982414080701252e-01,-2.070630854542086721e-06,-4.652061304206036585e-01,-9.018651553520023659e-06
4.610000000000000000e+02,1.726354268648899737e-01,5.172982336110377721e-01,-1.871287775111763455e-06,-4.652061703677466409e-01,-9.587314320096290652e-06
4.620000000000000000e+02,1.726353196186300454e-01,5.172982265635324151e-01,-1.691401289711497864e-06,-4.652062092726126363e-01,-9.337167837152018961e-06
4.630000000000000000e+02,1.726352120272297841e-01,5.172982201918197021e-01,-1.529211042540266136e-06,-4.652062471202250693e-01,-9.083426983370766945e-06
4.640000000000000000e+02,1.726351041358838156e-01,5.172982144294896445e-01,-1.382959215291264033e-06,-4.652062839019178719e-01,-8.827606278841528177e-06
4.650000000000000000e+02,1.726350153924811337e-01,5.172982092029270174e-01,-1.254375024500256853e-06,-4.652063358646546520e-01,-1.247105682667204335e-05
4.660000000000000000e+02,1.726348815411707649e-01,5.172982044802063584e-01,-1.133452966765782252e-06,-4.652063665918313995e-01,-7.374522415952415672e-06
4.670000000000000000e+02,1.726347889837213656e-01,5.172982001965134025e-01,-1.028086300691069844e-06,-4.652064094189691801e-01,-1.027851307327965494e-05
4.680000000000000000e+02,1.726346712399494110e-01,5.172981963175742326e-01,-9.309453901608844464e-07,-4.652064443139088401e-01,-8.374785513556393200e-06
4.690000000000000000e+02,1.726345658873573996e-01,5.172981927997237772e-01,-8.442841178723322257e-07,-4.652064813220015971e-01,-8.881942259449358303e-06
4.700000000000000000e+02,1.726344522549160543e-01,5.172981896113868494e-01,-7.652008648871787690e-07,-4.652065138283195123e-01,-7.801516293316642403e-06
4.710000000000000000e+02,1.726338439662359892e-01,5.172981888602623535e-01,-1.802698796769900210e-07,-4.652061202950887320e-01,9.444797539190163222e-05
4.720000000000000000e+02,1.726345348889208320e-01,5.172981986144268296e-01,2.340999480259640511e-06,-4.652063569857421976e-01,-5.680575682956730114e-05
4.730000000000000000e+02,1.726339058309959984e-01,5.172981837077440526e-01,-3.577603858276124349e-06,-4.652062090176887210e-01,3.551233283501921097e-05
4.740000000000000000e+02,1.726341751244973577e-01,5.172981821028788119e-01,-3.851676628552571506e-07,-4.652063041293404977e-01,-2.282679643001245614e-05
4.750000000000000000e+02,1.726338714290485687e-01,5.172981807325007786e-01,-3.288907185644427841e-07,-4.652062394488623576e-01,1.552331475723461304e-05
4.760000000000000000e+02,1.726339077714995063e-01,5.172981794459011740e-01,-3.087839016218183801e-07,-4.652062847877945773e-01,-1.088134373114493648e-05
4.770000000000000000e+02,1.726337142960948645e-01,5.172981783176360260e-01,-2.707836313072250268e-07,-4.652062601091747074e-01,5.922868764264178836e-06
4.780000000000000000e+02,1.726336608931333949e-01,5.172981772830302916e-01,-2.483053874123566821e-07,-4.652062755339076983e-01,-3.701935911605549371e-06
4.790000000000000000e+02,1.726335305794963471e-01,5.172981763583512915e-01,-2.219229512098532355e-07,-4.652062709034212040e-01,1.111316752522198404e-06
4.800000000000000000e+02,1.726334385870913757e-01,5.172981755199156373e-01,-2.012245499057657176e-07,-4.652062762850377453e-01,-1.291587964694901819e-06
