# Time, SliderHeight, Motor1Pos, Motor1Vel, Motor2Pos, Motor2Vel
0.000000000000000000e+00,2.600000000000000089e-01,0.000000000000000000e+00,0.000000000000000000e+00,0.000000000000000000e+00,0.000000000000000000e+00
1.000000000000000000e+00,-2.912062043647321019e-01,1.029145121574401821e-02,2.469948291778564453e+00,-9.460641475575584658e-03,-2.270553954138140540e+00
2.000000000000000000e+00,6.299336843140837527e-02,2.437371671199798501e-02,3.379743719100952060e+00,-2.643681089404049250e-02,-4.074280660431577772e+00
3.000000000000000000e+00,-1.041918158012431483e-01,4.260327214002609247e-02,4.375093302726745570e+00,-4.652273422586379603e-02,-4.820621599637592958e+00
4.000000000000000000e+00,2.312916419742592766e-01,6.082340294718742435e-02,4.372831393718720427e+00,-6.453304024802254679e-02,-4.322473445318100183e+00
5.000000000000000000e+00,2.696607696132297671e-01,7.920835806071757634e-02,4.412389227247238033e+00,-8.314434427172301412e-02,-4.466712965688113712e+00
6.000000000000000000e+00,2.928204801052231021e-01,9.741825216835736656e-02,4.370374585833550540e+00,-1.019730928064107589e-01,-4.518899648325058749e+00
7.000000000000000000e+00,2.853662737317257947e-01,1.154758127375781485e-01,4.333814536612988988e+00,-1.210074707751341017e-01,-4.568250712493601817e+00
8.000000000000000000e+00,2.738588646005175598e-01,1.334505729536122065e-01,4.313942451848172155e+00,-1.402175965625901410e-01,-4.610430188989447231e+00
9.000000000000000000e+00,2.728373530677404291e-01,1.512764024132406127e-01,4.278199070310818364e+00,-1.594619652284569034e-01,-4.618648479808025620e+00
1.000000000000000000e+01,2.767054612960681004e-01,1.687965149337573856e-01,4.204827004924022837e+00,-1.784758418706141048e-01,-4.563330394117725675e+00
1.100000000000000000e+01,2.602464345959913383e-01,1.862234671105018891e-01,4.182468522418679946e+00,-1.976973636247066346e-01,-4.613165220982210712e+00
1.200000000000000000e+01,2.596870732969235318e-01,2.034977256526712963e-01,4.145822050120660407e+00,-2.171834219099753049e-01,-4.676653988464480882e+00
1.300000000000000000e+01,2.594667876092909831e-01,2.205302219930438123e-01,4.087799121689404735e+00,-2.369690977300269730e-01,-4.748562196812398994e+00
1.400000000000000000e+01,2.587368862756973531e-01,2.371650249966813229e-01,3.992352720873004301e+00,-2.565971633696451648e-01,-4.710735753508370927e+00
1.500000000000000000e+01,2.618443877042549439e-01,2.531749586351662584e-01,3.842384073236386755e+00,-2.757103092050606774e-01,-4.587155000499722135e+00
1.600000000000000000e+01,2.533059161103844992e-01,2.685458046276524291e-01,3.689003038196684070e+00,-2.941030616698038225e-01,-4.414260591538356593e+00
1.700000000000000000e+01,2.450121516114707743e-01,2.832721336554724911e-01,3.534318966676820661e+00,-3.116076046264438792e-01,-4.201090309593620731e+00
1.800000000000000000e+01,2.248513305500968174e-01,2.976602671031271519e-01,3.453152027437117688e+00,-3.284203199684289642e-01,-4.035051682076415069e+00
1.900000000000000000e+01,2.213859221633954766e-01,3.116344473496778233e-01,3.353803259172165596e+00,-3.443515590128607418e-01,-3.823497370663620831e+00
2.000000000000000000e+01,8.680440807258447133e-01,3.250027236289684818e-01,3.208386307029763795e+00,-3.592687114080529986e-01,-3.580116574846146094e+00
2.100000000000000000e+01,4.874569980028039540e-01,3.375087204826091036e-01,3.001439244873751466e+00,-3.730075535774893813e-01,-3.297322120664735845e+00
2.200000000000000000e+01,6.948296485021809854e-02,3.490762314127875410e-01,2.776202623242820966e+00,-3.856117019892335573e-01,-3.024995618818600462e+00
2.300000000000000000e+01,1.434798543377131808e-01,3.602671564701986351e-01,2.685822013778663919e+00,-3.974997095948832326e-01,-2.853121825355926067e+00
2.400000000000000000e+01,2.615789700509729698e-01,3.719338006750159131e-01,2.799994609156151615e+00,-4.089421235953051292e-01,-2.746179360101255629e+00
2.500000000000000000e+01,2.184202563350702564e-01,3.832383597221430405e-01,2.713094171310505232e+00,-4.196140535717902686e-01,-2.561263194356439676e+00
2.600000000000000000e+01,1.737291616018096230e-01,3.946098367429511922e-01,2.729154484993955521e+00,-4.295741477755726789e-01,-2.390422608907772251e+00
2.700000000000000000e+01,1.775176317718189511e-01,4.055805576059346440e-01,2.632973007116032438e+00,-4.387204688460438207e-01,-2.195117056913074460e+00
2.800000000000000000e+01,1.735303605053571396e-01,4.160407637714017559e-01,2.510449479712103749e+00,-4.470502018094386631e-01,-1.999135911214768635e+00
2.900000000000000000e+01,1.722502211712562958e-01,4.258874406225882647e-01,2.363202444284766557e+00,-4.545924764442441091e-01,-1.810145912353310127e+00
3.000000000000000000e+01,1.732484943850470804e-01,4.350208893402089383e-01,2.192027692228959879e+00,-4.614075912802279578e-01,-1.635627560636124578e+00
3.100000000000000000e+01,1.719090874362725896e-01,4.434334089001651935e-01,2.019004694389503474e+00,-4.675579083282899173e-01,-1.476076091534875845e+00
3.200000000000000000e+01,1.709798866621353719e-01,4.511267706583037551e-01,1.846406821953248789e+00,-4.731029156668656865e-01,-1.330801761258184834e+00
3.300000000000000000e+01,1.673306271473607443e-01,4.581977336115324317e-01,1.697031108774885055e+00,-4.780973917111659977e-01,-1.198674250632075777e+00
3.400000000000000000e+01,1.670564733602705187e-01,4.646419711721537227e-01,1.546617014549107383e+00,-4.825894642225601050e-01,-1.078097402734580434e+00
3.500000000000000000e+01,1.665222393902264508e-01,4.704824115024754949e-01,1.401705679277221783e+00,-4.866265898249602651e-01,-9.689101445760442965e-01
3.600000000000000000e+01,1.657674585155470004e-01,4.757598720812890591e-01,1.266590538915254305e+00,-4.902495959922959501e-01,-8.695214801605584132e-01
3.700000000000000000e+01,1.649441361005767326e-01,4.805180266200905770e-01,1.141957089312357621e+00,-4.934875563969360335e-01,-7.771104971136257866e-01
3.800000000000000000e+01,1.642737666723292633e-01,4.848037631698566829e-01,1.028576771943863877e+00,-4.963758404504532984e-01,-6.931881728441411372e-01
3.900000000000000000e+01,1.635953193744531797e-01,4.886617486088875584e-01,9.259165053674147661e-01,-4.989406776928381193e-01,-6.155609381723543549e-01
4.000000000000000000e+01,1.629424690282357258e-01,4.921345315505871731e-01,8.334679060079028812e-01,-5.012062648536594889e-01,-5.437409185971281422e-01
4.100000000000000000e+01,1.623587961937172641e-01,4.952603699842036966e-01,7.502012240679702959e-01,-5.031961135088148795e-01,-4.775636772372917616e-01
4.200000000000000000e+01,1.618125999481410671e-01,4.980737914675171796e-01,6.752211559952304709e-01,-5.049316224784463625e-01,-4.165221527115672284e-01
4.300000000000000000e+01,1.612911633912315068e-01,5.006060376955397961e-01,6.077390947254376341e-01,-5.064323010381979184e-01,-3.601628543403838645e-01
4.400000000000000000e+01,1.607236858327681372e-01,5.028849520124650807e-01,5.469394360620702944e-01,-5.077121193020731615e-01,-3.071563833300472446e-01
4.500000000000000000e+01,1.598672651321800253e-01,5.049358429077090982e-01,4.922138148585739059e-01,-5.087760073204897759e-01,-2.553331244199756322e-01
4.600000000000000000e+01,1.591323990855035841e-01,5.067816685318253800e-01,4.429981497878964225e-01,-5.096332128397638161e-01,-2.057293246257828612e-01
4.700000000000000000e+01,1.580008327032807747e-01,5.084428158459408653e-01,3.986753553877268041e-01,-5.102753098256507247e-01,-1.541032766128509202e-01
4.800000000000000000e+01,1.564518572478460767e-01,5.099379668174007785e-01,3.588362331503904268e-01,-5.106868453876877156e-01,-9.876853488886705446e-02
4.900000000000000000e+01,1.545045044048135863e-01,5.112837239861323102e-01,3.229817204955759968e-01,-5.108517714047673408e-01,-3.958224409911641900e-02
5.000000000000000000e+01,1.520334469732258498e-01,5.124949769637485719e-01,2.907007146279014798e-01,-5.107442922240367222e-01,2.579500337535887283e-02
5.100000000000000000e+01,1.485174285300705499e-01,5.135851642486427560e-01,2.616449483745968418e-01,-5.103195802286371041e-01,1.019308788959205209e-01
5.200000000000000000e+01,1.428811386958662166e-01,5.145662851222628786e-01,2.354690096688320244e-01,-5.094877946067521979e-01,1.996285492523787730e-01
5.300000000000000000e+01,1.332480897013632037e-01,5.154488647567350146e-01,2.118191122732995535e-01,-5.080939183994578334e-01,3.345302897506596818e-01
5.400000000000000000e+01,1.312126695653349495e-01,5.162423519611353262e-01,1.904369290560769534e-01,-5.062945942293841650e-01,4.318378008176875227e-01
5.500000000000000000e+01,1.300534644652224514e-01,5.169576467741802128e-01,1.716707551307843915e-01,-5.041923433316157777e-01,5.045402154644221815e-01
5.600000000000000000e+01,1.289825843078138412e-01,5.176032598493159886e-01,1.549471380325948000e-01,-5.018458477188543210e-01,5.631589470627387239e-01
5.700000000000000000e+01,1.311300934036548349e-01,5.181860759131511340e-01,1.398758553204381139e-01,-4.993782615083778298e-01,5.922206905143636568e-01
5.800000000000000000e+01,1.363326436799408292e-01,5.187126488477060704e-01,1.263775042931871984e-01,-4.969597715576717367e-01,5.804375881694641137e-01
5.900000000000000000e+01,1.414398482961216064e-01,5.191890201989104447e-01,1.143291242890423914e-01,-4.947139277479167818e-01,5.390025143411847353e-01
6.000000000000000000e+01,1.462276510932398743e-01,5.196200551533931566e-01,1.034483890758484959e-01,-4.927281815654083741e-01,4.765790838020137477e-01
6.100000000000000000e+01,1.507116499891451578e-01,5.200099416441520406e-01,9.357275778213101913e-02,-4.910641984694985029e-01,3.993559430183676873e-01
6.200000000000000000e+01,1.547360778929083580e-01,5.203623534434822506e-01,8.457883183924237713e-02,-4.897547113687829579e-01,3.142769041717340395e-01
6.300000000000000000e+01,1.580079413916856690e-01,5.206806327094021247e-01,7.638702382075983344e-02,-4.887884966222711958e-01,2.318915391628246503e-01
6.400000000000000000e+01,1.605910750883082772e-01,5.209679065943947363e-01,6.894573239822959776e-02,-4.881164767992033915e-01,1.612847575362763297e-01
6.500000000000000000e+01,1.626424475821381110e-01,5.212270491430732733e-01,6.219421168286175250e-02,-4.876723073898568961e-01,1.066006582431544558e-01
6.600000000000000000e+01,1.642227866374494361e-01,5.214606827645458242e-01,5.607206915340710862e-02,-4.873894701957541264e-01,6.788092658466664264e-02
6.700000000000000000e+01,1.653684684916809922e-01,5.216712153315411493e-01,5.052781607888508913e-02,-4.872113507495633988e-01,4.274866708577372554e-02
6.800000000000000000e+01,1.661394409292012153e-01,5.218608616743455331e-01,4.551512227306092617e-02,-4.870948722053776159e-01,2.795485060458960391e-02
6.900000000000000000e+01,1.666186584271977522e-01,5.220316629507693040e-01,4.099230634171775745e-02,-4.870099962551324713e-01,2.037022805883179771e-02
7.000000000000000000e+01,1.668928813295422753e-01,5.221854562966711244e-01,3.691040301642890820e-02,-4.869374440187706488e-01,1.741253672683676368e-02
7.100000000000000000e+01,1.670375350959473204e-01,5.223239187687408469e-01,3.323099329673902952e-02,-4.868661684972989678e-01,1.710612515320782470e-02
7.200000000000000000e+01,1.671171638984391139e-01,5.224485713215313298e-01,2.991661266972897582e-02,-4.867910601593055109e-01,1.802600111842391287e-02
7.300000000000000000e+01,1.671788013152634977e-01,5.225607948324522134e-01,2.693364262100538670e-02,-4.867107461091095821e-01,1.927537204702476845e-02
7.400000000000000000e+01,1.672426401094516402e-01,5.226618203760298176e-01,2.424613045861329780e-02,-4.866259019784355822e-01,2.036259136175558315e-02
7.500000000000000000e+01,1.673158738092205555e-01,5.227527678744597894e-01,2.182739962319160676e-02,-4.865382000666460538e-01,2.104845882948087193e-02
7.600000000000000000e+01,1.674029076082568235e-01,5.228346452523348065e-01,1.965057069001103704e-02,-4.864496439237410153e-01,2.125347429721400130e-02
7.700000000000000000e+01,1.675035712263604204e-01,5.229083596368399034e-01,1.769145228121484295e-02,-4.863621593691191403e-01,2.099629310924450848e-02
7.800000000000000000e+01,1.676148279141377317e-01,5.229747274027369830e-01,1.592826381529673443e-02,-4.862773936231218896e-01,2.034377903933717174e-02
7.900000000000000000e+01,1.677331957547466557e-01,5.230344832488380558e-01,1.434140306424450985e-02,-4.861966228569614690e-01,1.938498387849921928e-02
8.000000000000000000e+01,1.678549497743958563e-01,5.230882883842770115e-01,1.291323250536014801e-02,-4.861207342147931265e-01,1.821327412040448998e-02
8.100000000000000000e+01,1.679763501256610336e-01,5.231367378467512985e-01,1.162787099381941067e-02,-4.860502672930598345e-01,1.691206121598457304e-02
8.200000000000000000e+01,1.680948890669619333e-01,5.231803671981749559e-01,1.047104434166751252e-02,-4.859854377620855814e-01,1.555908743382281370e-02
8.300000000000000000e+01,1.682078871752781535e-01,5.232196464088408883e-01,9.427010559829553799e-03,-4.859262723318645838e-01,1.419970325304290189e-02
8.400000000000000000e+01,1.683141315475326361e-01,5.232550106353291985e-01,8.487414357186086680e-03,-4.858724491090558595e-01,1.291757347409205892e-02
8.500000000000000000e+01,1.684125739776483610e-01,5.232868626076356833e-01,7.644473353551806474e-03,-4.858240577376279901e-01,1.161392914268537593e-02
8.600000000000000000e+01,1.684952388832913761e-01,5.233155440085729415e-01,6.883536224949068048e-03,-4.857788837047898878e-01,1.084176788114392560e-02
8.700000000000000000e+01,1.685915870503839897e-01,5.233413757467627603e-01,6.199617165554689897e-03,-4.857419847623848930e-01,8.855746177197608426e-03
8.800000000000000000e+01,1.687026781612986637e-01,5.233647913640538940e-01,5.619748149859344483e-03,-4.857017009542841657e-01,9.668113944172071136e-03
8.900000000000000000e+01,1.687091142635921137e-01,5.233857116549993638e-01,5.020869826925766430e-03,-4.856705878357625572e-01,7.467148445180646528e-03
9.000000000000000000e+01,1.688069135569625345e-01,5.234047081539561219e-01,4.559159749633630472e-03,-4.856370297375006695e-01,8.053943582846915736e-03
9.100000000000000000e+01,1.688245956561308936e-01,5.234216636395689903e-01,4.069316547085666605e-03,-4.856108599419995953e-01,6.280750920257881058e-03
9.200000000000000000e+01,1.688567622090215159e-01,5.234371029698293709e-01,3.705439262496666372e-03,-4.855818623958428337e-01,6.959411077621048894e-03
9.300000000000000000e+01,1.689598582901811474e-01,5.234508265601846011e-01,3.293661685246444901e-03,-4.855644947325029603e-01,4.168239201572172814e-03
9.400000000000000000e+01,1.690716024135021645e-01,5.234633237556818308e-01,2.999326919328857474e-03,-4.855468464991670730e-01,4.235576000607981124e-03
9.500000000000000000e+01,1.690349454842477728e-01,5.234745919593459806e-01,2.704368879402094944e-03,-4.855277586087645147e-01,4.581093696614292783e-03
9.600000000000000000e+01,1.689921892356707478e-01,5.234847545775713762e-01,2.439028374086775214e-03,-4.855066690773971461e-01,5.061487528170331186e-03
9.700000000000000000e+01,1.691022507139140207e-01,5.234937391882754643e-01,2.156306568990844219e-03,-4.854959858245883053e-01,2.563980674125957305e-03
9.800000000000000000e+01,1.691598432628144133e-01,5.235019651679925223e-01,1.974235132097608859e-03,-4.854848499745851864e-01,2.672604000742903000e-03
9.900000000000000000e+01,1.691417983146059345e-01,5.235093939759918324e-01,1.782913919821574496e-03,-4.854726065898713472e-01,2.938412331324197733e-03
1.000000000000000000e+02,1.691201235835098626e-01,5.235160937888402310e-01,1.607955083621004540e-03,-4.854589377272788830e-01,3.280527022197784939e-03
1.010000000000000000e+02,1.690965984420390034e-01,5.235221379094057159e-01,1.450588935707499598e-03,-4.854438113128746179e-01,3.630339457025125866e-03
1.020000000000000000e+02,1.692326020060390679e-01,5.235273958306271291e-01,1.261901093145834964e-03,-4.854401366020418829e-01,8.819305998614798865e-04
1.030000000000000000e+02,1.692723239267206470e-01,5.235322705512470698e-01,1.169932948790321529e-03,-4.854369864424831760e-01,7.560382940911458596e-04
1.040000000000000000e+02,1.692710058716567212e-01,5.235366633519824564e-01,1.054272176486354155e-03,-4.854335767697841031e-01,8.183214477767372392e-04
1.050000000000000000e+02,1.692647597242633584e-01,5.235406226593831702e-01,9.502337761825361932e-04,-4.854294058302616177e-01,1.001025485396890222e-03
1.060000000000000000e+02,1.692558950207545543e-01,5.235441921632015827e-01,8.566809164123280387e-04,-4.854242616340444516e-01,1.234607092125547404e-03
1.070000000000000000e+02,1.692460313022425278e-01,5.235474112029389060e-01,7.725695369708350611e-04,-4.854181065168668430e-01,1.477228122620480311e-03
1.080000000000000000e+02,1.692364310477763034e-01,5.235503151353124718e-01,6.969437696535593077e-04,-4.854110248917544723e-01,1.699590026966103350e-03
1.090000000000000000e+02,1.692279279184324137e-01,5.235529356982555615e-01,6.289351063356672222e-04,-4.854031698288781560e-01,1.885215090317330418e-03
1.100000000000000000e+02,1.692209459487777901e-01,5.235553013645313225e-01,5.677599061861812518e-04,-4.853947182718732489e-01,2.028373681183036174e-03
1.110000000000000000e+02,1.692157534610922720e-01,5.235574376650365958e-01,5.127121212736430577e-04,-4.853858540627943308e-01,2.127410178934644597e-03
1.120000000000000000e+02,1.693174092561146593e-01,5.235591817323387298e-01,4.185761525253847226e-04,-4.853853810286505865e-01,1.135281944966426426e-04
1.130000000000000000e+02,1.693217137749231660e-01,5.235609121866094950e-01,4.153090249813394161e-04,-4.853847579892658359e-01,1.495294523456777583e-04
1.140000000000000000e+02,1.693206928101872732e-01,5.235624713878278547e-01,3.742082923938895968e-04,-4.853838917248811669e-01,2.079034523143635403e-04
1.150000000000000000e+02,1.693180446529090610e-01,5.235638766109165232e-01,3.372535412851068834e-04,-4.853826362387743121e-01,3.013166656488039125e-04
1.160000000000000000e+02,1.693148302412056938e-01,5.235651434191012088e-01,3.040339643229931425e-04,-4.853809509393666177e-01,4.044718578464693128e-04
1.170000000000000000e+02,1.693116036206207542e-01,5.235662858122833718e-01,2.741743637293824094e-04,-4.853788477145224989e-01,5.047739625855911239e-04
1.180000000000000000e+02,1.693087766794854621e-01,5.235673163622421855e-01,2.473319901182529507e-04,-4.853763759201303873e-01,5.932306541020799379e-04
1.190000000000000000e+02,1.693065849006086809e-01,5.235682463458154468e-01,2.231960575734195245e-04,-4.853736047113185181e-01,6.650901148542992655e-04
1.200000000000000000e+02,1.693050860787674305e-01,5.235690858751558263e-01,2.014870416805447618e-04,-4.853706060769931163e-01,7.196722381027881137e-04
1.210000000000000000e+02,1.693042306678020359e-01,5.235698440196268066e-01,1.819546730257694874e-04,-4.853674450562281972e-01,7.586449835829522231e-04
1.220000000000000000e+02,1.693040445292608998e-01,5.235705289079993774e-01,1.643732094241359036e-04,-4.853641866073004629e-01,7.820277426602748830e-04
1.230000000000000000e+02,1.693045541460721781e-01,5.235711478218243453e-01,1.485393179902637004e-04,-4.853608956845348321e-01,7.898214637568670140e-04
1.240000000000000000e+02,1.693056348719867155e-01,5.235717072901414637e-01,1.342723961144914456e-04,-4.853576242910929706e-01,7.851344260470140149e-04
1.250000000000000000e+02,1.693071996293594728e-01,5.235722131690372372e-01,1.214109349723235804e-04,-4.853544153142332340e-01,7.701544463325476347e-04
1.260000000000000000e+02,1.693090841118221890e-01,5.235726707190602180e-01,1.098120055154664862e-04,-4.853512964391848428e-01,7.485300116099110213e-04
1.270000000000000000e+02,1.693129196855303054e-01,5.235730852072479902e-01,9.947716506345531857e-05,-4.853484340962708199e-01,6.869622993623860632e-04
1.280000000000000000e+02,1.693719132433239294e-01,5.235732797496709390e-01,4.669018150593384699e-05,-4.853503378530210077e-01,-4.569016200451106414e-04
1.290000000000000000e+02,1.693679021348138969e-01,5.235736147458606160e-01,8.039908553250248147e-05,-4.853520631040323940e-01,-4.140602427384026236e-04
1.300000000000000000e+02,1.693669034548039576e-01,5.235739155228034125e-01,7.218646627903554079e-05,-4.853536535940581875e-01,-3.817176061907894100e-04
1.310000000000000000e+02,1.693652114715096801e-01,5.235741856196922672e-01,6.482325333183191097e-05,-4.853550392856778029e-01,-3.325659887124696418e-04
1.320000000000000000e+02,1.693632420875201827e-01,5.235744282327240429e-01,5.822712762532402905e-05,-4.853561917853759233e-01,-2.765999275437423734e-04
1.330000000000000000e+02,1.693611291693876975e-01,5.235746462466509543e-01,5.232334246683004126e-05,-4.853570966232508832e-01,-2.171610899896293584e-04
1.340000000000000000e+02,1.693591893298702911e-01,5.235748422443854411e-01,4.703945626884170020e-05,-4.853577689725948607e-01,-1.613638425505855949e-04
1.350000000000000000e+02,1.693574452555569598e-01,5.235750185409951962e-01,4.231118633788049814e-05,-4.853582264466512752e-01,-1.097937735412412988e-04
1.360000000000000000e+02,1.693560610106861208e-01,5.235751771982233294e-01,3.807773475797656320e-05,-4.853585020340046574e-01,-6.614096481447457015e-05
1.370000000000000000e+02,1.693549119878949849e-01,5.235753200619596148e-01,3.428729671672340159e-05,-4.853586174699697220e-01,-2.770463161449034182e-05
1.380000000000000000e+02,1.693540918408437124e-01,5.235754487742539931e-01,3.089095065197252444e-05,-4.853586032283047080e-01,3.417999598077299967e-06
1.390000000000000000e+02,1.693535140690833607e-01,5.235755648017588193e-01,2.784660115999669519e-05,-4.853584819171502529e-01,2.911467706400764185e-05
1.400000000000000000e+02,1.693532025745148606e-01,5.235756694497363251e-01,2.511551461268091495e-05,-4.853582783705917003e-01,4.885117404890366370e-05
1.410000000000000000e+02,1.693531806211791557e-01,5.235757638767762900e-01,2.266248958450902591e-05,-4.853580195713596002e-01,6.211181570717552725e-05
1.420000000000000000e+02,1.693532933856904121e-01,5.235758491214067556e-01,2.045871131225147037e-05,-4.853577183084535340e-01,7.230309745191580185e-05
1.430000000000000000e+02,1.693534992065925671e-01,5.235759261143003718e-01,1.847829447219961690e-05,-4.853573835199511688e-01,8.034924056928852891e-05
1.440000000000000000e+02,1.693538648993769269e-01,5.235759956832373163e-01,1.669654487261857574e-05,-4.853570302171761330e-01,8.479266600855136593e-05
1.450000000000000000e+02,1.693543833327978976e-01,5.235760585650975907e-01,1.509164646076789554e-05,-4.853566727406451453e-01,8.579436743860836064e-05
1.460000000000000000e+02,1.693549407726068490e-01,5.235761154232581038e-01,1.364595851738369032e-05,-4.853563150340203802e-01,8.584958995014426223e-05
1.470000000000000000e+02,1.693555352702665884e-01,5.235761668529644863e-01,1.234312953455813226e-05,-4.853559608299475858e-01,8.500897747509204806e-05
1.480000000000000000e+02,1.693562363627767464e-01,5.235762133828912868e-01,1.116718243615482642e-05,-4.853556201707185935e-01,8.175821495817381834e-05
1.490000000000000000e+02,1.693569676772584132e-01,5.235762554887160025e-01,1.010539792085160092e-05,-4.853552961450120495e-01,7.776616956602422684e-05
1.500000000000000000e+02,1.693576560959221267e-01,5.235762936024336289e-01,9.147292221607792849e-06,-4.853549851728418685e-01,7.463332083899743420e-05
1.510000000000000000e+02,1.693583390339660766e-01,5.235763281125952462e-01,8.282438776667310921e-06,-4.853546870385064271e-01,7.155224050082594173e-05
1.520000000000000000e+02,1.693590881241310298e-01,5.235763593639948255e-01,7.500335912278653339e-06,-4.853544080115285153e-01,6.696647470016407375e-05
1.530000000000000000e+02,1.693598285292000349e-01,5.235763876688774854e-01,6.793171846726247075e-06,-4.853541475745232758e-01,6.250488125855344600e-05
1.540000000000000000e+02,1.693605604005699039e-01,5.235764133088035566e-01,6.153582262524450689e-06,-4.853539052066419002e-01,5.816829153277020394e-05
1.550000000000000000e+02,1.693613197703156825e-01,5.235764365350338290e-01,5.574295252493497775e-06,-4.853536836395180298e-01,5.317610973029850390e-05
1.560000000000000000e+02,1.693620692890743240e-01,5.235764575749631833e-01,5.049583046979320457e-06,-4.853534822214596867e-01,4.834033400354408239e-05
1.570000000000000000e+02,1.693627732810989994e-01,5.235764766364627842e-01,4.574759905108391785e-06,-4.853532970559405468e-01,4.443972459350059698e-05
1.580000000000000000e+02,1.693634336213186431e-01,5.235764939090479242e-01,4.145420422134826378e-06,-4.853531243875724432e-01,4.144040834722851805e-05
1.590000000000000000e+02,1.693641240031666106e-01,5.235765095602930019e-01,3.756298821346532399e-06,-4.853529671046638017e-01,3.774789807452011496e-05
1.600000000000000000e+02,1.693647710170503584e-01,5.235765237447824738e-01,3.404277479270590076e-06,-4.853528214589845069e-01,3.495496303563254702e-05
1.610000000000000000e+02,1.693654124664533966e-01,5.235765366012844479e-01,3.085560470590673040e-06,-4.853526870950233274e-01,3.224735067950818262e-05
1.620000000000000000e+02,1.693660484867342275e-01,5.235765482550033267e-01,2.796892537587056292e-06,-4.853525636607998739e-01,2.962421362366992770e-05
1.630000000000000000e+02,1.693666432399213440e-01,5.235765588215861577e-01,2.535979884693796883e-06,-4.853524475553663287e-01,2.786530404638932801e-05
1.640000000000000000e+02,1.693672345172134164e-01,5.235765684046417290e-01,2.299933347117031306e-06,-4.853523385675832524e-01,2.615706793667975366e-05
1.650000000000000000e+02,1.693678583938484639e-01,5.235765770949580844e-01,2.085675936580894508e-06,-4.853522397401681121e-01,2.371857962905732202e-05
1.660000000000000000e+02,1.693685132782327130e-01,5.235765849725390053e-01,1.890619415002670662e-06,-4.853521539858817180e-01,2.058102873902982756e-05
1.670000000000000000e+02,1.693691256207255080e-01,5.235765921130740574e-01,1.713728408575233974e-06,-4.853520775867898873e-01,1.833578203328027918e-05
1.680000000000000000e+02,1.693697333150971929e-01,5.235765985842482095e-01,1.553081790951015787e-06,-4.853520102226084876e-01,1.616740353023546445e-05
1.690000000000000000e+02,1.693703004822464386e-01,5.235766044498785243e-01,1.407751272499908838e-06,-4.853519483272928925e-01,1.485487574643938624e-05
1.700000000000000000e+02,1.693708649657400533e-01,5.235766097668670405e-01,1.276077234536675576e-06,-4.853518917272405253e-01,1.358401256452833694e-05
1.710000000000000000e+02,1.693714628638625097e-01,5.235766145839080288e-01,1.156089839039893898e-06,-4.853518435048340129e-01,1.157337756078128533e-05
1.720000000000000000e+02,1.693719844739987324e-01,5.235766189510521196e-01,1.048114587329233709e-06,-4.853517968539394767e-01,1.119621469185498795e-05
1.730000000000000000e+02,1.693725053778853407e-01,5.235766229120287774e-01,9.506344057286819314e-07,-4.853517517461970465e-01,1.082585818118931335e-05
1.740000000000000000e+02,1.693730616201867267e-01,5.235766265035822764e-01,8.619728529916826210e-07,-4.853517114043943703e-01,9.682032646498765034e-06
1.750000000000000000e+02,1.693735794391631189e-01,5.235766297622550525e-01,7.820814708512565824e-07,-4.853516724114787517e-01,9.358299742888461281e-06
1.760000000000000000e+02,1.693741326873882402e-01,5.235766327176319956e-01,7.092904615613977130e-07,-4.853516379923649149e-01,8.260587323425296955e-06
1.770000000000000000e+02,1.693746475891813319e-01,5.235766353998052569e-01,6.437215829943597347e-07,-4.853516047325999172e-01,7.982343602717668343e-06
1.780000000000000000e+02,1.693751980093564369e-01,5.235766378325481529e-01,5.838582979623180007e-07,-4.853515758600963625e-01,6.929400849247035571e-06
1.790000000000000000e+02,1.693757822579911032e-01,5.235766400353919492e-01,5.286825169743906122e-07,-4.853515544705599982e-01,5.133488724740999062e-06
1.800000000000000000e+02,1.693763266058331829e-01,5.235766420294483137e-01,4.785735306270212977e-07,-4.853515370263312145e-01,4.186614904533121406e-06
1.810000000000000000e+02,1.693768328875605855e-01,5.235766438357973840e-01,4.335237764520482684e-07,-4.853515201309637761e-01,4.054888179676924512e-06
1.820000000000000000e+02,1.693773389233635962e-01,5.235766454727464048e-01,3.928677541026630423e-07,-4.853515037769388640e-01,3.924965984176780822e-06
1.830000000000000000e+02,1.693778447149591471e-01,5.235766469567901815e-01,3.561704979275175897e-07,-4.853514879556127815e-01,3.797118262719568040e-06
1.840000000000000000e+02,1.693783863197200756e-01,5.235766483001295102e-01,3.224014446916971356e-07,-4.853514759108181198e-01,2.890750714785398665e-06
1.850000000000000000e+02,1.693788899260139647e-01,5.235766495171867430e-01,2.920937381326112374e-07,-4.853514642476122742e-01,2.799169400655959875e-06
1.860000000000000000e+02,1.693793573036321554e-01,5.235766506229332373e-01,2.653791559576762719e-07,-4.853514497070244849e-01,3.489741067509285567e-06
1.870000000000000000e+02,1.693798983315457363e-01,5.235766516247690738e-01,2.404406006149928312e-07,-4.853514389207647106e-01,2.588702348528283789e-06
1.880000000000000000e+02,1.693804013641765638e-01,5.235766525334781818e-01,2.180901933451531954e-07,-4.853514284919161481e-01,2.502923658455145799e-06
1.890000000000000000e+02,1.693809042335122361e-01,5.235766533580936688e-01,1.979077220628824010e-07,-4.853514184133116416e-01,2.418865078224996508e-06
1.900000000000000000e+02,1.693814069420759849e-01,5.235766541067563562e-01,1.796790512478465554e-07,-4.853514086773687564e-01,2.336626293011996295e-06
1.910000000000000000e+02,1.693819094927223601e-01,5.235766547868037080e-01,1.632113549139567079e-07,-4.853513992761759877e-01,2.256286260419282608e-06
1.920000000000000000e+02,1.693824118885443319e-01,5.235766554048494337e-01,1.483309864172593440e-07,-4.853513902015689219e-01,2.177905700693506814e-06
1.930000000000000000e+02,1.693829141328278554e-01,5.235766559668559861e-01,1.348815720318067611e-07,-4.853513814451966835e-01,2.101529336475126005e-06
1.940000000000000000e+02,1.693834162290136225e-01,5.235766564781988430e-01,1.227222748179284651e-07,-4.853513729985804992e-01,2.027187879733055365e-06
1.950000000000000000e+02,1.693839181806617578e-01,5.235766569437249052e-01,1.117262556119375524e-07,-4.853513648531646019e-01,1.954899815638472239e-06
1.960000000000000000e+02,1.693844560562105250e-01,5.235766573651430278e-01,1.011403523374092192e-07,-4.853513602537747329e-01,1.103853568906864655e-06
1.970000000000000000e+02,1.693849560230105689e-01,5.235766577474241235e-01,9.174745410036579424e-08,-4.853513558072398704e-01,1.067168362307610954e-06
1.980000000000000000e+02,1.693854559197868759e-01,5.235766580943627124e-01,8.326527171326242538e-08,-4.853513515104410092e-01,1.031231729476009199e-06
1.990000000000000000e+02,1.693859557476602717e-01,5.235766584093788367e-01,7.560386889390250045e-08,-4.853513473600889472e-01,9.960845006147095726e-07
2.000000000000000000e+02,1.693864555078892775e-01,5.235766586955549196e-01,6.868225198067235600e-08,-4.853513433527604781e-01,9.617588367188861965e-07
2.010000000000000000e+02,1.693869552018295588e-01,5.235766589556694051e-01,6.242748709388394089e-08,-4.853513394849301443e-01,9.282792826595609326e-07
2.020000000000000000e+02,1.693874548309153572e-01,5.235766591922272895e-01,5.677389441006539387e-08,-4.853513357529980476e-01,8.956637001327228525e-07
2.030000000000000000e+02,1.693879904631735989e-01,5.235766594048247846e-01,5.102339416452467490e-08,-4.853513354067285346e-01,8.310468328333457580e-08
2.040000000000000000e+02,1.693885243253293316e-01,5.235766595938646795e-01,4.536957768224069827e-08,-4.853513383112687540e-01,-6.970896581162320124e-07
2.050000000000000000e+02,1.693890204168758962e-01,5.235766597624507135e-01,4.046065346826142519e-08,-4.853513410837659858e-01,-6.653993334445887791e-07
2.060000000000000000e+02,1.693895165741409192e-01,5.235766599126897569e-01,3.605735790795217342e-08,-4.853513437311483547e-01,-6.353717649828441429e-07
2.070000000000000000e+02,1.693900127935882016e-01,5.235766600464752951e-01,3.210854234965142151e-08,-4.853513462598998407e-01,-6.069003573469277408e-07
2.080000000000000000e+02,1.693905090719048101e-01,5.235766601655095220e-01,2.856820256213505623e-08,-4.853513486760948625e-01,-5.798868068144334491e-07
2.090000000000000000e+02,1.693910054059944437e-01,5.235766602713217699e-01,2.539494748690307224e-08,-4.853513509854297525e-01,-5.542403710240263420e-07
2.100000000000000000e+02,1.693915017929595868e-01,5.235766603652866058e-01,2.255155608410654988e-08,-4.853513531932514002e-01,-5.298771990104489798e-07
2.110000000000000000e+02,1.693919982300866045e-01,5.235766604486388198e-01,2.000454210167075338e-08,-4.853513553045836204e-01,-5.067197339843486990e-07
2.120000000000000000e+02,1.693924947148309490e-01,5.235766605224879688e-01,1.772379369697804039e-08,-4.853513573241509671e-01,-4.846961589789187618e-07
2.130000000000000000e+02,1.693929912448047803e-01,5.235766605878305890e-01,1.568222342649107402e-08,-4.853513592564006052e-01,-4.637399100254157925e-07
2.140000000000000000e+02,1.693934878177649483e-01,5.235766606455617422e-01,1.385547452328372278e-08,-4.853513611055223498e-01,-4.437892246826418744e-07
2.150000000000000000e+02,1.693939844316022236e-01,5.235766606964852299e-01,1.222164303272281393e-08,-4.853513628754670961e-01,-4.247867341235833166e-07
2.160000000000000000e+02,1.693944810843314996e-01,5.235766607413228080e-01,1.076103196451478865e-08,-4.853513645699633061e-01,-4.066790939351330870e-07
2.170000000000000000e+02,1.693949777740829665e-01,5.235766607807225137e-01,9.455929501470992948e-09,-4.853513661925327183e-01,-3.894166539813437166e-07
2.180000000000000000e+02,1.693954744990937844e-01,5.235766608152658819e-01,8.290408524091499324e-09,-4.853513677465041698e-01,-3.729531475686411647e-07
2.190000000000000000e+02,1.693959712577004506e-01,5.235766608454748283e-01,7.250152766588844430e-09,-4.853513692350267528e-01,-3.572454224150900998e-07
2.200000000000000000e+02,1.693964319850254641e-01,5.235766608744798489e-01,6.961213777778962235e-09,-4.853513674076674334e-01,4.385662361866646147e-07
2.210000000000000000e+02,1.693968944497292461e-01,5.235766609043346342e-01,7.165152497962964123e-09,-4.853513623984245240e-01,1.202218294691708684e-06
2.220000000000000000e+02,1.693973946515917872e-01,5.235766609341486744e-01,7.155375226415891966e-09,-4.853513575891391651e-01,1.154228484275350386e-06
2.230000000000000000e+02,1.693978947569369786e-01,5.235766609638093927e-01,7.118575554290489334e-09,-4.853513529717397024e-01,1.108175871984757187e-06
2.240000000000000000e+02,1.693983947696890702e-01,5.235766609932200888e-01,7.058564682005173731e-09,-4.853513485384892134e-01,1.063980119992656635e-06
2.250000000000000000e+02,1.693988946935880147e-01,5.235766610222981621e-01,6.978728800587396237e-09,-4.853513442819707424e-01,1.021564432567718360e-06
2.260000000000000000e+02,1.693993945322181671e-01,5.235766610509734464e-01,6.882073487625485027e-09,-4.853513401950733108e-01,9.808553779403897639e-07
2.270000000000000000e+02,1.693998942890153625e-01,5.235766610791871001e-01,6.771265387622794863e-09,-4.853513362709785950e-01,9.417827255789630518e-07
2.280000000000000000e+02,1.694004300339581881e-01,5.235766611042276253e-01,6.009737397650277219e-09,-4.853513357565624742e-01,1.234598653867458817e-07
2.290000000000000000e+02,1.694009639952049895e-01,5.235766611244211388e-01,4.846447225232849578e-09,-4.853513385143803927e-01,-6.618762981992732484e-07
2.300000000000000000e+02,1.694014601735590320e-01,5.235766611410020976e-01,3.979425719595730509e-09,-4.853513411592544902e-01,-6.347697816935311073e-07
2.310000000000000000e+02,1.694019564068161843e-01,5.235766611543948290e-01,3.214254851653378571e-09,-4.853513436960276151e-01,-6.088255485533226084e-07
2.320000000000000000e+02,1.694024526926055096e-01,5.235766611649788072e-01,2.540150548902595126e-09,-4.853513461293139097e-01,-5.839887168059823205e-07
2.330000000000000000e+02,1.694029490286604045e-01,5.235766611730930942e-01,1.947429043729388490e-09,-4.853513484635116892e-01,-5.602074614815524312e-07
2.340000000000000000e+02,1.694034454128227063e-01,5.235766611790405589e-01,1.427399286041294114e-09,-4.853513507028150431e-01,-5.374328030499133411e-07
2.350000000000000000e+02,1.694039418430365596e-01,5.235766611830916517e-01,9.722607522610958698e-10,-4.853513528512251596e-01,-5.156184230552054825e-07
2.360000000000000000e+02,1.694044383173425872e-01,5.235766611854875130e-01,5.750120721113956577e-10,-4.853513549125604842e-01,-4.947204790422763303e-07
2.370000000000000000e+02,1.694049348338723948e-01,5.235766611864431930e-01,2.293755250379078349e-10,-4.853513568904664899e-01,-4.746974469610219119e-07
2.380000000000000000e+02,1.694054313908437137e-01,5.235766611861503161e-01,-7.028102101039200244e-11,-4.853513587884246694e-01,-4.555099673842833037e-07
2.390000000000000000e+02,1.694059279865560153e-01,5.235766611847794127e-01,-3.290088278945085758e-10,-4.853513606097609734e-01,-4.371207115034207685e-07
2.400000000000000000e+02,1.694064246193857093e-01,5.235766611824821393e-01,-5.513349758682682571e-10,-4.853513623576536928e-01,-4.194942507766335156e-07
2.410000000000000000e+02,1.694069212877824804e-01,5.235766611793932768e-01,-7.413163523105560104e-10,-4.853513640351409530e-01,-4.025969406451027634e-07
2.420000000000000000e+02,1.694074179902655131e-01,5.235766611756325073e-01,-9.025883278724528845e-10,-4.853513656451276526e-01,-3.863968136852337714e-07
2.430000000000000000e+02,1.694079147254197448e-01,5.235766611713058571e-01,-1.038408022914893287e-09,-4.853513671903921245e-01,-3.708634761819180964e-07
2.440000000000000000e+02,1.694084114918925910e-01,5.235766611665071402e-01,-1.151689584695177836e-09,-4.853513686735921873e-01,-3.559680147689501938e-07
2.450000000000000000e+02,1.694089082883906694e-01,5.235766611613195121e-01,-1.245039375433641248e-09,-4.853513700972709732e-01,-3.416829105364981693e-07
2.460000000000000000e+02,1.694093690504060168e-01,5.235766611584783403e-01,-6.818712830715753090e-10,-4.853513682104482196e-01,4.528374572618722103e-07
2.470000000000000000e+02,1.694098315468600680e-01,5.235766611596819331e-01,2.888629454939329749e-10,-4.853513631466279676e-01,1.215316856762024492e-06
2.480000000000000000e+02,1.694103317777732320e-01,5.235766611637198142e-01,9.691028362874203976e-10,-4.853513582872047705e-01,1.166261571089876545e-06
2.490000000000000000e+02,1.694108319097531457e-01,5.235766611701916373e-01,1.553225058742475302e-09,-4.853513536237032966e-01,1.119240349790192117e-06
2.500000000000000000e+02,1.694113319469466306e-01,5.235766611787414648e-01,2.051950989290797053e-09,-4.853513491480218600e-01,1.074163549850488035e-06
2.510000000000000000e+02,1.694118318932941458e-01,5.235766611890535494e-01,2.474892077971500106e-09,-4.853513448524135465e-01,1.030945989138048807e-06
2.520000000000000000e+02,1.694123317525615402e-01,5.235766612008478926e-01,2.830652895640677145e-09,-4.853513407294690607e-01,9.895066710360837809e-07
2.530000000000000000e+02,1.694128315283484065e-01,5.235766612138768039e-01,3.126939372610904453e-09,-4.853513367721001281e-01,9.497685457895119225e-07
2.540000000000000000e+02,1.694133672907560673e-01,5.235766612252589214e-01,2.731719940025843494e-09,-4.853513362269382680e-01,1.308388505548406567e-07
2.550000000000000000e+02,1.694139012681064316e-01,5.235766612331673731e-01,1.898032120756707144e-09,-4.853513389563177127e-01,-6.550510609859168232e-07
2.560000000000000000e+02,1.694143974613473158e-01,5.235766612386989483e-01,1.327581397263644463e-09,-4.853513415748602622e-01,-6.284502143194774562e-07
2.570000000000000000e+02,1.694148937083567452e-01,5.235766612421541844e-01,8.292565653015912812e-10,-4.853513440872272988e-01,-6.029680927234341835e-07
2.580000000000000000e+02,1.694153900068629259e-01,5.235766612438010892e-01,3.952472652152913028e-10,-4.853513464978684855e-01,-5.785538892481351004e-07
2.590000000000000000e+02,1.694158863546894045e-01,5.235766612438783607e-01,1.854746711939987162e-11,-4.853513488110329233e-01,-5.551594620038399279e-07
2.600000000000000000e+02,1.694163827497594532e-01,5.235766612425987176e-01,-3.071226134975274745e-10,-4.853513510307794210e-01,-5.327391559303505456e-07
2.610000000000000000e+02,1.694168791900912685e-01,5.235766612401512310e-01,-5.873974948258376038e-10,-4.853513531609863207e-01,-5.112496536280774588e-07
2.620000000000000000e+02,1.694173756737923087e-01,5.235766612367040995e-01,-8.273231473421154195e-10,-4.853513552053606017e-01,-4.906498240006765805e-07
2.630000000000000000e+02,1.694178721990551029e-01,5.235766612324065372e-01,-1.031424508832828481e-09,-4.853513571674464289e-01,-4.709005922006822667e-07
2.640000000000000000e+02,1.694183687641525327e-01,5.235766612273908827e-01,-1.203751473444464689e-09,-4.853513590506331465e-01,-4.519648127190039343e-07
2.650000000000000000e+02,1.694188653674340295e-01,5.235766612217744864e-01,-1.347930412370275792e-09,-4.853513608581629946e-01,-4.338071580418432741e-07
2.660000000000000000e+02,1.694193620073215778e-01,5.235766612156611544e-01,-1.467210126442672659e-09,-4.853513625931380471e-01,-4.163940074794482976e-07
2.670000000000000000e+02,1.694198586823063568e-01,5.235766612091423688e-01,-1.564497224843280985e-09,-4.853513642585270405e-01,-3.996933547437786695e-07
2.680000000000000000e+02,1.694203553909448823e-01,5.235766612022990651e-01,-1.642386096199136259e-09,-4.853513658571716460e-01,-3.836747106232078060e-07
2.690000000000000000e+02,1.694208521318564531e-01,5.235766611952024085e-01,-1.703202177436127288e-09,-4.853513673917925764e-01,-3.683090214837752341e-07
2.700000000000000000e+02,1.694213489037195708e-01,5.235766611879147936e-01,-1.749021292898108735e-09,-4.853513688649950253e-01,-3.535685851284703452e-07
2.710000000000000000e+02,1.694218096418983188e-01,5.235766611831532691e-01,-1.142771468735671502e-09,-4.853513670258598478e-01,4.413924366147254325e-07
2.720000000000000000e+02,1.694222721154018951e-01,5.235766611825991568e-01,-1.329767557084404998e-10,-4.853513620079512592e-01,1.204298055707271971e-06
2.730000000000000000e+02,1.694227723243132699e-01,5.235766611850271035e-01,5.826985297450707218e-10,-4.853513571927228210e-01,1.155654825810817982e-06
2.740000000000000000e+02,1.694232724351053543e-01,5.235766611900228851e-01,1.198977045842743497e-09,-4.853513525717570443e-01,1.109031784571775600e-06
2.750000000000000000e+02,1.694237724518979360e-01,5.235766611972183515e-01,1.726902666851226369e-09,-4.853513481370087534e-01,1.064339594768411319e-06
2.760000000000000000e+02,1.694242723786056615e-01,5.235766612062865422e-01,2.176369778322029649e-09,-4.853513438807862679e-01,1.021493390759456555e-06
2.770000000000000000e+02,1.694247722189687611e-01,5.235766612169375778e-01,2.556242286897932000e-09,-4.853513397957341935e-01,9.804125028220162519e-07
2.780000000000000000e+02,1.694252719765620141e-01,5.235766612289144417e-01,2.874453842979099536e-09,-4.853513358748166029e-01,9.410202151831972692e-07
2.790000000000000000e+02,1.694258077215343716e-01,5.235766612393277786e-01,2.499187734092407787e-09,-4.853513353647161965e-01,1.224241009226667992e-07
2.800000000000000000e+02,1.694263416821006341e-01,5.235766612463430558e-01,1.683664631500291497e-09,-4.853513381278167782e-01,-6.631441440405675760e-07
2.810000000000000000e+02,1.694268378591197721e-01,5.235766612510504014e-01,1.129765578243707247e-09,-4.853513407787884426e-01,-6.362332035496935707e-07
2.820000000000000000e+02,1.694273340905254610e-01,5.235766612537442466e-01,6.465312669138585260e-10,-4.853513433223393680e-01,-6.104522179873598490e-07
2.830000000000000000e+02,1.694278303740239799e-01,5.235766612546871590e-01,2.262902093141436666e-10,-4.853513457629645145e-01,-5.857500416144027637e-07
2.840000000000000000e+02,1.694283267074174482e-01,5.235766612541128406e-01,-1.378403970134551287e-10,-4.853513481049570033e-01,-5.620781970724591015e-07
2.850000000000000000e+02,1.694288230886084046e-01,5.235766612522293473e-01,-4.520275447981238444e-10,-4.853513503524182204e-01,-5.393906965013329651e-07
2.860000000000000000e+02,1.694293195155946175e-01,5.235766612492218641e-01,-7.218005963320200999e-10,-4.853513525092677527e-01,-5.176438929669088665e-07
2.870000000000000000e+02,1.694298159864643105e-01,5.235766612452547042e-01,-9.521188204729439608e-10,-4.853513545792524919e-01,-4.967963346865283475e-07
2.880000000000000000e+02,1.694303124993907228e-01,5.235766612404737508e-01,-1.147420119917505351e-09,-4.853513565659551277e-01,-4.768086265837844095e-07
2.890000000000000000e+02,1.694308090526285837e-01,5.235766612350084559e-01,-1.311680509856429322e-09,-4.853513584728022523e-01,-4.576433150490343882e-07
2.900000000000000000e+02,1.694313056445096999e-01,5.235766612289731725e-01,-1.448462846268990534e-09,-4.853513603030721324e-01,-4.392647684469699839e-07
2.910000000000000000e+02,1.694318022734387641e-01,5.235766612224692640e-01,-1.560949535594840849e-09,-4.853513620599015921e-01,-4.216390694073161943e-07
2.920000000000000000e+02,1.694322989378903577e-01,5.235766612155859923e-01,-1.651993898590940842e-09,-4.853513637462929520e-01,-4.047339211427640492e-07
2.930000000000000000e+02,1.694327956364050369e-01,5.235766612084020721e-01,-1.724142135832533404e-09,-4.853513653651202464e-01,-3.885185520752530300e-07
2.940000000000000000e+02,1.694332923675865854e-01,5.235766612009867815e-01,-1.779671336130084195e-09,-4.853513669191353852e-01,-3.729636341669040566e-07
2.950000000000000000e+02,1.694337891300985444e-01,5.235766611934008496e-01,-1.820616712190767474e-09,-4.853513684109737047e-01,-3.580411981203245241e-07
2.960000000000000000e+02,1.694342859226617704e-01,5.235766611856975672e-01,-1.848793574922115243e-09,-4.853513698431594081e-01,-3.437245661922355068e-07
2.970000000000000000e+02,1.694347466807576141e-01,5.235766611805854343e-01,-1.226901832637382930e-09,-4.853513679646963008e-01,4.508311418629089692e-07
2.980000000000000000e+02,1.694352091733437871e-01,5.235766611797385561e-01,-2.032510959016104417e-10,-4.853513629090753234e-01,1.213349036572260217e-06
2.990000000000000000e+02,1.694357094004697029e-01,5.235766611819246963e-01,5.246763856153227183e-10,-4.853513580576802600e-01,1.164334820996541157e-06
3.000000000000000000e+02,1.694362095287259840e-01,5.235766611867237463e-01,1.151777044339233751e-09,-4.853513534020272302e-01,1.117356730619106590e-06
3.010000000000000000e+02,1.694367095622651698e-01,5.235766611937622272e-01,1.689244183865439465e-09,-4.853513489340077758e-01,1.072324674374684624e-06
3.020000000000000000e+02,1.694372095050328542e-01,5.235766612027085154e-01,2.147107950127712354e-09,-4.853513446458699865e-01,1.029153072999747959e-06
3.030000000000000000e+02,1.694377093607988827e-01,5.235766612132682907e-01,2.534351717641006884e-09,-4.853513405302009032e-01,9.877605840729437770e-07
3.040000000000000000e+02,1.694382091331659845e-01,5.235766612251808727e-01,2.859022991263170349e-09,-4.853513365799098644e-01,9.480698524338828709e-07
3.050000000000000000e+02,1.694387448922540784e-01,5.235766612355533534e-01,2.489399980535502273e-09,-4.853513360416271682e-01,1.291878517225747375e-07
3.060000000000000000e+02,1.694392788663681149e-01,5.235766612425483135e-01,1.678795315114056159e-09,-4.853513387776867138e-01,-6.566542953892851290e-07
3.070000000000000000e+02,1.694397750564420324e-01,5.235766612472532167e-01,1.129165743202600954e-09,-4.853513414027109119e-01,-6.300058130594601446e-07
3.080000000000000000e+02,1.694402713003723693e-01,5.235766612499599404e-01,6.496221087760756141e-10,-4.853513439213623659e-01,-6.044763530967901133e-07
3.090000000000000000e+02,1.694407675958873871e-01,5.235766612509289430e-01,2.325600947108510352e-10,-4.853513463380926263e-01,-5.800152588922555389e-07
3.100000000000000000e+02,1.694412639408103827e-01,5.235766612503920392e-01,-1.288467210636264099e-10,-4.853513486571530700e-01,-5.565745097322781526e-07
3.110000000000000000e+02,1.694417603330643507e-01,5.235766612485557303e-01,-4.407145733221052606e-10,-4.853513508826053924e-01,-5.341085608223707629e-07
3.120000000000000000e+02,1.694422567706666549e-01,5.235766612456035363e-01,-7.085303214305209932e-10,-4.853513530183311553e-01,-5.125741831409967040e-07
3.130000000000000000e+02,1.694427532517236712e-01,5.235766612416985488e-01,-9.372081218464230646e-10,-4.853513550680408351e-01,-4.919303166490505035e-07
3.140000000000000000e+02,1.694432497744266519e-01,5.235766612369854300e-01,-1.131151777632816746e-09,-4.853513570352822604e-01,-4.721379481865078792e-07
3.150000000000000000e+02,1.694437463370472019e-01,5.235766612315925217e-01,-1.294303315606943929e-09,-4.853513589234488834e-01,-4.531599830565482443e-07
3.160000000000000000e+02,1.694442429379331705e-01,5.235766612256333996e-01,-1.430194480876599176e-09,-4.853513607357869408e-01,-4.349611289326318609e-07
3.170000000000000000e+02,1.694447395755049324e-01,5.235766612192084279e-01,-1.541984738913659675e-09,-4.853513624754027811e-01,-4.175077968171502435e-07
3.180000000000000000e+02,1.694452362482517793e-01,5.235766612124063135e-01,-1.632499284822193306e-09,-4.853513641452694705e-01,-4.007680005358665589e-07
3.190000000000000000e+02,1.694457329547285895e-01,5.235766612053052160e-01,-1.704267042342585004e-09,-4.853513657482330657e-01,-3.847112646801078875e-07
3.200000000000000000e+02,1.694462296935527468e-01,5.235766611979737473e-01,-1.759547966332221444e-09,-4.853513672870186646e-01,-3.693085444541880415e-07
3.210000000000000000e+02,1.694467264634008374e-01,5.235766611904723034e-01,-1.800357660533917058e-09,-4.853513687642359020e-01,-3.545321414425401154e-07
3.220000000000000000e+02,1.694472232630061803e-01,5.235766611828535089e-01,-1.828499891774628085e-09,-4.853513701823843896e-01,-3.403556343232783858e-07
3.230000000000000000e+02,1.694476840278887064e-01,5.235766611778257529e-01,-1.206655228342152516e-09,-4.853513682904443405e-01,4.540656111866463067e-07
3.240000000000000000e+02,1.694481465269867537e-01,5.235766611770626966e-01,-1.831273885199713518e-10,-4.853513632218840468e-01,1.216454468782996540e-06
3.250000000000000000e+02,1.694486467603361357e-01,5.235766611793318814e-01,5.446151592490234789e-10,-4.853513583580656432e-01,1.167316416501572329e-06
3.260000000000000000e+02,1.694491468945670543e-01,5.235766611842130880e-01,1.171477166643165602e-09,-4.853513536904844883e-01,1.120219476601853556e-06
3.270000000000000000e+02,1.694496469338423739e-01,5.235766611913325042e-01,1.708657444164432669e-09,-4.853513492110121952e-01,1.075073351132829255e-06
3.280000000000000000e+02,1.694501468821171253e-01,5.235766612003582843e-01,2.166196917850999405e-09,-4.853513449118777578e-01,1.031792264879172881e-06
3.290000000000000000e+02,1.694506467431702301e-01,5.235766612109961082e-01,2.553086914906703466e-09,-4.853513407856498985e-01,9.902946871684129841e-07
3.300000000000000000e+02,1.694511465206134382e-01,5.235766612229851846e-01,2.877377502365821621e-09,-4.853513368252203586e-01,9.505030830362751468e-07
3.310000000000000000e+02,1.694516822845556769e-01,5.235766612334324943e-01,2.507351966209740062e-09,-4.853513362772026163e-01,1.315242526058268900e-07
3.320000000000000000e+02,1.694522162633324558e-01,5.235766612405005072e-01,1.696327949015629265e-09,-4.853513390039144726e-01,-6.544108452107957852e-07
3.330000000000000000e+02,1.694527124579032207e-01,5.235766612452765756e-01,1.146267148180124622e-09,-4.853513416199627395e-01,-6.278515906283039448e-07
3.340000000000000000e+02,1.694532087061507153e-01,5.235766612480527993e-01,6.662851780401467221e-10,-4.853513441299951992e-01,-6.024077898138622162e-07
3.350000000000000000e+02,1.694537050058107230e-01,5.235766612490894145e-01,2.487745270750707184e-10,-4.853513465384490799e-01,-5.780289290078996687e-07
3.360000000000000000e+02,1.694542013547132853e-01,5.235766612486182359e-01,-1.130839788023053215e-10,-4.853513488495621031e-01,-5.546671289317184947e-07
3.370000000000000000e+02,1.694546977507879471e-01,5.235766612468457648e-01,-4.254046039850613711e-10,-4.853513510673828080e-01,-5.322769757189326450e-07
3.380000000000000000e+02,1.694551941920584004e-01,5.235766612439554102e-01,-6.936723642826774860e-10,-4.853513531957801552e-01,-5.108153671474235364e-07
3.390000000000000000e+02,1.694556906766371551e-01,5.235766612401103748e-01,-9.227970412719007295e-10,-4.853513552384525198e-01,-4.902413681728995553e-07
3.400000000000000000e+02,1.694561872027213201e-01,5.235766612354554317e-01,-1.117183342540020666e-09,-4.853513571989361841e-01,-4.705160799558469006e-07
3.410000000000000000e+02,1.694566837685881899e-01,5.235766612301189227e-01,-1.280774387225720212e-09,-4.853513590806133315e-01,-4.516025201484521357e-07
3.420000000000000000e+02,1.694571803725910542e-01,5.235766612242143125e-01,-1.417100320275874636e-09,-4.853513608867195961e-01,-4.334655063799075976e-07
3.430000000000000000e+02,1.694576770131552557e-01,5.235766612178421875e-01,-1.529316455157158604e-09,-4.853513626203510567e-01,-4.160715505207126082e-07
3.440000000000000000e+02,1.694581736887752488e-01,5.235766612110911433e-01,-1.620251858500218438e-09,-4.853513642844708986e-01,-3.993887655695705748e-07
3.450000000000000000e+02,1.694586703980105746e-01,5.235766612040393397e-01,-1.692431437006845837e-09,-4.853513658819157972e-01,-3.833867726757647752e-07
3.460000000000000000e+02,1.694591671394830856e-01,5.235766611967554995e-01,-1.748113789966850533e-09,-4.853513674154016910e-01,-3.680366150040406202e-07
3.470000000000000000e+02,1.694596639118738091e-01,5.235766611893000189e-01,-1.789315906990799607e-09,-4.853513688875295551e-01,-3.533106839065619145e-07
3.480000000000000000e+02,1.694601246505508252e-01,5.235766611843878371e-01,-1.178917632603860435e-09,-4.853513670473763031e-01,4.416367795174324081e-07
3.490000000000000000e+02,1.694605871245234152e-01,5.235766611836987217e-01,-1.653922201162452932e-10,-4.853513620285024865e-01,1.204529711633981249e-06
3.500000000000000000e+02,1.694610873338752155e-01,5.235766611860055431e-01,5.536334941877454868e-10,-4.853513572123583364e-01,1.155874598063711902e-06
3.510000000000000000e+02,1.694615874450824122e-01,5.235766611908927448e-01,1.172925012815548997e-09,-4.853513525905232551e-01,1.109240413440215584e-06
3.520000000000000000e+02,1.694620874622665418e-01,5.235766611979909557e-01,1.703558357383756342e-09,-4.853513481549492359e-01,1.064537765684662893e-06
3.530000000000000000e+02,1.694625873893437218e-01,5.235766612069719939e-01,2.155457364609470318e-09,-4.853513438979419892e-01,1.021681737207672178e-06
3.540000000000000000e+02,1.694630872300555424e-01,5.235766612175449808e-01,2.537515416977552362e-09,-4.853513398121436229e-01,9.805916124542460272e-07
3.550000000000000000e+02,1.694635869879780876e-01,5.235766612294520117e-01,2.857690305332025228e-09,-4.853513358905159891e-01,9.411906301338374342e-07
3.560000000000000000e+02,1.694641227332603362e-01,5.235766612398028430e-01,2.484186805146024691e-09,-4.853513353797396235e-01,1.225863269818705882e-07
3.570000000000000000e+02,1.694646566941194754e-01,5.235766612467621650e-01,1.670247011744993559e-09,-4.853513381421964423e-01,-6.629896395664607449e-07
3.580000000000000000e+02,1.694651528714166133e-01,5.235766612514195506e-01,1.117770747964673288e-09,-4.853513407925547085e-01,-6.360859855258044048e-07
3.590000000000000000e+02,1.694656491030851475e-01,5.235766612540687648e-01,6.358121882499196417e-10,-4.853513433355208795e-01,-6.103118810360296162e-07
3.600000000000000000e+02,1.694661453868320788e-01,5.235766612549717092e-01,2.167159617821593339e-10,-4.853513457755884164e-01,-5.856162084322286123e-07
3.610000000000000000e+02,1.694666417204603315e-01,5.235766612543617526e-01,-1.463846559300340028e-10,-4.853513481170488864e-01,-5.619505144290962348e-07
3.620000000000000000e+02,1.694671381018733602e-01,5.235766612524465069e-01,-4.596485462558142750e-10,-4.853513503640023985e-01,-5.392688368400945798e-07
3.630000000000000000e+02,1.694676345290695163e-01,5.235766612494107131e-01,-7.285942988491665570e-10,-4.853513525203672074e-01,-5.175275483840264231e-07
3.640000000000000000e+02,1.694681310001377172e-01,5.235766612454183511e-01,-9.581703721120022129e-10,-4.853513545898889281e-01,-4.966852168354884106e-07
3.650000000000000000e+02,1.694686275132519238e-01,5.235766612406149711e-01,-1.152806624623032115e-09,-4.853513565761491955e-01,-4.767024688030575175e-07
3.660000000000000000e+02,1.694691240666673648e-01,5.235766612351296923e-01,-1.316470979116323289e-09,-4.853513584825736582e-01,-4.575418656628119055e-07
3.670000000000000000e+02,1.694696206587161802e-01,5.235766612290766453e-01,-1.452718178503225453e-09,-4.853513603124394171e-01,-4.391677886865357191e-07
3.680000000000000000e+02,1.694701172878038120e-01,5.235766612225569716e-01,-1.564725224455007464e-09,-4.853513620688825192e-01,-4.215463387850546103e-07
3.690000000000000000e+02,1.694706139524051747e-01,5.235766612156597111e-01,-1.655340014265909010e-09,-4.853513637549042858e-01,-4.046452291938389023e-07
3.700000000000000000e+02,1.694711106510614351e-01,5.235766612084634675e-01,-1.727103336427918289e-09,-4.853513653733780298e-01,-3.884337038515434810e-07
3.710000000000000000e+02,1.694716073823766267e-01,5.235766612010372967e-01,-1.782289542676210805e-09,-4.853513669270548836e-01,-3.728824437303771435e-07
3.720000000000000000e+02,1.694721041450147903e-01,5.235766611934418169e-01,-1.822928438525643936e-09,-4.853513684185694066e-01,-3.579634908030920192e-07
3.730000000000000000e+02,1.694726009376971432e-01,5.235766611857299857e-01,-1.850832593054918071e-09,-4.853513698504451357e-01,-3.436501779519573969e-07
3.740000000000000000e+02,1.694730616959056746e-01,5.235766611806104143e-01,-1.228693824236870053e-09,-4.853513679716852658e-01,4.509023673917232022e-07
3.750000000000000000e+02,1.694735241885981514e-01,5.235766611797569858e-01,-2.048244131315557915e-10,-4.853513629157800713e-01,1.213417245253169129e-06
3.760000000000000000e+02,1.694740244158235432e-01,5.235766611819373528e-01,5.232988754881723177e-10,-4.853513580641127811e-01,1.164400152106603907e-06
3.770000000000000000e+02,1.694745245441733883e-01,5.235766611867314069e-01,1.150575139604091127e-09,-4.853513534081989600e-01,1.117419315881633144e-06
3.780000000000000000e+02,1.694750245778006148e-01,5.235766611937655579e-01,1.688197769974302615e-09,-4.853513489399296499e-01,1.072384638249796012e-06
3.790000000000000000e+02,1.694755245206510663e-01,5.235766612027080713e-01,2.146199633085773388e-09,-4.853513446515524410e-01,1.029210533272647005e-06
3.800000000000000000e+02,1.694760243764946994e-01,5.235766612132646269e-01,2.533566803164676994e-09,-4.853513405356538746e-01,9.878156527677882679e-07
3.810000000000000000e+02,1.694765241489346042e-01,5.235766612251744334e-01,2.858346879650099206e-09,-4.853513365851429007e-01,9.481226351236284013e-07
3.820000000000000000e+02,1.694770599080904772e-01,5.235766612355444716e-01,2.488820758479596713e-09,-4.853513360466493731e-01,1.292384500185413396e-07
3.830000000000000000e+02,1.694775938822677686e-01,5.235766612425374333e-01,1.678303789221113101e-09,-4.853513387825068026e-01,-6.566057854563127533e-07
3.840000000000000000e+02,1.694780900724013051e-01,5.235766612472405601e-01,1.128750102670662091e-09,-4.853513414073372112e-01,-6.299593001285871844e-07
3.850000000000000000e+02,1.694785863163870698e-01,5.235766612499458406e-01,6.492759036449409616e-10,-4.853513439258028139e-01,-6.044317510563573030e-07
3.860000000000000000e+02,1.694790826119536575e-01,5.235766612509136220e-01,2.322742909337999003e-10,-4.853513463423548280e-01,-5.799724846748448958e-07
3.870000000000000000e+02,1.694795789569245870e-01,5.235766612503758299e-01,-1.290784784496293979e-10,-4.853513486612443528e-01,-5.565334857945091856e-07
3.880000000000000000e+02,1.694800753492229917e-01,5.235766612485387439e-01,-4.409012743958094348e-10,-4.853513508865327508e-01,-5.340692116783936775e-07
3.890000000000000000e+02,1.694805717868662076e-01,5.235766612455858837e-01,-7.086755474943201069e-10,-4.853513530221012506e-01,-5.125364361230557797e-07
3.900000000000000000e+02,1.694810682679608604e-01,5.235766612416804522e-01,-9.373154533642792325e-10,-4.853513550716599956e-01,-4.918941050547379236e-07
3.910000000000000000e+02,1.694815647906985356e-01,5.235766612369670003e-01,-1.131227413692497106e-09,-4.853513570387567033e-01,-4.721032088365949494e-07
3.920000000000000000e+02,1.694820613533506992e-01,5.235766612315738699e-01,-1.294350749922765126e-09,-4.853513589267844375e-01,-4.531266519119730670e-07
3.930000000000000000e+02,1.694825579542654503e-01,5.235766612256146368e-01,-1.430217187980813602e-09,-4.853513607389892126e-01,-4.349291473764426906e-07
3.940000000000000000e+02,1.694830545918633025e-01,5.235766612191896652e-01,-1.541986142571997902e-09,-4.853513624784771552e-01,-4.174771091496764376e-07
3.950000000000000000e+02,1.694835512646336584e-01,5.235766612123876618e-01,-1.632482784239135936e-09,-4.853513641482211094e-01,-4.007385529088778027e-07
3.960000000000000000e+02,1.694840479711315073e-01,5.235766612052866753e-01,-1.704236023336154399e-09,-4.853513657510669654e-01,-3.846830060778519889e-07
3.970000000000000000e+02,1.694845447099742330e-01,5.235766611979554286e-01,-1.759503117861506108e-09,-4.853513672897395437e-01,-3.692814249897274653e-07
3.980000000000000000e+02,1.694850414798385607e-01,5.235766611904542067e-01,-1.800302270656425985e-09,-4.853513687668483678e-01,-3.545061135929601186e-07
3.990000000000000000e+02,1.694855382794579202e-01,5.235766611828357453e-01,-1.828434603387130570e-09,-4.853513701848927719e-01,-3.403306525790267069e-07
4.000000000000000000e+02,1.694859990443526587e-01,5.235766611778083224e-01,-1.206583325529589782e-09,-4.853513682928528028e-01,4.540895888419483138e-07
4.010000000000000000e+02,1.694864615434608646e-01,5.235766611770455992e-01,-1.830494467007294677e-10,-4.853513632241966413e-01,1.216477483322951084e-06
4.020000000000000000e+02,1.694869617768181291e-01,5.235766611793152281e-01,5.446985928978754017e-10,-4.853513583602862003e-01,1.167338508761551822e-06
4.030000000000000000e+02,1.694874619110552372e-01,5.235766611841967677e-01,1.171562904389700406e-09,-4.853513536926166716e-01,1.120240683299029915e-06
4.040000000000000000e+02,1.694879619503348311e-01,5.235766611913165169e-01,1.708747626636407255e-09,-4.853513492130595575e-01,1.075093708076962398e-06
4.050000000000000000e+02,1.694884618986121361e-01,5.235766612003427412e-01,2.166291021765995418e-09,-4.853513449138436853e-01,1.031811806035620766e-06
4.060000000000000000e+02,1.694889617596662124e-01,5.235766612109810092e-01,2.553181851441201990e-09,-4.853513407875376662e-01,9.903134468183665316e-07
4.070000000000000000e+02,1.694894615371088653e-01,5.235766612229705297e-01,2.877472798995011594e-09,-4.853513368270331307e-01,9.505210924107513775e-07
4.080000000000000000e+02,1.694899973010488281e-01,5.235766612334181724e-01,2.507447179530589386e-09,-4.853513362789433905e-01,1.315415430896557483e-07
4.090000000000000000e+02,1.694905312798217489e-01,5.235766612404866294e-01,1.696425352107062564e-09,-4.853513390055860799e-01,-6.543942435456164959e-07
4.100000000000000000e+02,1.694910274743876566e-01,5.235766612452631419e-01,1.146363627537354895e-09,-4.853513416215679555e-01,-6.278356524715456698e-07
4.110000000000000000e+02,1.694915237226289062e-01,5.235766612480396986e-01,6.663803769760724904e-10,-4.853513441315366328e-01,-6.023924872812687299e-07
4.120000000000000000e+02,1.694920200222812812e-01,5.235766612490766470e-01,2.488707147980194209e-10,-4.853513465399292848e-01,-5.780142375877198353e-07
4.130000000000000000e+02,1.694925163711749894e-01,5.235766612486059124e-01,-1.129871152482944014e-10,-4.853513488509835216e-01,-5.546530226863710307e-07
4.140000000000000000e+02,1.694930127672397979e-01,5.235766612468337744e-01,-4.253101067207701849e-10,-4.853513510687478272e-01,-5.322634322771651533e-07
4.150000000000000000e+02,1.694935092084991213e-01,5.235766612439438639e-01,-6.935778986299140233e-10,-4.853513531970909956e-01,-5.108023631363450309e-07
4.160000000000000000e+02,1.694940056930656913e-01,5.235766612400992726e-01,-9.227055627291335205e-10,-4.853513552397113462e-01,-4.902288811777701204e-07
4.170000000000000000e+02,1.694945022191367279e-01,5.235766612354446625e-01,-1.117095186645642901e-09,-4.853513572001450505e-01,-4.705040902482785896e-07
4.180000000000000000e+02,1.694949987849893314e-01,5.235766612301084866e-01,-1.280687162212634121e-09,-4.853513590817742362e-01,-4.515910078729276800e-07
4.190000000000000000e+02,1.694954953889769578e-01,5.235766612242042095e-01,-1.417014297634216067e-09,-4.853513608878344265e-01,-4.334544511203063192e-07
4.200000000000000000e+02,1.694959920295250333e-01,5.235766612178324175e-01,-1.529231908036963643e-09,-4.853513626214216448e-01,-4.160609355180553411e-07
4.210000000000000000e+02,1.694964887051280678e-01,5.235766612110817064e-01,-1.620169059438658228e-09,-4.853513642854990207e-01,-3.993785734820042362e-07
4.220000000000000000e+02,1.694969854143455468e-01,5.235766612040302359e-01,-1.692350618689116554e-09,-4.853513658829031185e-01,-3.833769854918348202e-07
4.230000000000000000e+02,1.694974821557994338e-01,5.235766611967467288e-01,-1.748035195036198967e-09,-4.853513674163498770e-01,-3.680272170807372320e-07
4.240000000000000000e+02,1.694979789281707006e-01,5.235766611892915812e-01,-1.789239761654460572e-09,-4.853513688884401045e-01,-3.533016586416239631e-07
4.250000000000000000e+02,1.694984396668276494e-01,5.235766611843797325e-01,-1.178844167356390940e-09,-4.853513670482507703e-01,4.416454450530701426e-07
4.260000000000000000e+02,1.694989021407793950e-01,5.235766611836908391e-01,-1.653216320580090545e-10,-4.853513620293423148e-01,1.204538033857485622e-06
4.270000000000000000e+02,1.694994023501095182e-01,5.235766611859978825e-01,5.537036681454200925e-10,-4.853513572131648579e-01,1.155882590448378131e-06
4.280000000000000000e+02,1.694999024612943161e-01,5.235766611908853063e-01,1.172994580149082174e-09,-4.853513525912978022e-01,1.109248089099233681e-06
4.290000000000000000e+02,1.695004024784554364e-01,5.235766611979837393e-01,1.703627129791277179e-09,-4.853513481556930853e-01,1.064545137470174729e-06
4.300000000000000000e+02,1.695009024055090241e-01,5.235766612069651105e-01,2.155525162455619494e-09,-4.853513438986563622e-01,1.021688817581916805e-06
4.310000000000000000e+02,1.695014022461967529e-01,5.235766612175383194e-01,2.537579393418014734e-09,-4.853513398128296297e-01,9.805984118194838747e-07
4.320000000000000000e+02,1.695019020040947066e-01,5.235766612294455724e-01,2.857752974619404375e-09,-4.853513358911747955e-01,9.411971592375943844e-07
4.330000000000000000e+02,1.695024377493515866e-01,5.235766612397966258e-01,2.484247995616487205e-09,-4.853513353803722841e-01,1.225925976570966468e-07
4.340000000000000000e+02,1.695029717101849687e-01,5.235766612467562808e-01,1.670306572342987035e-09,-4.853513381428040119e-01,-6.629836179620450029e-07
4.350000000000000000e+02,1.695034678874560163e-01,5.235766612514138885e-01,1.117825879010487990e-09,-4.853513407931381862e-01,-6.360802029152277885e-07
4.360000000000000000e+02,1.695039641190977941e-01,5.235766612540633247e-01,6.358654219523537287e-10,-4.853513433360812090e-01,-6.103063267301429072e-07
4.370000000000000000e+02,1.695044604028176083e-01,5.235766612549664911e-01,2.167671271282069661e-10,-4.853513457761265415e-01,-5.856108747451460091e-07
4.380000000000000000e+02,1.695049567364182719e-01,5.235766612543567566e-01,-1.463356832585416380e-10,-4.853513481175656952e-01,-5.619453922509223797e-07
4.390000000000000000e+02,1.695054531178032398e-01,5.235766612524417329e-01,-4.596018523747832871e-10,-4.853513503644986682e-01,-5.392639163643300897e-07
4.400000000000000000e+02,1.695059495449711129e-01,5.235766612494061611e-01,-7.285500391259377931e-10,-4.853513525208437707e-01,-5.175228244898093135e-07
4.410000000000000000e+02,1.695064460160104758e-01,5.235766612454139102e-01,-9.581286606018360437e-10,-4.853513545903466175e-01,-4.966806809862202099e-07
4.420000000000000000e+02,1.695069425290954279e-01,5.235766612406107523e-01,-1.152764891783225961e-09,-4.853513565765887328e-01,-4.766981120057775661e-07
4.430000000000000000e+02,1.695074390824813093e-01,5.235766612351255844e-01,-1.316431997539979943e-09,-4.853513584829957650e-01,-4.575376812263523082e-07
4.440000000000000000e+02,1.695079356745002042e-01,5.235766612290727595e-01,-1.452679396924766656e-09,-4.853513603128448151e-01,-4.391637703012775892e-07
4.450000000000000000e+02,1.695084323035575824e-01,5.235766612225531969e-01,-1.564689386004513610e-09,-4.853513620692718189e-01,-4.215424783271460848e-07
4.460000000000000000e+02,1.695089289681283862e-01,5.235766612156560473e-01,-1.655304567115224727e-09,-4.853513637552781534e-01,-4.046415223216683497e-07
4.470000000000000000e+02,1.695094256667536992e-01,5.235766612084599148e-01,-1.727068360328005286e-09,-4.853513653737370759e-01,-3.884301435701262109e-07
4.480000000000000000e+02,1.695099223980376935e-01,5.235766612010338550e-01,-1.782255135911539331e-09,-4.853513669273996634e-01,-3.728790239720356251e-07
4.490000000000000000e+02,1.695104191606443822e-01,5.235766611934384862e-01,-1.822894676622996749e-09,-4.853513684189005306e-01,-3.579602072021311452e-07
4.500000000000000000e+02,1.695109159532949272e-01,5.235766611857267661e-01,-1.850799551137744457e-09,-4.853513698507631036e-01,-3.436470234690202853e-07
4.510000000000000000e+02,1.695113767114715120e-01,5.235766611806073056e-01,-1.228661583041540819e-09,-4.853513679719906326e-01,4.509053966986680662e-07
4.520000000000000000e+02,1.695118392041316813e-01,5.235766611797539882e-01,-2.047930257378223648e-10,-4.853513629160733367e-01,1.213420155961816343e-06
4.530000000000000000e+02,1.695123394313245990e-01,5.235766611819345773e-01,5.233292982513199971e-10,-4.853513580643943892e-01,1.164402947998990043e-06
4.540000000000000000e+02,1.695128395596418314e-01,5.235766611867287423e-01,1.150601897855608215e-09,-4.853513534084694103e-01,1.117422001037578367e-06
4.550000000000000000e+02,1.695133395932360842e-01,5.235766611937630044e-01,1.688223459682036420e-09,-4.853513489401893310e-01,1.072387218083565626e-06
4.560000000000000000e+02,1.695138395360534234e-01,5.235766612027056288e-01,2.146224172413239698e-09,-4.853513446518017971e-01,1.029213010336985284e-06
4.570000000000000000e+02,1.695143393918637220e-01,5.235766612132622955e-01,2.533590144638506211e-09,-4.853513405358933497e-01,9.878180315746732798e-07
4.580000000000000000e+02,1.695148391642700980e-01,5.235766612251722130e-01,2.858368966641632741e-09,-4.853513365853728279e-01,9.481249207606282304e-07
4.590000000000000000e+02,1.695153749233922758e-01,5.235766612355423621e-01,2.488841521607546120e-09,-4.853513360468701410e-01,1.292406439106127369e-07
4.600000000000000000e+02,1.695159088975357053e-01,5.235766612425353239e-01,1.678323182407348029e-09,-4.853513387827187997e-01,-6.566036788700833519e-07
4.610000000000000000e+02,1.695164050876351025e-01,5.235766612472385617e-01,1.128770729908909802e-09,-4.853513414075407706e-01,-6.299572773294215222e-07
4.620000000000000000e+02,1.695169013315866169e-01,5.235766612499439532e-01,6.492950688247196396e-10,-4.853513439259983242e-01,-6.044298082762760068e-07
4.630000000000000000e+02,1.695173976271187599e-01,5.235766612509118456e-01,2.322919600748613710e-10,-4.853513463425425667e-01,-5.799706170847963487e-07
4.640000000000000000e+02,1.695178939720551614e-01,5.235766612503740536e-01,-1.290623923764106599e-10,-4.853513486614245975e-01,-5.565316923666472816e-07
4.650000000000000000e+02,1.695183903643188439e-01,5.235766612485370786e-01,-4.408841279940601569e-10,-4.853513508867058346e-01,-5.340674902978736590e-07
4.660000000000000000e+02,1.695188868019272266e-01,5.235766612455843294e-01,-7.086600516685346823e-10,-4.853513530222674510e-01,-5.125347825858553473e-07
4.670000000000000000e+02,1.695193832829869074e-01,5.235766612416788979e-01,-9.373016553098722901e-10,-4.853513550718195901e-01,-4.918925172390826373e-07
4.680000000000000000e+02,1.695198798056894163e-01,5.235766612369655570e-01,-1.131212672250901309e-09,-4.853513570389099141e-01,-4.721016835224094390e-07
4.690000000000000000e+02,1.695203763683064135e-01,5.235766612315725377e-01,-1.294337758915127241e-09,-4.853513589269315420e-01,-4.531251876221685624e-07
4.700000000000000000e+02,1.695208729691858596e-01,5.235766612256133046e-01,-1.430205999904394603e-09,-4.853513607391304885e-01,-4.349277415971921641e-07
4.710000000000000000e+02,1.695213696067481290e-01,5.235766612191884439e-01,-1.541974126073458412e-09,-4.853513624786128244e-01,-4.174757585040020947e-07
4.720000000000000000e+02,1.695218662794829023e-01,5.235766612123864405e-01,-1.632472635308933866e-09,-4.853513641483513941e-01,-4.007372553022795053e-07
4.730000000000000000e+02,1.695223629859450021e-01,5.235766612052854541e-01,-1.704225109419182673e-09,-4.853513657511920321e-01,-3.846817596225686363e-07
4.740000000000000000e+02,1.695228597247518676e-01,5.235766611979542073e-01,-1.759491464602232110e-09,-4.853513672898596698e-01,-3.692802281517922897e-07
4.750000000000000000e+02,1.695233564945802240e-01,5.235766611904529855e-01,-1.800289919121783636e-09,-4.853513687669636645e-01,-3.545049633319499970e-07
4.760000000000000000e+02,1.695238532941635845e-01,5.235766611828345241e-01,-1.828421584957434845e-09,-4.853513701850034612e-01,-3.403295487234683953e-07
4.770000000000000000e+02,1.695243140590221853e-01,5.235766611778071011e-01,-1.206569629039171100e-09,-4.853513682929591067e-01,4.540906496023609525e-07
4.780000000000000000e+02,1.695247765580940591e-01,5.235766611770444889e-01,-1.830351121563549633e-10,-4.853513632242986708e-01,1.216478503282408164e-06
4.790000000000000000e+02,1.695252767914151582e-01,5.235766611793141179e-01,5.447108653519916141e-10,-4.853513583603841219e-01,1.167339487812457924e-06
4.800000000000000000e+02,1.695257769256158786e-01,5.235766611841956575e-01,1.171575745614375340e-09,-4.853513536927107075e-01,1.120241623148890170e-06
