# Time, SliderHeight, Motor1Pos, Motor1Vel, Motor2Pos, Motor2Vel
0.000000000000000000e+00,2.600000000000000089e-01,0.000000000000000000e+00,0.000000000000000000e+00,0.000000000000000000e+00,0.000000000000000000e+00
1.000000000000000000e+00,2.370252066251012646e-01,-1.089149713516235438e-03,-2.613959312438964844e-01,-1.253169269024362407e-03,-3.007606245658469568e-01
2.000000000000000000e+00,2.638365642285849799e-01,-1.850551962852478062e-03,-1.827365398406982644e-01,-2.424957125984483416e-03,-2.812290856704290354e-01
3.000000000000000000e+00,2.602033963207834866e-01,-2.457702100276947313e-03,-1.457160329818725786e-01,-3.796348122505619101e-03,-3.291338391650725503e-01
4.000000000000000000e+00,2.609503012739651240e-01,-2.726463025808334786e-03,-6.450262212753297975e-02,-5.326750592278787534e-03,-3.672965927455604795e-01
5.000000000000000000e+00,2.596514164552001236e-01,-2.478683781027794276e-03,5.946701874732972237e-02,-6.771829466179682573e-03,-3.468189297362148094e-01
6.000000000000000000e+00,2.564493323579146722e-01,-1.795671693742275418e-03,1.639229009485244914e-01,-8.080656174163685507e-03,-3.141184099161608012e-01
7.000000000000000000e+00,2.528894083746791033e-01,-6.571313550412657360e-04,2.732496812882423409e-01,-9.246285747476899741e-03,-2.797510975951712497e-01
8.000000000000000000e+00,2.163264767364502239e-01,2.461442278891205586e-03,7.484576721437932179e-01,-1.143367952804649930e-02,-5.249745073367038106e-01
9.000000000000000000e+00,-1.504255368724398911e+00,2.583682739174610749e-02,5.610092427085175970e+00,-3.066961844561683082e-02,-4.616625340216880424e+00
1.000000000000000000e+01,-1.159311752786716498e+00,5.364003363343697317e-02,6.672769498005808764e+00,-5.627589646325546757e-02,-6.145506724233273488e+00
1.100000000000000000e+01,-2.673230347845935162e-01,8.115678354882557843e-02,6.604019979693267040e+00,-8.087800309209333682e-02,-5.904505590921088398e+00
1.200000000000000000e+01,9.786190034666010229e-01,1.068964301775398307e-01,6.177515190891418762e+00,-1.047414358128756773e-01,-5.727223852987760822e+00
1.300000000000000000e+01,6.304229268030860922e-01,1.305235057381244623e-01,5.670498134540314261e+00,-1.278812847074312087e-01,-5.553563734693325316e+00
1.400000000000000000e+01,4.686062972126527892e-01,1.524028506255852011e-01,5.251042772990579977e+00,-1.503146138655160613e-01,-5.383998997940366849e+00
1.500000000000000000e+01,4.257505565444304474e-01,1.723364287355578228e-01,4.784058746393426986e+00,-1.717556696743184341e-01,-5.145853394112569923e+00
1.600000000000000000e+01,3.191300517297925854e-01,1.910916114216181239e-01,4.501243844654474913e+00,-1.913429421505688510e-01,-4.700945394300100055e+00
1.700000000000000000e+01,4.454900560227226802e-01,2.085733006326972727e-01,4.195605410658997947e+00,-2.091818054605745214e-01,-4.281327194401363556e+00
1.800000000000000000e+01,4.264448273429343184e-01,2.247001162107544470e-01,3.870435738733722708e+00,-2.249960988839765919e-01,-3.795430421616499572e+00
1.900000000000000000e+01,4.586404797357532259e-02,2.396068243028900702e-01,3.577609942112548236e+00,-2.389519772005349874e-01,-3.349410795974014921e+00
2.000000000000000000e+01,3.124779001558797287e-02,2.533536316015286838e-01,3.299233751673265047e+00,-2.515046531920674955e-01,-3.012642237967799730e+00
2.100000000000000000e+01,3.885363517742906891e-02,2.659745002738800879e-01,3.029008481364336980e+00,-2.629199029473999194e-01,-2.739659941279784405e+00
2.200000000000000000e+01,9.706780559698929833e-02,2.773396478586123148e-01,2.727635420335737582e+00,-2.731340264515834670e-01,-2.451389641004052766e+00
2.300000000000000000e+01,4.288565950631466617e-01,2.871939813935213692e-01,2.365040048378167725e+00,-2.820698710053726188e-01,-2.144602692909401753e+00
2.400000000000000000e+01,2.717644353481695196e-01,2.960764297106969201e-01,2.131787596122137529e+00,-2.902564786481516279e-01,-1.964785834266966846e+00
2.500000000000000000e+01,2.256088506382504799e-01,3.043399746649659843e-01,1.983250789024572747e+00,-2.973205074022631234e-01,-1.695366900986763792e+00
2.600000000000000000e+01,2.037391403985478189e-01,3.117624725834986510e-01,1.781399500447843343e+00,-3.031384466135413902e-01,-1.396305410706785155e+00
2.700000000000000000e+01,1.370284808259587817e-01,3.184872215499441328e-01,1.613939751946919632e+00,-3.074604766539527634e-01,-1.037287209698730894e+00
2.800000000000000000e+01,1.465820913789351310e-01,3.249512504601227980e-01,1.551366938442873211e+00,-3.107636803221069388e-01,-7.927688803569994391e-01
2.900000000000000000e+01,1.497780349676028355e-01,3.311196855756510238e-01,1.480424427726779069e+00,-3.133612833800749065e-01,-6.234247339123140108e-01
3.000000000000000000e+01,1.127886931706830048e-01,3.374486111575385472e-01,1.518942139653005841e+00,-3.152046610440454866e-01,-4.424106393529326775e-01
3.100000000000000000e+01,9.624522287365513962e-02,3.439378687550579961e-01,1.557421823404667505e+00,-3.162873333569007905e-01,-2.598413550852789466e-01
3.200000000000000000e+01,7.665142491013163251e-02,3.505841209561855742e-01,1.595100528270619433e+00,-3.165541271762613018e-01,-6.403051664652842367e-02
3.300000000000000000e+01,2.998915045759031894e-02,3.576935929885725063e-01,1.706273287772867908e+00,-3.159490672570494652e-01,1.452143806108358581e-01
3.400000000000000000e+01,-5.291487744029932383e-02,3.660677018512232817e-01,2.009786127036191861e+00,-3.146947721072640425e-01,3.010308359484958340e-01
3.500000000000000000e+01,1.561834537353382069e-02,3.750776120637296374e-01,2.162378451001525370e+00,-3.131842286164661648e-01,3.625304377914856380e-01
3.600000000000000000e+01,2.684062356027844265e-02,3.846220793206836519e-01,2.290672141668968376e+00,-3.115453863459562989e-01,3.933221449223662791e-01
3.700000000000000000e+01,5.214149526965367043e-02,3.943949540255554109e-01,2.345489929169220833e+00,-3.097855797670535649e-01,4.223535789366626991e-01
3.800000000000000000e+01,3.769973070101242940e-02,4.042395710875923420e-01,2.362708094888862131e+00,-3.076315848053533530e-01,5.169587908080452987e-01
3.900000000000000000e+01,3.352902786024078430e-02,4.140823686167417472e-01,2.362271406995861245e+00,-3.050070567567411683e-01,6.298867316669189975e-01
4.000000000000000000e+01,5.439916056687080226e-02,4.236573103794917250e-01,2.297986023059996441e+00,-3.018954247274138192e-01,7.467916870385638006e-01
4.100000000000000000e+01,1.364232915154838521e-01,4.327982178724059104e-01,2.193817798299407151e+00,-2.990154286375067971e-01,6.911990615776867353e-01
4.200000000000000000e+01,1.790268184102050686e-01,4.412826458883379876e-01,2.036262723823693666e+00,-2.966769978000192709e-01,5.612234009970101800e-01
4.300000000000000000e+01,2.168726445736702535e-01,4.490826392408610590e-01,1.871998404605537125e+00,-2.954508141006479960e-01,2.942840878491009837e-01
4.400000000000000000e+01,1.922896777342945895e-01,4.562066433649742958e-01,1.709760989787180607e+00,-2.949648144326185717e-01,1.166399203270631901e-01
4.500000000000000000e+01,2.001597516306151681e-01,4.627027306995871170e-01,1.559060960307076416e+00,-2.954393005933987904e-01,-1.138766785872498410e-01
4.600000000000000000e+01,1.741268149172747470e-01,4.686003024047421528e-01,1.415417209237214813e+00,-2.961748443080531867e-01,-1.765304915170506361e-01
4.700000000000000000e+01,1.940139621199186148e-01,4.739516044863835154e-01,1.284312499593925239e+00,-2.977611895485182125e-01,-3.807228577116046897e-01
4.800000000000000000e+01,1.690907264930318066e-01,4.787919639280410755e-01,1.161686265997813328e+00,-2.991515023238378590e-01,-3.336750660767097143e-01
4.900000000000000000e+01,1.902543730221205043e-01,4.831712471321634728e-01,1.051027968989371120e+00,-3.012011835998475440e-01,-4.919235062423273908e-01
5.000000000000000000e+01,1.745211468561130297e-01,4.871243441339050406e-01,9.487432804179788404e-01,-3.029055141213304325e-01,-4.090393251558881449e-01
5.100000000000000000e+01,1.885755677471325775e-01,4.906911555765137156e-01,8.560347462260862184e-01,-3.050319486187428875e-01,-5.103442793789862986e-01
5.200000000000000000e+01,1.828067426657006833e-01,4.939087245364189860e-01,7.722165503772665529e-01,-3.069390509386250021e-01,-4.577045567717134555e-01
5.300000000000000000e+01,1.892912711577745821e-01,4.968098175706675002e-01,6.962623282196374053e-01,-3.090700417217364659e-01,-5.114377879467447707e-01
5.400000000000000000e+01,1.883602372928055158e-01,4.994255100696847194e-01,6.277661997641327263e-01,-3.110832614101498583e-01,-4.831727252192088984e-01
5.500000000000000000e+01,1.906806089656555014e-01,5.017831499931179051e-01,5.658335816239636884e-01,-3.131352524611495380e-01,-4.924778522399202441e-01
5.600000000000000000e+01,1.904279319805654846e-01,5.039080896061884918e-01,5.099855071369497894e-01,-3.150406280032766460e-01,-4.572901301105039562e-01
5.700000000000000000e+01,1.917045280947489994e-01,5.058217631189543262e-01,4.592816430637999270e-01,-3.169285102220837924e-01,-4.530917325137138740e-01
5.800000000000000000e+01,1.916944391361284639e-01,5.075448203232599820e-01,4.135337290333548910e-01,-3.186881311669205741e-01,-4.223090267608281545e-01
5.900000000000000000e+01,1.921689124461559151e-01,5.090957150552448685e-01,3.722147356763777504e-01,-3.203851026948210112e-01,-4.072731666961073027e-01
6.000000000000000000e+01,1.923374718025523122e-01,5.104918532026466726e-01,3.350731553764254578e-01,-3.219888582078204720e-01,-3.849013231198740170e-01
6.100000000000000000e+01,1.925836191324797331e-01,5.117486285633264798e-01,3.016260865631597010e-01,-3.235119153097070210e-01,-3.655337044527717238e-01
6.200000000000000000e+01,1.925138835377738500e-01,5.128797236570414864e-01,2.714628224916086352e-01,-3.249579992769276449e-01,-3.470601521329510497e-01
6.300000000000000000e+01,1.920985470849746191e-01,5.138984487275276569e-01,2.444940169166739119e-01,-3.264172010164111404e-01,-3.502084174760422552e-01
6.400000000000000000e+01,1.906876354498090453e-01,5.148166268307071691e-01,2.203627447630902292e-01,-3.278709589729220109e-01,-3.489019095626102462e-01
6.500000000000000000e+01,1.899600027919806922e-01,5.156441315327379149e-01,1.986011284873906990e-01,-3.293362891038866813e-01,-3.516792314315215218e-01
6.600000000000000000e+01,1.894121626502358047e-01,5.163897917551660832e-01,1.789584533827628388e-01,-3.307852657461731183e-01,-3.477543941487438173e-01
6.700000000000000000e+01,1.887624009111927015e-01,5.170616727366624810e-01,1.612514355591274651e-01,-3.322416554532568456e-01,-3.495335297000903840e-01
6.800000000000000000e+01,1.883243727242840948e-01,5.176669497455279600e-01,1.452664821277233898e-01,-3.336721847035403199e-01,-3.433270200680335060e-01
6.900000000000000000e+01,1.877514767171911958e-01,5.182122235743809036e-01,1.308657189247160735e-01,-3.351079573849964355e-01,-3.445854435494700718e-01
7.000000000000000000e+01,1.874186807686498424e-01,5.187033157272883388e-01,1.178621166977721346e-01,-3.365094677168249393e-01,-3.363624796388419713e-01
7.100000000000000000e+01,1.869386857901767507e-01,5.191456205299868065e-01,1.061531526476220261e-01,-3.379049851499310031e-01,-3.349241839454502045e-01
7.200000000000000000e+01,1.866748419452310126e-01,5.195438736663496870e-01,9.558075272709681824e-02,-3.392560381295365857e-01,-3.242527151053404832e-01
7.300000000000000000e+01,1.862404466653566903e-01,5.199024922239395829e-01,8.606845382157485291e-02,-3.405995337905364240e-01,-3.224389586399637464e-01
7.400000000000000000e+01,1.860348190880750097e-01,5.202252846885573323e-01,7.747019150826484069e-02,-3.418952705331337327e-01,-3.109768182233507705e-01
7.500000000000000000e+01,1.856500017748595188e-01,5.205158813532160256e-01,6.974319951808320706e-02,-3.431825025559390729e-01,-3.089356854732749902e-01
7.600000000000000000e+01,1.854892956171430296e-01,5.207773587467640075e-01,6.275457445152836378e-02,-3.444198653412694489e-01,-2.969670684792884430e-01
7.700000000000000000e+01,1.851465570136466288e-01,5.210126884009572690e-01,5.647911700637664456e-02,-3.456482069474015040e-01,-2.948019854716870114e-01
7.800000000000000000e+01,1.850199743528091467e-01,5.212243420385836989e-01,5.079687303034767509e-02,-3.468255826933582253e-01,-2.825701790296179516e-01
7.900000000000000000e+01,1.847137897605569956e-01,5.214147707078027327e-01,4.570288061256715106e-02,-3.479936804565847974e-01,-2.803434631743826899e-01
8.000000000000000000e+01,1.846129666786505141e-01,5.215859776961655481e-01,4.108967720707198262e-02,-3.491105812364574956e-01,-2.680561871694435161e-01
8.100000000000000000e+01,1.843388983910586865e-01,5.217399447764025089e-01,3.695209925687214375e-02,-3.502180675483129724e-01,-2.657967148453182493e-01
8.200000000000000000e+01,1.842566985737632002e-01,5.218782767300367276e-01,3.319966887220066054e-02,-3.512748926713809561e-01,-2.536380295363225290e-01
8.300000000000000000e+01,1.840116881357953815e-01,5.220026324371600523e-01,2.984536970958870383e-02,-3.523222073764872286e-01,-2.513555292255107432e-01
8.400000000000000000e+01,1.839429927672185661e-01,5.221142903131339441e-01,2.679789023374607240e-02,-3.533199755714481749e-01,-2.394643667906303508e-01
8.500000000000000000e+01,1.836596233806200851e-01,5.222146870340788061e-01,2.409521302677881949e-02,-3.543379421561491660e-01,-2.443119803282398084e-01
8.600000000000000000e+01,1.837078936897903747e-01,5.223047102969184952e-01,2.160558308152401435e-02,-3.552824958142221101e-01,-2.266928779375057545e-01
8.700000000000000000e+01,1.832896518167971001e-01,5.223857550753321366e-01,1.945074681926975760e-02,-3.562995258548779520e-01,-2.440872097573989208e-01
8.800000000000000000e+01,1.835914747409458647e-01,5.224581112503855485e-01,1.736548201283076576e-02,-3.571604100089303402e-01,-2.066121969725791818e-01
8.900000000000000000e+01,1.827767632071843340e-01,5.225235775148733275e-01,1.571190347707596482e-02,-3.582202053565710087e-01,-2.543508834337632196e-01
9.000000000000000000e+01,1.836030413696794206e-01,5.225813646646616517e-01,1.386891594919399846e-02,-3.589265903680560754e-01,-1.695324027564127367e-01
9.100000000000000000e+01,1.818129848148302419e-01,5.226345413505086857e-01,1.276240460329700760e-02,-3.601227248474095921e-01,-2.870722750448450600e-01
9.200000000000000000e+01,1.835546196211844672e-01,5.226800281029090334e-01,1.091682057608032302e-02,-3.605218063084013602e-01,-9.577955063802154334e-02
9.300000000000000000e+01,1.792585478438086244e-01,5.227238629658054192e-01,1.052036709512536861e-02,-3.620681730170006718e-01,-3.711280100638361112e-01
9.400000000000000000e+01,1.816048573144074252e-01,5.227589046713750909e-01,8.410009336708837435e-03,-3.619858980571403761e-01,1.974599036647750605e-02
9.500000000000000000e+01,1.764127880872222998e-01,5.227944823286272413e-01,8.538637740514089247e-03,-3.638086700792767525e-01,-4.374652853127249386e-01
9.600000000000000000e+01,1.701503118629427991e-01,5.228208915160935666e-01,6.338204991916593194e-03,-3.633511705462295627e-01,1.097998879313268894e-01
9.700000000000000000e+01,1.725429226253020754e-01,5.228499843865789254e-01,6.982288916488776920e-03,-3.654454269948639866e-01,-5.026215476722574182e-01
9.800000000000000000e+01,1.570300221653394002e-01,5.228693740528788103e-01,4.653519911960702325e-03,-3.646240477231230126e-01,1.971310252178307687e-01
9.900000000000000000e+01,1.672785478269956938e-01,5.228933683301776325e-01,5.758626551709333796e-03,-3.669923226080375467e-01,-5.683859723794839613e-01
1.000000000000000000e+02,1.454681254665227963e-01,5.229064755991051916e-01,3.145744542623017930e-03,-3.657162278015075874e-01,3.062627535671947898e-01
1.010000000000000000e+02,1.603807069869674640e-01,5.229267120380655109e-01,4.856745350479307888e-03,-3.684480746819398522e-01,-6.556432513037389054e-01
1.020000000000000000e+02,1.202167873463849401e-01,5.229341364776909362e-01,1.781865510095073917e-03,-3.666244697276779263e-01,4.376651890228597797e-01
1.030000000000000000e+02,1.510530402584137066e-01,5.229516306706506468e-01,4.198606310319874524e-03,-3.697614626654366909e-01,-7.528783050621055128e-01
1.040000000000000000e+02,1.108402444378443902e-01,5.229560744456572818e-01,1.066506001592043822e-03,-3.674994754758045268e-01,5.428769255117158465e-01
1.050000000000000000e+02,1.429616564780862853e-01,5.229710768185964476e-01,3.600569505397110525e-03,-3.709317339668717906e-01,-8.237420378561438605e-01
1.060000000000000000e+02,8.704484235287307525e-02,5.229734806215881049e-01,5.769127180084510434e-04,-3.683500169917206524e-01,6.196120740362791590e-01
1.070000000000000000e+02,1.369716847665337078e-01,5.229862297769891644e-01,3.059797296240951425e-03,-3.719730150030324256e-01,-8.695195227148257988e-01
1.080000000000000000e+02,8.544817678902205671e-02,5.229866414309252143e-01,9.879694464218734262e-05,-3.691237122754783551e-01,6.838326546129789296e-01
1.090000000000000000e+02,1.316971588906160340e-01,5.229975261426605959e-01,2.612330816486263529e-03,-3.729041919998442589e-01,-9.073151338478135930e-01
1.100000000000000000e+02,6.332508864595774722e-02,5.229963313314477391e-01,-2.867546910932101782e-04,-3.698213476508417918e-01,7.398826437605967588e-01
1.110000000000000000e+02,1.269820750944253840e-01,5.230057344531857666e-01,2.256749217129261353e-03,-3.737344454486694056e-01,-9.391434714786225380e-01
1.120000000000000000e+02,6.569196419414317922e-02,5.230032538837849909e-01,-5.953366561850560734e-04,-3.704451668496728245e-01,7.894268637591758120e-01
1.130000000000000000e+02,1.227226884159030307e-01,5.230115117549890558e-01,1.981889088964905454e-03,-3.744724108240519711e-01,-9.665385538509904118e-01
1.140000000000000000e+02,4.411563796217063405e-02,5.230080123887989041e-01,-8.398478856364499298e-04,-3.710030298727271525e-01,8.326514283179538012e-01
1.150000000000000000e+02,1.189575050868268979e-01,5.230153652560591837e-01,1.764688142459114534e-03,-3.751269562262176671e-01,-9.897423248377250626e-01
1.160000000000000000e+02,5.028663088755264132e-02,5.230107771962255736e-01,-1.101134360064695214e-03,-3.715079723117910016e-01,8.685561394624021769e-01
1.170000000000000000e+02,1.158479474577913948e-01,5.230174840339455455e-01,1.609641052793264748e-03,-3.757081238963459469e-01,-1.008036380293187317e+00
1.180000000000000000e+02,2.926785286197233771e-02,5.230118734805793146e-01,-1.346532807903981239e-03,-3.719545884365637045e-01,9.008485103477432698e-01
1.190000000000000000e+02,1.130132509697509002e-01,5.230181249829242152e-01,1.500360562776137385e-03,-3.762227103256759464e-01,-1.024349253386942049e+00
1.200000000000000000e+02,3.660900440993319904e-02,5.230114608898338568e-01,-1.599382341673702673e-03,-3.723267336217109258e-01,9.350344089516109403e-01
1.210000000000000000e+02,1.098199526859837544e-01,5.230174675489583924e-01,1.441598189885873616e-03,-3.766725319255184168e-01,-1.042991592913792731e+00
1.220000000000000000e+02,1.432267689530830612e-02,5.230099393733876889e-01,-1.806762136972339238e-03,-3.726331237317868639e-01,9.694579664955693676e-01
1.230000000000000000e+02,1.064537021192052541e-01,5.230158597655777397e-01,1.420894125609528658e-03,-3.770606586416754280e-01,-1.062608378373253171e+00
1.240000000000000000e+02,2.253372850233725799e-02,5.230076221336464881e-01,-1.977031663506264008e-03,-3.728820998047363555e-01,1.002854120865378951e+00
1.250000000000000000e+02,1.030616499436523975e-01,5.230135596730894898e-01,1.425009466312410211e-03,-3.773911969635396768e-01,-1.082183318112795778e+00
1.260000000000000000e+02,-4.649962573435029167e-04,5.230047771962146319e-01,-2.107794449963435075e-03,-3.730815047104559246e-01,1.034326140740100763e+00
1.270000000000000000e+02,9.976381359344951849e-02,5.230108323363954481e-01,1.453233643387896734e-03,-3.776689941414670404e-01,-1.100997463442672242e+00
1.280000000000000000e+02,9.674303425833780112e-03,5.230015119637260179e-01,-2.236889440676351898e-03,-3.732421243352609941e-01,1.062448753489445341e+00
1.290000000000000000e+02,9.675037942153567883e-02,5.230077624969371453e-01,1.500127970673226230e-03,-3.779001931155955285e-01,-1.117936507280282488e+00
1.300000000000000000e+02,-1.287482992184460495e-02,5.229980100165584345e-01,-2.340595290889477872e-03,-3.733716981189621476e-01,1.086838799192013427e+00
1.310000000000000000e+02,9.409369826936710146e-02,5.230044915351967916e-01,1.555564473203042020e-03,-3.780911305525364585e-01,-1.132663784057834189e+00
1.320000000000000000e+02,-4.479716441798398119e-04,5.229943985730631795e-01,-2.422310912078673873e-03,-3.734763941962421785e-01,1.107536725510629205e+00
1.330000000000000000e+02,9.180957516883440916e-02,5.230011458686194548e-01,1.619350933495411482e-03,-3.782478882550515120e-01,-1.145158574114242489e+00
1.340000000000000000e+02,-2.215843359255664780e-02,5.229908152743029115e-01,-2.479342635965765124e-03,-3.735604733072950268e-01,1.124979587461552466e+00
1.350000000000000000e+02,8.986519546858183494e-02,5.229978493741613832e-01,1.688183966046530315e-03,-3.783758565703403409e-01,-1.155691983130872291e+00
1.360000000000000000e+02,-7.822488767365021189e-03,5.229873835073767241e-01,-2.511808028315327002e-03,-3.736276241939209819e-01,1.139575770340639727e+00
1.370000000000000000e+02,8.822134083154579975e-02,5.229946892583541285e-01,1.753380234579715591e-03,-3.784797560753794810e-01,-1.164511651550044657e+00
1.380000000000000000e+02,-2.862834823237608850e-02,5.229841579390167583e-01,-2.527516640977537591e-03,-3.736829124295652504e-01,1.151242474995410436e+00
1.390000000000000000e+02,8.681461199811232876e-02,5.229917743259011598e-01,1.827932852269675834e-03,-3.785673733775843930e-01,-1.172270627524596875e+00
1.400000000000000000e+02,-1.273265671879778016e-02,5.229812483919712429e-01,-2.526224143179765444e-03,-3.737315154779974891e-01,1.160605895900856721e+00
1.410000000000000000e+02,8.564945173961112379e-02,5.229891557335601959e-01,1.897761981362044558e-03,-3.786428764562288496e-01,-1.178726634775532078e+00
1.420000000000000000e+02,-3.304615135802063675e-02,5.229786413248923571e-01,-2.523458080277111472e-03,-3.737741513642088842e-01,1.168494022084785033e+00
1.430000000000000000e+02,8.466970311073281075e-02,5.229867974522602880e-01,1.957470568306086001e-03,-3.787079695160531778e-01,-1.184116356442632911e+00
1.440000000000000000e+02,-1.624254513745918005e-02,5.229763042895398950e-01,-2.518359052884855745e-03,-3.738115275585350838e-01,1.175146069804348548e+00
1.450000000000000000e+02,8.387395987837430178e-02,5.229846821995141060e-01,2.010698393815956841e-03,-3.787630955654630593e-01,-1.188376321662715895e+00
1.460000000000000000e+02,-3.613604306261833377e-02,5.229742217536036408e-01,-2.510507018514345802e-03,-3.738442433080115257e-01,1.180524541788364301e+00
1.470000000000000000e+02,8.324240215474630611e-02,5.229827840753136226e-01,2.054957210387619703e-03,-3.788097237590511424e-01,-1.191715308249509997e+00
1.480000000000000000e+02,-1.858989648014933160e-02,5.229723703852424688e-01,-2.499285617075778891e-03,-3.738728540207686413e-01,1.184848737187795820e+00
1.490000000000000000e+02,8.273866896842516083e-02,5.229811059228596237e-01,2.096529028106530745e-03,-3.788493135991143901e-01,-1.194350298802984822e+00
1.500000000000000000e+02,-3.814470319114071639e-02,5.229707408441715000e-01,-2.487618885157782175e-03,-3.738978248293093332e-01,1.188357304753216992e+00
1.510000000000000000e+02,8.233390068237951553e-02,5.229796154940378194e-01,2.129915967911344410e-03,-3.788830615453235851e-01,-1.196456811843417345e+00
1.520000000000000000e+02,-2.012870766181523718e-02,5.229692921644810699e-01,-2.477599093619715313e-03,-3.739196355113222348e-01,1.191222248160321184e+00
1.530000000000000000e+02,8.200596944907773134e-02,5.229782997613874329e-01,2.161823257532447407e-03,-3.789119119977411021e-01,-1.198146356740527940e+00
1.540000000000000000e+02,-3.947874367676407203e-02,5.229680245639770630e-01,-2.466047378477898185e-03,-3.739386602225329703e-01,1.193580426049950516e+00
1.550000000000000000e+02,8.173929886099362552e-02,5.229771470000048605e-01,2.189384646679393143e-03,-3.789366487311597864e-01,-1.199517242070440304e+00
1.560000000000000000e+02,-2.117017042054811227e-02,5.229669155478005038e-01,-2.455548529042539049e-03,-3.739552397015599716e-01,1.195538167103953997e+00
1.570000000000000000e+02,8.151824446663225032e-02,5.229761369645170577e-01,2.213140011967595910e-03,-3.789579121965438446e-01,-1.200641398796135073e+00
1.580000000000000000e+02,-4.039217098853484234e-02,5.229659469165802710e-01,-2.445611504828471006e-03,-3.739696802496606520e-01,1.197175667251961784e+00
1.590000000000000000e+02,8.133598355689006243e-02,5.229752532754898819e-01,2.233526138303965070e-03,-3.789762164834081792e-01,-1.201568696099405864e+00
1.600000000000000000e+02,-2.189507566826429108e-02,5.229651039073928143e-01,-2.435848343291587871e-03,-3.739822765418819861e-01,1.198545585966285909e+00
1.610000000000000000e+02,8.118350917358048424e-02,5.229744826462922047e-01,2.250897335853707659e-03,-3.789919996529610979e-01,-1.202333546658980623e+00
1.620000000000000000e+02,-4.103220932182072289e-02,5.229643626627493713e-01,-2.428796050292538790e-03,-3.739932302430946653e-01,1.199704658367943155e+00
1.630000000000000000e+02,8.105665562667760393e-02,5.229738155261131061e-01,2.268687207296338215e-03,-3.790056309580215888e-01,-1.202976171582461395e+00
1.640000000000000000e+02,-2.241099520406322765e-02,5.229637264864602786e-01,-2.421369516672063245e-03,-3.740027682380506757e-01,1.200687052793024678e+00
1.650000000000000000e+02,8.094801290297660989e-02,5.229732310465239342e-01,2.281094415285345178e-03,-3.790174189031907392e-01,-1.203516159633610139e+00
1.660000000000000000e+02,-4.148868233271252315e-02,5.229631646973854631e-01,-2.415923793225234571e-03,-3.740110769353868769e-01,1.201522072272930730e+00
1.670000000000000000e+02,8.085803122562536249e-02,5.229727254363566447e-01,2.294577353080917703e-03,-3.790276147025488096e-01,-1.203969064118869836e+00
1.680000000000000000e+02,-2.278499620189494701e-02,5.229626858010418822e-01,-2.409512475538782336e-03,-3.740183097536344259e-01,1.202233187739452092e+00
1.690000000000000000e+02,8.077949482561101735e-02,5.229722825087184113e-01,2.303209842377640804e-03,-3.790364607410979247e-01,-1.204356236991233953e+00
1.700000000000000000e+02,-4.181880309645663596e-02,5.229622633296451273e-01,-2.404602977580942019e-03,-3.740246114883372663e-01,1.202843820662557572e+00
1.710000000000000000e+02,8.071411825116883709e-02,5.229719022844613319e-01,2.313349155899758081e-03,-3.790441320381157664e-01,-1.204684931946842230e+00
1.720000000000000000e+02,-2.306118923755828831e-02,5.229618972806260313e-01,-2.401200920484075282e-03,-3.740300878320585998e-01,1.203370609453720652e+00
1.730000000000000000e+02,8.065651388666411625e-02,5.229715609194152126e-01,2.319273309408842465e-03,-3.790507773612848963e-01,-1.204965487014315606e+00
1.740000000000000000e+02,-4.206061698437893459e-02,5.229615781364851390e-01,-2.395867903224845920e-03,-3.740348619212381931e-01,1.203819705611208324e+00
1.750000000000000000e+02,8.060889437491253195e-02,5.229712736896884318e-01,2.326932768790257455e-03,-3.790565462762251481e-01,-1.205204245196868529e+00
1.760000000000000000e+02,-2.326610841608214852e-02,5.229612957825481301e-01,-2.394697713683768651e-03,-3.740390075883857635e-01,1.204209285081458081e+00
1.770000000000000000e+02,8.056669455757112241e-02,5.229710195711451126e-01,2.333709263278471724e-03,-3.790615499358738205e-01,-1.205410163397132139e+00
1.780000000000000000e+02,-4.223888495771455087e-02,5.229610551602528190e-01,-2.391458614153040441e-03,-3.740426051873430580e-01,1.204546739647377018e+00
1.790000000000000000e+02,8.053105617810403516e-02,5.229708030110793437e-01,2.339484198365938006e-03,-3.790658964212805238e-01,-1.205589896144995787e+00
1.800000000000000000e+02,-2.341917521067934937e-02,5.229608483299454935e-01,-2.389123472129670803e-03,-3.740457537870600646e-01,1.204834232212905532e+00
1.810000000000000000e+02,8.049926662802148192e-02,5.229706049428738401e-01,2.341587102792531006e-03,-3.790696778749273466e-01,-1.205741781088144782e+00
1.820000000000000000e+02,-4.237103506679903986e-02,5.229606581529487874e-01,-2.387229582000220847e-03,-3.740484808812156170e-01,1.205087278490813540e+00
1.830000000000000000e+02,8.047283753686911012e-02,5.229704337835767713e-01,2.346151350713476368e-03,-3.790729637444140709e-01,-1.205875887167626503e+00
1.840000000000000000e+02,-2.353578076860365909e-02,5.229605041042671987e-01,-2.383123034292361931e-03,-3.740508686392292614e-01,1.205302825244351173e+00
1.850000000000000000e+02,8.044904991038843989e-02,5.229702951397633415e-01,2.349848519071607179e-03,-3.790758250021807330e-01,-1.205989527108347614e+00
1.860000000000000000e+02,-4.246877382227845499e-02,5.229603674092184740e-01,-2.382655330763611828e-03,-3.740529404130648050e-01,1.205492301387823595e+00
1.870000000000000000e+02,8.042961301949975994e-02,5.229701721142194781e-01,2.353129200240999808e-03,-3.790783094868903080e-01,-1.206088577718119170e+00
1.880000000000000000e+02,-2.362450549265368571e-02,5.229602447599903670e-01,-2.382565014974493984e-03,-3.740547380526839660e-01,1.205657144209525411e+00
1.890000000000000000e+02,8.041122979710273178e-02,5.229700617299142262e-01,2.356072781715567999e-03,-3.790804757253286028e-01,-1.206177041434708608e+00
1.900000000000000000e+02,-4.254197729333319966e-02,5.229601454194233723e-01,-2.379914517808893321e-03,-3.740562975602935158e-01,1.205802759608420649e+00
1.910000000000000000e+02,8.039638287820145834e-02,5.229699723234039199e-01,2.358456955323440241e-03,-3.790823501588227451e-01,-1.206252623647019240e+00
1.920000000000000000e+02,-2.369345300556580103e-02,5.229600649482587515e-01,-2.377770034847652945e-03,-3.740576653609576918e-01,1.205924351487614121e+00
1.930000000000000000e+02,8.038279993933421241e-02,5.229698998993557169e-01,2.360388263274338250e-03,-3.790839805305894483e-01,-1.206315640711624448e+00
1.940000000000000000e+02,-4.259495689375539240e-02,5.229599878509899602e-01,-2.378891607778196859e-03,-3.740588439185137393e-01,1.206032786898174836e+00
1.950000000000000000e+02,8.037190196539910347e-02,5.229698305118137824e-01,2.362238597725329747e-03,-3.790853988602103097e-01,-1.206373186007178466e+00
1.960000000000000000e+02,-2.374613939283337638e-02,5.229599253969007266e-01,-2.377227579131032612e-03,-3.740598727493253395e-01,1.206126266612391307e+00
1.970000000000000000e+02,8.036133488093583077e-02,5.229697743031335166e-01,2.363737495866935056e-03,-3.790866287916779265e-01,-1.206421450164623543e+00
1.980000000000000000e+02,-4.263346401934556273e-02,5.229598748143881037e-01,-2.375877298894486615e-03,-3.740607743591141676e-01,1.206205063815298351e+00
1.990000000000000000e+02,8.035304474134845332e-02,5.229697168579432454e-01,2.362090453220667009e-03,-3.790877054811088720e-01,-1.206463469278726164e+00
2.000000000000000000e+02,-2.378554882589134500e-02,5.229598111874902422e-01,-2.377360908718615350e-03,-3.740615731978700342e-01,1.206271747977317732e+00
2.010000000000000000e+02,8.034568234829599087e-02,5.229696595937350923e-01,2.363617498769343683e-03,-3.790886419929912488e-01,-1.206496510829094371e+00
2.020000000000000000e+02,-4.266131340384637927e-02,5.229597596549991900e-01,-2.375985296626840874e-03,-3.740622524549936379e-01,1.206333489119430391e+00
2.030000000000000000e+02,8.033965031531745127e-02,5.229696132144932008e-01,2.364854278554596057e-03,-3.790894589603786557e-01,-1.206529561292407626e+00
2.040000000000000000e+02,-2.381737328992344915e-02,5.229597179083869118e-01,-2.374873465520004924e-03,-3.740628533051403304e-01,1.206385357257203861e+00
2.050000000000000000e+02,8.033356755625632728e-02,5.229695756425420949e-01,2.365856197249272420e-03,-3.790901695987969333e-01,-1.206555910477587146e+00
2.060000000000000000e+02,-4.268184489994472641e-02,5.229596840989237938e-01,-2.373970468388181525e-03,-3.740633650405949528e-01,1.206433093968473313e+00
2.070000000000000000e+02,8.032893765835873168e-02,5.229695452140252776e-01,2.366667624364104938e-03,-3.790907910931986535e-01,-1.206582252624893270e+00
2.080000000000000000e+02,-2.384320222626959418e-02,5.229596567079674019e-01,-2.373241453901094120e-03,-3.740638197657371045e-01,1.206473118590771776e+00
2.090000000000000000e+02,8.032441854066116327e-02,5.229695205621646137e-01,2.367325007317511599e-03,-3.790913195551647297e-01,-1.206599949462631161e+00
2.100000000000000000e+02,-4.269554633958647094e-02,5.229596345265824509e-01,-2.372648539721486025e-03,-3.740642092672784025e-01,1.206506469092722078e+00
2.110000000000000000e+02,8.032117462438669031e-02,5.229695005989181134e-01,2.367857360556336211e-03,-3.790917922960253539e-01,-1.206619926899267892e+00
2.120000000000000000e+02,-2.386399018185614285e-02,5.229596165543725084e-01,-2.372170690937978974e-03,-3.740645479939819773e-01,1.206538632490407936e+00
2.130000000000000000e+02,8.031707097469206746e-02,5.229694844239292095e-01,2.368288693594955852e-03,-3.790922014582354671e-01,-1.206636831420834888e+00
2.140000000000000000e+02,-4.270564239828181230e-02,5.229596020021688441e-01,-2.371781222487132339e-03,-3.740648390681343693e-01,1.206566973624257910e+00
2.150000000000000000e+02,8.031471914633131481e-02,5.229694713269458228e-01,2.368637946482898826e-03,-3.790925528318914162e-01,-1.206651303301697231e+00
2.160000000000000000e+02,-2.387979697072051266e-02,5.229595782886700128e-01,-2.374329186192189380e-03,-3.740651073057453813e-01,1.206586926275051042e+00
2.170000000000000000e+02,8.031216081611494695e-02,5.229694499847968858e-01,2.369207070454848029e-03,-3.790928627911313020e-01,-1.206661316492617875e+00
2.180000000000000000e+02,-4.271085513000494327e-02,5.229595590860193211e-01,-2.373815706607470058e-03,-3.740653299603354798e-01,1.206607879391000004e+00
2.190000000000000000e+02,8.031055665831346446e-02,5.229694327024112521e-01,2.369667934071450609e-03,-3.790931317255555322e-01,-1.206672423652814796e+00
2.200000000000000000e+02,-2.389433527077780561e-02,5.229595435265904646e-01,-2.373402197002223712e-03,-3.740655210209209991e-01,1.206626569112283942e+00
2.210000000000000000e+02,8.030792719491795795e-02,5.229694186989253257e-01,2.370041360364005811e-03,-3.790933632847757195e-01,-1.206682143325132683e+00
2.220000000000000000e+02,-4.271365833600551665e-02,5.229595309287331517e-01,-2.373064846118919102e-03,-3.740656939787774249e-01,1.206640633439585830e+00
2.230000000000000000e+02,8.030708039539949383e-02,5.229694073608537330e-01,2.370343708939515182e-03,-3.790935666305140228e-01,-1.206689436416777950e+00
2.240000000000000000e+02,-2.390705929255346196e-02,5.229595207191902739e-01,-2.372793999223016172e-03,-3.740658349485042611e-01,1.206655603682336597e+00
2.250000000000000000e+02,8.030462705934776624e-02,5.229693981722651763e-01,2.370588737968582372e-03,-3.790937471474968290e-01,-1.206698927758220963e+00
2.260000000000000000e+02,-4.271523873390489778e-02,5.229595124547371521e-01,-2.372572206713201119e-03,-3.740659589898727710e-01,1.206669157829773686e+00
2.270000000000000000e+02,8.030400700900794386e-02,5.229693907342573000e-01,2.370787084843506420e-03,-3.790938945474670585e-01,-1.206704533822634318e+00
2.280000000000000000e+02,-2.391776280103347085e-02,5.229595057552550719e-01,-2.372394960541289628e-03,-3.740660704683428928e-01,1.206677778989803551e+00
2.290000000000000000e+02,8.030271665758313693e-02,5.229693847047234279e-01,2.370947872413431412e-03,-3.790940157397642007e-01,-1.206706865141113694e+00
2.300000000000000000e+02,-4.271333855278683367e-02,5.229595003339480019e-01,-2.372248986115494795e-03,-3.740661709214382902e-01,1.206682756398222756e+00
2.310000000000000000e+02,8.030255989144333140e-02,5.229693798255471426e-01,2.371077983783109310e-03,-3.790941359498241625e-01,-1.206711606812608029e+00
2.320000000000000000e+02,-2.392675366498411837e-02,5.229594959374174179e-01,-2.372133151122619854e-03,-3.740662519668879193e-01,1.206692155904697472e+00
2.330000000000000000e+02,8.030078124299576403e-02,5.229693758686695393e-01,2.371183500517126674e-03,-3.790942416733317777e-01,-1.206717529546524448e+00
2.340000000000000000e+02,-4.271176277241536812e-02,5.229594923814976370e-01,-2.372036921255209381e-03,-3.740663295590735959e-01,1.206698907421965616e+00
2.350000000000000000e+02,8.030083826723968810e-02,5.229693726683417587e-01,2.371268842591867532e-03,-3.790943293876440356e-01,-1.206719958856909747e+00
2.360000000000000000e+02,-2.393564850457891025e-02,5.229594894959341822e-01,-2.371961377810253256e-03,-3.740663902973325738e-01,1.206705381674757049e+00
2.370000000000000000e+02,8.029956983343096433e-02,5.229693700713347049e-01,2.371338096114783411e-03,-3.790944019335188431e-01,-1.206722792684704837e+00
2.380000000000000000e+02,-4.270868863588425657e-02,5.229594871638945097e-01,-2.371897785648456429e-03,-3.740664469720524909e-01,1.206709190751923622e+00
2.390000000000000000e+02,8.029968504624303283e-02,5.229693679724989330e-01,2.371394065066922963e-03,-3.790944708221119508e-01,-1.206725724014274581e+00
2.400000000000000000e+02,-2.394403599370262259e-02,5.229594852696772822e-01,-2.371848677203397277e-03,-3.740664848050014868e-01,1.206716644106517800e+00
2.410000000000000000e+02,8.029812546139840357e-02,5.229693662677034061e-01,2.371439526280383348e-03,-3.790945287136722186e-01,-1.206730538080979187e+00
2.420000000000000000e+02,-4.270510189699705528e-02,5.229594837406243979e-01,-2.371806498952599897e-03,-3.740665342530563042e-01,1.206718670547821226e+00
2.430000000000000000e+02,8.029847208717168228e-02,5.229693648915558768e-01,2.371476223549606743e-03,-3.790945851378023090e-01,-1.206732212339042487e+00
2.440000000000000000e+02,-2.395113345234198277e-02,5.229594824968301081e-01,-2.371774734181679532e-03,-3.740665787476092907e-01,1.206721533646327504e+00
2.450000000000000000e+02,8.029757453342079021e-02,5.229693637721409827e-01,2.371506074612561576e-03,-3.790946341236449135e-01,-1.206733290248552359e+00
2.460000000000000000e+02,-4.270182866014979317e-02,5.229594814946165737e-01,-2.371746605845019649e-03,-3.740666082612257859e-01,1.206726206980588856e+00
2.470000000000000000e+02,8.029756910432990502e-02,5.229693628701488350e-01,2.371530127737387240e-03,-3.790946785672450470e-01,-1.206736873444619773e+00
2.480000000000000000e+02,-2.395845658362344421e-02,5.229594806775651472e-01,-2.371726220075588611e-03,-3.740666330310761234e-01,1.206730928680536330e+00
2.490000000000000000e+02,8.029653447172786784e-02,5.229693621348024957e-01,2.371549736971623624e-03,-3.790947098008552452e-01,-1.206738424746989002e+00
2.500000000000000000e+02,-4.269748841312262511e-02,5.229594800210102257e-01,-2.371707310139503731e-03,-3.740666644506642213e-01,1.206730884045847496e+00
2.510000000000000000e+02,8.029736249033841977e-02,5.229693615439030552e-01,2.371565494289740606e-03,-3.790947350982041275e-01,-1.206736955409577261e+00
2.520000000000000000e+02,-2.396501229678427158e-02,5.229594794839456107e-01,-2.371694389788760876e-03,-3.740666779476589099e-01,1.206733716130847345e+00
2.530000000000000000e+02,8.029628328108828761e-02,5.229693610605449239e-01,2.371578383840500237e-03,-3.790947591664764471e-01,-1.206739492516210710e+00
2.540000000000000000e+02,-4.269348127152516881e-02,5.229594790541766125e-01,-2.371681528392726758e-03,-3.740666850387790454e-01,1.206737790647375297e+00
2.550000000000000000e+02,8.029650479410403718e-02,5.229693606737528810e-01,2.371588698296456243e-03,-3.790947744891332016e-01,-1.206741468084991720e+00
2.560000000000000000e+02,-2.397121759536827157e-02,5.229594787008118306e-01,-2.371673505849424338e-03,-3.740666984976294684e-01,1.206738237960895077e+00
2.570000000000000000e+02,8.029570577946866516e-02,5.229693603557244996e-01,2.371597179051222228e-03,-3.790947925626111381e-01,-1.206742575595605160e+00
2.580000000000000000e+02,-4.268875848103151349e-02,5.229594784198365875e-01,-2.371664613088149149e-03,-3.740667121158780528e-01,1.206739307215944024e+00
2.590000000000000000e+02,8.029634247043232476e-02,5.229693601028467809e-01,2.371603922457054658e-03,-3.790948048189867747e-01,-1.206742248746094592e+00
2.600000000000000000e+02,-2.397676447708796399e-02,5.229594781869978393e-01,-2.371659803751733492e-03,-3.740667257937593249e-01,1.206738966054592632e+00
2.610000000000000000e+02,8.029575758729934343e-02,5.229693598932919629e-01,2.371609510587013858e-03,-3.790948171291280144e-01,-1.206741920488484388e+00
2.620000000000000000e+02,-4.268294353556451037e-02,5.229594780036456170e-01,-2.371653515112180817e-03,-3.740667431672906607e-01,1.206737750840970236e+00
2.630000000000000000e+02,8.029668094146875934e-02,5.229693597282749629e-01,2.371613911040349344e-03,-3.790948268047936720e-01,-1.206740073000718283e+00
2.640000000000000000e+02,-2.398258541416592449e-02,5.229594778498847241e-01,-2.371650813654044634e-03,-3.740667455801993668e-01,1.206739493902630578e+00
2.650000000000000000e+02,8.029579512099786764e-02,5.229693595898901037e-01,2.371617601301779111e-03,-3.790948349369240300e-01,-1.206741445613918495e+00
2.660000000000000000e+02,-4.267775102178619773e-02,5.229594777305821562e-01,-2.371646233907146080e-03,-3.740667502545339529e-01,1.206740323773620505e+00
2.670000000000000000e+02,8.029641414700185165e-02,5.229693594825178815e-01,2.371620464563406038e-03,-3.790948391437771181e-01,-1.206741333418358320e+00
2.680000000000000000e+02,-2.398783946968802150e-02,5.229594776287047608e-01,-2.371644915136112298e-03,-3.740667596647853088e-01,1.206739074958032010e+00
2.690000000000000000e+02,8.029585517077053591e-02,5.229693593908282256e-01,2.371622909620896280e-03,-3.790948476130513445e-01,-1.206741107583851447e+00
2.700000000000000000e+02,-4.267275502727430059e-02,5.229594775514249116e-01,-2.371641456802815046e-03,-3.740667616638484461e-01,1.206740627808693622e+00
2.710000000000000000e+02,8.029643546698073120e-02,5.229693593212763059e-01,2.371624764337276325e-03,-3.790948494121601509e-01,-1.206741059594812926e+00
2.720000000000000000e+02,-2.399314395939017297e-02,5.229594774835887305e-01,-2.371641045006421620e-03,-3.740667659254004462e-01,1.206740036822335771e+00
2.730000000000000000e+02,8.029547329335039174e-02,5.229693592602238095e-01,2.371626392405623562e-03,-3.790948651685339121e-01,-1.206743818352036035e+00
2.740000000000000000e+02,-4.266774192380473618e-02,5.229594774338792718e-01,-2.371638322697301304e-03,-3.740667744843918507e-01,1.206741764194088518e+00
2.750000000000000000e+02,8.029606531121481761e-02,5.229693592154852633e-01,2.371627585432634078e-03,-3.790948728715782257e-01,-1.206743612924725539e+00
2.760000000000000000e+02,-2.399871761463970299e-02,5.229594773883783354e-01,-2.371638505667596902e-03,-3.740667870381330085e-01,1.206740600026852128e+00
2.770000000000000000e+02,8.029587334768728546e-02,5.229693591745343539e-01,2.371628677455106526e-03,-3.790948722490642409e-01,-1.206740450623499994e+00
2.780000000000000000e+02,-4.266237765613739574e-02,5.229594773567571853e-01,-2.371636266525947029e-03,-3.740667868181228872e-01,1.206740503425931088e+00
2.790000000000000000e+02,8.029633508506818507e-02,5.229693591460753410e-01,2.371629436362709953e-03,-3.790948780114716810e-01,-1.206741886403706721e+00
2.800000000000000000e+02,-2.400336215992793232e-02,5.229594773259106377e-01,-2.371636839516567691e-03,-3.740667946436118108e-01,1.206740008286373511e+00
2.810000000000000000e+02,8.029574073506519361e-02,5.229693591183134371e-01,2.371630176679851310e-03,-3.790948850544596516e-01,-1.206741698603480017e+00
2.820000000000000000e+02,-4.265698709693901969e-02,5.229594773061567725e-01,-2.371634917607548174e-03,-3.740668043042492119e-01,1.206739380050500188e+00
2.830000000000000000e+02,8.029625371995814664e-02,5.229693591005349917e-01,2.371630650772615489e-03,-3.790948997094498729e-01,-1.206742897248152646e+00
2.840000000000000000e+02,-2.400911527560700698e-02,5.229594772849258666e-01,-2.371635746191510467e-03,-3.740668111908103666e-01,1.206741244473477082e+00
2.850000000000000000e+02,8.029555797430844299e-02,5.229693590814271653e-01,2.371631160314358056e-03,-3.790949059074028016e-01,-1.206742731982186845e+00
2.860000000000000000e+02,-4.265232661020343374e-02,5.229594772729574403e-01,-2.371634032738959182e-03,-3.740668141320457885e-01,1.206742026085680042e+00
2.870000000000000000e+02,8.029617178632730834e-02,5.229693590706555595e-01,2.371631447556588057e-03,-3.790949085544667585e-01,-1.206742661381037918e+00
2.880000000000000000e+02,-2.401411759778232513e-02,5.229594772580357098e-01,-2.371635028751252223e-03,-3.740668221308560693e-01,1.206740741666565642e+00
2.890000000000000000e+02,8.029579207403303442e-02,5.229693590572260797e-01,2.371631805678120486e-03,-3.790949097929794398e-01,-1.206741038909610264e+00
2.900000000000000000e+02,-4.264760194708114294e-02,5.229594772511748646e-01,-2.371633452282466848e-03,-3.740668146496091695e-01,1.206742834408868648e+00
2.910000000000000000e+02,8.029586882362359235e-02,5.229693590510512413e-01,2.371631970338405893e-03,-3.790949179609705566e-01,-1.206744794726733572e+00
2.920000000000000000e+02,-2.401932351781843611e-02,5.229594772403931557e-01,-2.371634557945134173e-03,-3.740668216553770242e-01,1.206743113342442220e+00
2.930000000000000000e+02,8.029524062280837815e-02,5.229693590413477811e-01,2.371632229099418510e-03,-3.790949242662094987e-01,-1.206744626599793868e+00
2.940000000000000000e+02,-4.264310876258389782e-02,5.229594772368829636e-01,-2.371633071564074706e-03,-3.740668246960419108e-01,1.206743896840217101e+00
2.950000000000000000e+02,8.029594408907977932e-02,5.229693590381885304e-01,2.371632313344029363e-03,-3.790949240225278127e-01,-1.206743838356613363e+00
2.960000000000000000e+02,-2.402500693261935827e-02,5.229594772288181925e-01,-2.371634248892342568e-03,-3.740668211495833950e-01,1.206744689506658474e+00
2.970000000000000000e+02,8.029517321798561313e-02,5.229693590309302254e-01,2.371632506898535553e-03,-3.790949238109952435e-01,-1.206744638738839193e+00
2.980000000000000000e+02,-4.263746551663097351e-02,5.229594772275053538e-01,-2.371632821966995156e-03,-3.740668242872406402e-01,1.206743885701110575e+00
2.990000000000000000e+02,8.029603330223826496e-02,5.229693590297487260e-01,2.371632538406664992e-03,-3.790949206743744471e-01,-1.206743132912109218e+00
3.000000000000000000e+02,-2.402977323271898724e-02,5.229594772212238230e-01,-2.371634045982439279e-03,-3.740668300564292115e-01,1.206741748306853435e+00
3.010000000000000000e+02,8.029559367140165493e-02,5.229693590240953593e-01,2.371632689163404983e-03,-3.790949228864596843e-01,-1.206742279207319468e+00
3.020000000000000000e+02,-4.263169791630155858e-02,5.229594772213523868e-01,-2.371632658319661191e-03,-3.740668323966736541e-01,1.206741717548644122e+00
3.030000000000000000e+02,8.029623827662456248e-02,5.229693590242110446e-01,2.371632686077873586e-03,-3.790949249926319209e-01,-1.206742223029980687e+00
3.040000000000000000e+02,-2.403479002599623326e-02,5.229594772162412530e-01,-2.371633912741239521e-03,-3.740668369223854595e-01,1.206741136859144525e+00
3.050000000000000000e+02,8.029563988032964450e-02,5.229693590196110575e-01,2.371632808745083743e-03,-3.790949290658203186e-01,-1.206742114424365520e+00
3.060000000000000000e+02,-4.262654301029855652e-02,5.229594772173148387e-01,-2.371632551086532131e-03,-3.740668379589179304e-01,1.206741865656578927e+00
3.070000000000000000e+02,8.029615823490698912e-02,5.229693590205772846e-01,2.371632782979026920e-03,-3.790949329788840250e-01,-1.206742804791857804e+00
3.080000000000000000e+02,-2.404041260159750504e-02,5.229594772129723124e-01,-2.371633825189119020e-03,-3.740668381488292948e-01,1.206742759213137672e+00
3.090000000000000000e+02,8.029548550755222225e-02,5.229693590166689665e-01,2.371632887199659912e-03,-3.790949331498519870e-01,-1.206742800245448111e+00
3.100000000000000000e+02,-4.262164754594938154e-02,5.229594772146652915e-01,-2.371632480874782088e-03,-3.740668356749192180e-01,1.206743393983870538e+00
3.110000000000000000e+02,8.029608716040191607e-02,5.229693590181926366e-01,2.371632846568160879e-03,-3.790949309232851672e-01,-1.206742859607830898e+00
3.120000000000000000e+02,-2.404535780447242255e-02,5.229594772108275835e-01,-2.371633767624340989e-03,-3.740668392783222385e-01,1.206741994791103556e+00
3.130000000000000000e+02,8.029561124963970065e-02,5.229693590147387328e-01,2.371632938673151614e-03,-3.790949311861633864e-01,-1.206742057881876606e+00
3.140000000000000000e+02,-4.261618611780057519e-02,5.229594772129265712e-01,-2.371632434930453885e-03,-3.740668398688652418e-01,1.206741916151561345e+00
3.150000000000000000e+02,8.029625155446029616e-02,5.229693590166277772e-01,2.371632888297448439e-03,-3.790949317176043887e-01,-1.206742043697390798e+00
3.160000000000000000e+02,-2.405035404522054554e-02,5.229594772094205979e-01,-2.371633729731292047e-03,-3.740668429727348476e-01,1.206741298768696069e+00
3.170000000000000000e+02,8.029583188868744115e-02,5.229693590134724124e-01,2.371632972440806519e-03,-3.790949285506702293e-01,-1.206740538704493826e+00
3.180000000000000000e+02,-4.261129727432719227e-02,5.229594772117852619e-01,-2.371632404918180836e-03,-3.740668345174864573e-01,1.206742567964107726e+00
3.190000000000000000e+02,8.029611798941924117e-02,5.229693590156005989e-01,2.371632915688870902e-03,-3.790949298815957103e-01,-1.206742887386221819e+00
3.200000000000000000e+02,-2.405527013639163769e-02,5.229594772084974474e-01,-2.371633704769570555e-03,-3.740668383394447072e-01,1.206741970116243623e+00
3.210000000000000000e+02,8.029560983387666606e-02,5.229693590126416325e-01,2.371632994596417632e-03,-3.790949303411735860e-01,-1.206742080414929363e+00
3.220000000000000000e+02,-4.260626884578580520e-02,5.229594772110359724e-01,-2.371632385345549127e-03,-3.740668391099410961e-01,1.206741895495800021e+00
3.230000000000000000e+02,8.029624979499214166e-02,5.229693590149262494e-01,2.371632933671818932e-03,-3.790949310345726464e-01,-1.206742061911575625e+00
3.240000000000000000e+02,-2.406026280922884952e-02,5.229594772078919318e-01,-2.371633688249105004e-03,-3.740668423566499423e-01,1.206741282701454532e+00
3.250000000000000000e+02,8.029583106763212019e-02,5.229693590120966240e-01,2.371633009128792501e-03,-3.790949279961938201e-01,-1.206740553490524892e+00
3.260000000000000000e+02,-4.260138673645452734e-02,5.229594772105439215e-01,-2.371632372644450273e-03,-3.740668340200235531e-01,1.206742554280868962e+00
3.270000000000000000e+02,8.029611671237246728e-02,5.229693590144833815e-01,2.371632945481038767e-03,-3.790949294338791242e-01,-1.206742899325337293e+00
3.280000000000000000e+02,-2.406517414037839808e-02,5.229594772074945830e-01,-2.371633677311239807e-03,-3.740668379351442252e-01,1.206741959696375099e+00
3.290000000000000000e+02,8.029560940327350183e-02,5.229693590117390212e-01,2.371633018665164627e-03,-3.790949299773030967e-01,-1.206742090118134714e+00
3.300000000000000000e+02,-4.259636465826840968e-02,5.229594772102206246e-01,-2.371632364427728266e-03,-3.740668387840226372e-01,1.206741886387308282e+00
3.310000000000000000e+02,8.029624883455221962e-02,5.229693590141925030e-01,2.371632953240165442e-03,-3.790949307412460612e-01,-1.206742069733624190e+00
3.320000000000000000e+02,-2.407016175867307539e-02,5.229594772072342357e-01,-2.371633669994485834e-03,-3.740668420913012548e-01,1.206741275986759732e+00
3.330000000000000000e+02,8.029583089314520916e-02,5.229693590115047641e-01,2.371633024913499810e-03,-3.790949277573799625e-01,-1.206740559858886508e+00
3.340000000000000000e+02,-4.259148862826064863e-02,5.229594772100081279e-01,-2.371632359184154028e-03,-3.740668338066552301e-01,1.206742548173942220e+00
3.350000000000000000e+02,8.029611595972872828e-02,5.229693590140012116e-01,2.371632958340086795e-03,-3.790949292418476779e-01,-1.206742904446182596e+00
3.360000000000000000e+02,-2.407506786133775667e-02,5.229594772070632613e-01,-2.371633665094868230e-03,-3.740668377609619455e-01,1.206741955412578227e+00
3.370000000000000000e+02,8.029560939676340381e-02,5.229693590113508872e-01,2.371633029016884543e-03,-3.790949298205390505e-01,-1.206742094298502099e+00
3.380000000000000000e+02,-4.258647246865590597e-02,5.229594772098681288e-01,-2.371632355856440055e-03,-3.740668386444983007e-01,1.206741882249785736e+00
3.390000000000000000e+02,8.029624821831285453e-02,5.229693590138752013e-01,2.371632961700065323e-03,-3.790949306156741749e-01,-1.206742073082213595e+00
3.400000000000000000e+02,-2.408005011962183195e-02,5.229594772069513509e-01,-2.371633661735305168e-03,-3.740668419769332953e-01,1.206741273297806449e+00
3.410000000000000000e+02,8.029583099678544444e-02,5.229693590112500790e-01,2.371633031702735216e-03,-3.790949276544487434e-01,-1.206740562603710210e+00
3.420000000000000000e+02,-4.258160223253026899e-02,5.229594772097758693e-01,-2.371632353815227370e-03,-3.740668337155795276e-01,1.206742545328617577e+00
3.430000000000000000e+02,8.029611543305216481e-02,5.229693590137921566e-01,2.371632963914294123e-03,-3.790949291598795234e-01,-1.206742906632005452e+00
3.440000000000000000e+02,-2.408495079575034836e-02,5.229594772068778541e-01,-2.371633659433924294e-03,-3.740668376858381494e-01,1.206741953769929765e+00
3.450000000000000000e+02,8.029560957261046295e-02,5.229693590111839097e-01,2.371633033466657124e-03,-3.790949297529275785e-01,-1.206742096101466988e+00
3.460000000000000000e+02,-4.257659180186715298e-02,5.229594772097148070e-01,-2.371632352592094230e-03,-3.740668385852094491e-01,1.206741880252346188e+00
3.470000000000000000e+02,8.029624775047182472e-02,5.229693590137372006e-01,2.371632965379788949e-03,-3.790949305623142473e-01,-1.206742074505151585e+00
3.480000000000000000e+02,-2.408992756625608078e-02,5.229594772068297814e-01,-2.371633657780025488e-03,-3.740668419275576806e-01,1.206741272341571136e+00
3.490000000000000000e+02,8.029583121994693373e-02,5.229693590111407220e-01,2.371633034620402192e-03,-3.790949276100106791e-01,-1.206740563788718967e+00
3.500000000000000000e+02,-4.257172723329638586e-02,5.229594772096742838e-01,-2.371632351933303066e-03,-3.740668336771458824e-01,1.206742543887550090e+00
3.510000000000000000e+02,8.029611500387849599e-02,5.229693590137007853e-01,2.371632966352343885e-03,-3.790949291252893039e-01,-1.206742907554417821e+00
3.520000000000000000e+02,-2.409482273386490125e-02,5.229594772067982511e-01,-2.371633656598145373e-03,-3.740668376533560213e-01,1.206741953263984257e+00
3.530000000000000000e+02,8.029560982675797154e-02,5.229693590111123003e-01,2.371633035377129772e-03,-3.790949297236936300e-01,-1.206742096881031179e+00
3.540000000000000000e+02,-4.256672244657919157e-02,5.229594772096471944e-01,-2.371632351615679968e-03,-3.740668385604586921e-01,1.206741879176386645e+00
3.550000000000000000e+02,8.029624734673881936e-02,5.229693590136763603e-01,2.371632967002490922e-03,-3.790949305400385660e-01,-1.206742075099175748e+00
3.560000000000000000e+02,-2.409979396522779482e-02,5.229594772067777120e-01,-2.371633655677356754e-03,-3.740668419061594085e-01,1.206741272130991804e+00
3.570000000000000000e+02,8.029583149436173017e-02,5.229693590110938706e-01,2.371633035870068362e-03,-3.790949275907521954e-01,-1.206740564302269725e+00
3.580000000000000000e+02,-4.256186348726986868e-02,5.229594772096290978e-01,-2.371632351550745366e-03,-3.740668336613721667e-01,1.206742543051213534e+00
3.590000000000000000e+02,8.029611461690699947e-02,5.229693590136600401e-01,2.371632967436809736e-03,-3.790949291110929931e-01,-1.206742907932992326e+00
3.600000000000000000e+02,-2.410468359294087870e-02,5.229594772067642783e-01,-2.371633654978120512e-03,-3.740668376392299876e-01,1.206741953247125743e+00
3.610000000000000000e+02,8.029561011440718155e-02,5.229693590110817691e-01,2.371633036192477562e-03,-3.790949297109801885e-01,-1.206742097220048882e+00
3.620000000000000000e+02,-4.255686430417746080e-02,5.229594772096166633e-01,-2.371632351624339274e-03,-3.740668385505745985e-01,1.206741878497342713e+00
3.630000000000000000e+02,8.029624697083240226e-02,5.229693590136489378e-01,2.371632967735237685e-03,-3.790949305311429041e-01,-1.206742075336398434e+00
3.640000000000000000e+02,-2.410964926657588325e-02,5.229594772067557296e-01,-2.371633654377429574e-03,-3.740668418968047249e-01,1.206741272241165897e+00
3.650000000000000000e+02,8.029583179063339016e-02,5.229693590110739976e-01,2.371633036397646777e-03,-3.790949275823329301e-01,-1.206740564526775694e+00
3.660000000000000000e+02,-4.255201092563593024e-02,5.229594772096081146e-01,-2.371632351814789361e-03,-3.740668336553519269e-01,1.206742542475440105e+00
3.670000000000000000e+02,8.029611424832902578e-02,5.229693590136411663e-01,2.371632967940406466e-03,-3.790949291056747716e-01,-1.206742908077484300e+00
3.680000000000000000e+02,-2.411453334437807516e-02,5.229594772067499564e-01,-2.371633653883755896e-03,-3.740668376330056888e-01,1.206741953440575665e+00
3.690000000000000000e+02,8.029561041627693296e-02,5.229693590110688906e-01,2.371633036536202610e-03,-3.790949297053782807e-01,-1.206742097369425837e+00
3.700000000000000000e+02,-4.254701732526372515e-02,5.229594772096020083e-01,-2.371632352055823550e-03,-3.740668385470891089e-01,1.206741877989396139e+00
3.710000000000000000e+02,8.029624660713408080e-02,5.229693590136357262e-01,2.371632968086956339e-03,-3.790949305280060244e-01,-1.206742075420055738e+00
3.720000000000000000e+02,-2.411949345579794679e-02,5.229594772067465147e-01,-2.371633653419280216e-03,-3.740668418926343941e-01,1.206741272489184613e+00
3.730000000000000000e+02,8.029583209611626526e-02,5.229693590110657819e-01,2.371633036618803203e-03,-3.790949275785796546e-01,-1.206740564626856971e+00
3.740000000000000000e+02,-4.254216951171124750e-02,5.229594772095976785e-01,-2.371632352357763013e-03,-3.740668336535293292e-01,1.206742542012073205e+00
3.750000000000000000e+02,8.029611388789992255e-02,5.229693590136318404e-01,2.371632968190872780e-03,-3.790949291040344726e-01,-1.206742908121231972e+00
3.760000000000000000e+02,-2.412437198294181684e-02,5.229594772067442943e-01,-2.371633653019238237e-03,-3.740668376301831133e-01,1.206741953724330907e+00
3.770000000000000000e+02,8.029561072406908584e-02,5.229693590110637835e-01,2.371633036672093908e-03,-3.790949297028379239e-01,-1.206742097437160099e+00
3.780000000000000000e+02,-4.253718148140026023e-02,5.229594772095943478e-01,-2.371632352673061148e-03,-3.740668385463573054e-01,1.206741877555351339e+00
3.790000000000000000e+02,8.029624624891745777e-02,5.229693590136288428e-01,2.371632968270808838e-03,-3.790949305273473846e-01,-1.206742075437624573e+00
3.800000000000000000e+02,-2.412932653387597770e-02,5.229594772067429620e-01,-2.371633652613757033e-03,-3.740668418906960557e-01,1.206741272796317377e+00
3.810000000000000000e+02,8.029583240536401767e-02,5.229693590110625623e-01,2.371633036704068331e-03,-3.790949275768351057e-01,-1.206740564673370208e+00
3.820000000000000000e+02,-4.253233922244084586e-02,5.229594772095916833e-01,-2.371632353019844514e-03,-3.740668336535128424e-01,1.206742541597337404e+00
3.830000000000000000e+02,8.029611353120462425e-02,5.229693590136264003e-01,2.371632968334758552e-03,-3.790949291040196512e-01,-1.206742908121633429e+00
3.840000000000000000e+02,-2.413419951353634740e-02,5.229594772067420738e-01,-2.371633652248676671e-03,-3.740668376288249219e-01,1.206741954046731680e+00
3.850000000000000000e+02,8.029561103421088697e-02,5.229693590110617851e-01,2.371633036725384613e-03,-3.790949297016155684e-01,-1.206742097469750918e+00
3.860000000000000000e+02,-4.252735675323043862e-02,5.229594772095894628e-01,-2.371632353363990232e-03,-3.740668385468098878e-01,1.206741877153357789e+00
3.870000000000000000e+02,8.029624589329066586e-02,5.229693590136244019e-01,2.371632968388048823e-03,-3.790949305277547809e-01,-1.206742075426768590e+00
3.880000000000000000e+02,-2.413914850845391702e-02,5.229594772067416297e-01,-2.371633651867558357e-03,-3.740668418897186709e-01,1.206741273128668634e+00
3.890000000000000000e+02,8.029583271603013550e-02,5.229693590110613410e-01,2.371633036736042754e-03,-3.790949275759554205e-01,-1.206740564696821005e+00
3.900000000000000000e+02,-4.252252004061948809e-02,5.229594772095874644e-01,-2.371632353729022456e-03,-3.740668336542730121e-01,1.206742541203778440e+00
3.910000000000000000e+02,8.029611317634957612e-02,5.229693590136226256e-01,2.371632968436010458e-03,-3.790949291047038261e-01,-1.206742908103394019e+00
3.920000000000000000e+02,-2.414401594566653597e-02,5.229594772067412967e-01,-2.371633651518831667e-03,-3.740668376280973928e-01,1.206741954385543769e+00
3.930000000000000000e+02,8.029561134516426113e-02,5.229693590110610080e-01,2.371633036744035927e-03,-3.790949297009607588e-01,-1.206742097487204735e+00
3.940000000000000000e+02,-4.251754312515709788e-02,5.229594772095856881e-01,-2.371632354083474167e-03,-3.740668385477715630e-01,1.206741876765407229e+00
3.950000000000000000e+02,8.029624553900809036e-02,5.229693590136210712e-01,2.371632968478643456e-03,-3.790949305286203108e-01,-1.206742075403693271e+00
3.960000000000000000e+02,-2.414895938975664125e-02,5.229594772067412967e-01,-2.371633651148733184e-03,-3.740668418891551217e-01,1.206741273471650944e+00
3.970000000000000000e+02,8.029583302711010284e-02,5.229693590110611190e-01,2.371633036744036360e-03,-3.790949275754482151e-01,-1.206740564710339525e+00
3.980000000000000000e+02,-4.251271195205455489e-02,5.229594772095842448e-01,-2.371632354461407095e-03,-3.740668336553666373e-01,1.206742540819580656e+00
3.990000000000000000e+02,8.029611282251029880e-02,5.229693590136197390e-01,2.371632968513281547e-03,-3.790949291056880943e-01,-1.206742908077151677e+00
4.000000000000000000e+02,-2.415382129024398750e-02,5.229594772067414077e-01,-2.371633650811056683e-03,-3.740668376276414242e-01,1.206741954731194610e+00
4.010000000000000000e+02,8.029561165626578068e-02,5.229693590110611190e-01,2.371633036741371825e-03,-3.790949297005503649e-01,-1.206742097498140653e+00
4.020000000000000000e+02,-4.250774058337516981e-02,5.229594772095826904e-01,-2.371632354823350643e-03,-3.740668385489514525e-01,1.206741876383741863e+00
4.030000000000000000e+02,8.029624518552985757e-02,5.229693590136182957e-01,2.371632968550585040e-03,-3.790949305296821836e-01,-1.206742075375381251e+00
4.040000000000000000e+02,-2.415875918964410785e-02,5.229594772067414077e-01,-2.371633650443957970e-03,-3.740668418887697633e-01,1.206741273818982219e+00
4.050000000000000000e+02,8.029583333816661672e-02,5.229693590110611190e-01,2.371633036741371825e-03,-3.790949275751013259e-01,-1.206740564719580577e+00
4.060000000000000000e+02,-4.250291494305261097e-02,5.229594772095811361e-01,-2.371632355198235228e-03,-3.740668336566027596e-01,1.206742540439650568e+00
4.070000000000000000e+02,8.029611246933716917e-02,5.229693590136169634e-01,2.371632968587888968e-03,-3.790949291068006488e-01,-1.206742908047490737e+00
4.080000000000000000e+02,-2.416361555944965267e-02,5.229594772067415187e-01,-2.371633650106575505e-03,-3.740668376273024731e-01,1.206741955079558615e+00
4.090000000000000000e+02,8.029561196723486449e-02,5.229693590110612300e-01,2.371633036738707723e-03,-3.790949297002452756e-01,-1.206742097506268152e+00
4.100000000000000000e+02,-4.249794911476817427e-02,5.229594772095796928e-01,-2.371632355562470779e-03,-3.740668385502243232e-01,1.206741876005025249e+00
4.110000000000000000e+02,8.029624483262796930e-02,5.229693590136156311e-01,2.371632968622527926e-03,-3.790949305308278228e-01,-1.206742075344838128e+00
4.120000000000000000e+02,-2.416854792011810527e-02,5.229594772067417408e-01,-2.371633649742555059e-03,-3.740668418884613433e-01,1.206741274167959288e+00
4.130000000000000000e+02,8.029583364901510256e-02,5.229693590110614521e-01,2.371633036733378219e-03,-3.790949275748237701e-01,-1.206740564726975773e+00
4.140000000000000000e+02,-4.249312900090546075e-02,5.229594772095783606e-01,-2.371632355942221698e-03,-3.740668336578996112e-01,1.206742540061803926e+00
4.150000000000000000e+02,8.029611211668016835e-02,5.229693590136144099e-01,2.371632968654501916e-03,-3.790949291079678263e-01,-1.206742908016371851e+00
4.160000000000000000e+02,-2.417339876533211585e-02,5.229594772067418518e-01,-2.371633649408250860e-03,-3.740668376270142037e-01,1.206741955428872304e+00
4.170000000000000000e+02,8.029561227794378142e-02,5.229693590110615631e-01,2.371633036730713250e-03,-3.790949296999858165e-01,-1.206742097513180401e+00
4.180000000000000000e+02,-4.248816870672020296e-02,5.229594772095769173e-01,-2.371632356306045252e-03,-3.740668385515365513e-01,1.206741875627824090e+00
4.190000000000000000e+02,8.029624448020124261e-02,5.229693590136130776e-01,2.371632968689141308e-03,-3.790949305320088225e-01,-1.206742075313349538e+00
4.200000000000000000e+02,-2.417832559341076548e-02,5.229594772067420738e-01,-2.371633649044496261e-03,-3.740668418881862300e-01,1.206741274517422413e+00
4.210000000000000000e+02,8.029583395957354264e-02,5.229693590110617851e-01,2.371633036725384613e-03,-3.790949275745761349e-01,-1.206740564733571830e+00
4.220000000000000000e+02,-4.248335411312034737e-02,5.229594772095755850e-01,-2.371632356685424072e-03,-3.740668336592215537e-01,1.206742539685095483e+00
4.230000000000000000e+02,8.029611176447160048e-02,5.229693590136119674e-01,2.371632968721115731e-03,-3.790949291091575968e-01,-1.206742907984650781e+00
4.240000000000000000e+02,-2.418317092002256197e-02,5.229594772067422959e-01,-2.371633648713267293e-03,-3.740668376267477502e-01,1.206741955778364739e+00
4.250000000000000000e+02,8.029561258834364001e-02,5.229693590110620072e-01,2.371633036720055543e-03,-3.790949296997459528e-01,-1.206742097519568180e+00
4.260000000000000000e+02,-4.247839934701105880e-02,5.229594772095742528e-01,-2.371632357051466772e-03,-3.740668385528646556e-01,1.206741875251510443e+00
4.270000000000000000e+02,8.029624412820571266e-02,5.229693590136107462e-01,2.371632968753090587e-03,-3.790949305332041441e-01,-1.206742075281481030e+00
4.280000000000000000e+02,-2.418809222151085958e-02,5.229594772067426289e-01,-2.371633648352589226e-03,-3.740668418879255497e-01,1.206741274866867109e+00
4.290000000000000000e+02,8.029583426980776983e-02,5.229693590110622292e-01,2.371633036712061503e-03,-3.790949275743414892e-01,-1.206740564739822386e+00
4.300000000000000000e+02,-4.247359026751582056e-02,5.229594772095729205e-01,-2.371632357430415380e-03,-3.740668336605534883e-01,1.206742539309116458e+00
4.310000000000000000e+02,8.029611141268332142e-02,5.229693590136095249e-01,2.371632968785064577e-03,-3.790949291103563601e-01,-1.206742907952689237e+00
4.320000000000000000e+02,-2.419293203583838814e-02,5.229594772067427400e-01,-2.371633648018911696e-03,-3.740668376264909001e-01,1.206741956127708182e+00
4.330000000000000000e+02,8.029561289841088967e-02,5.229693590110623402e-01,2.371633036709396968e-03,-3.790949296995147488e-01,-1.206742097525726365e+00
4.340000000000000000e+02,-4.246864102286831977e-02,5.229594772095715882e-01,-2.371632357793324736e-03,-3.740668385541988106e-01,1.206741874875822518e+00
4.350000000000000000e+02,8.029624377661991053e-02,5.229693590136083037e-01,2.371632968817039000e-03,-3.790949305344049058e-01,-1.206742075249467083e+00
4.360000000000000000e+02,-2.419784781741557422e-02,5.229594772067430730e-01,-2.371633647658656033e-03,-3.740668418876712531e-01,1.206741275216079545e+00
4.370000000000000000e+02,8.029583457970555782e-02,5.229693590110626733e-01,2.371633036701403796e-03,-3.790949275741125613e-01,-1.206740564745917954e+00
4.380000000000000000e+02,-4.246383745079795879e-02,5.229594772095702560e-01,-2.371632358174571419e-03,-3.740668336618888645e-01,1.206742538933692988e+00
4.390000000000000000e+02,8.029611106130268849e-02,5.229693590136070824e-01,2.371632968849013857e-03,-3.790949291115582320e-01,-1.206742907920645314e+00
4.400000000000000000e+02,-2.420268212604156921e-02,5.229594772067431840e-01,-2.371633647325449481e-03,-3.740668376262383799e-01,1.206741956476768074e+00
4.410000000000000000e+02,8.029561320813848047e-02,5.229693590110627843e-01,2.371633036698739695e-03,-3.790949296992874862e-01,-1.206742097531779523e+00
4.420000000000000000e+02,-4.245889372121502969e-02,5.229594772095689237e-01,-2.371632358537127758e-03,-3.740668385555347975e-01,1.206741874500648848e+00
4.430000000000000000e+02,8.029624342544254556e-02,5.229693590136059722e-01,2.371632968880987846e-03,-3.790949305356073329e-01,-1.206742075217407839e+00
4.440000000000000000e+02,-2.420759239385894546e-02,5.229594772067436281e-01,-2.371633646968086036e-03,-3.740668418874199541e-01,1.206741275564967797e+00
4.450000000000000000e+02,8.029583488925806645e-02,5.229693590110631174e-01,2.371633036688081120e-03,-3.790949275738864088e-01,-1.206740564751943134e+00
4.460000000000000000e+02,-4.245409565056965095e-02,5.229594772095675914e-01,-2.371632358917893924e-03,-3.740668336632249069e-01,1.206742538558755351e+00
4.470000000000000000e+02,8.029611071032405345e-02,5.229693590136047510e-01,2.371632968912962269e-03,-3.790949291127606591e-01,-1.206742907888586291e+00
4.480000000000000000e+02,-2.421242120267699804e-02,5.229594772067437392e-01,-2.371633646635281506e-03,-3.740668376259878580e-01,1.206741956825477136e+00
4.490000000000000000e+02,8.029561351751721143e-02,5.229693590110632284e-01,2.371633036685416585e-03,-3.790949296990619444e-01,-1.206742097537785829e+00
4.500000000000000000e+02,-4.244915743016694498e-02,5.229594772095662591e-01,-2.371632359280017449e-03,-3.740668385568705623e-01,1.206741874125933256e+00
4.510000000000000000e+02,8.029624307466302902e-02,5.229693590136035297e-01,2.371632968944936692e-03,-3.790949305368095379e-01,-1.206742075185355256e+00
4.520000000000000000e+02,-2.421732596272746507e-02,5.229594772067440722e-01,-2.371633646275636467e-03,-3.740668418871699874e-01,1.206741275913492784e+00
4.530000000000000000e+02,8.029583519846492101e-02,5.229693590110635615e-01,2.371633036677423412e-03,-3.790949275736613666e-01,-1.206740564757934786e+00
4.540000000000000000e+02,-4.244436485483402133e-02,5.229594772095649269e-01,-2.371632359660360775e-03,-3.740668336645602832e-01,1.206742538184258695e+00
4.550000000000000000e+02,8.029611035974308642e-02,5.229693590136023085e-01,2.371632968976911116e-03,-3.790949291139625310e-01,-1.206742907856542146e+00
4.560000000000000000e+02,-2.422214927795232620e-02,5.229594772067441832e-01,-2.371633645943147222e-03,-3.740668376257383354e-01,1.206741957173812496e+00
4.570000000000000000e+02,8.029561382655138468e-02,5.229693590110636725e-01,2.371633036674758443e-03,-3.790949296988373463e-01,-1.206742097543767711e+00
4.580000000000000000e+02,-4.243943213728401664e-02,5.229594772095635946e-01,-2.371632360022149499e-03,-3.740668385582054389e-01,1.206741873751659311e+00
4.590000000000000000e+02,8.029624272428258214e-02,5.229693590136010872e-01,2.371632969008885539e-03,-3.790949305380109657e-01,-1.206742075153323546e+00
4.600000000000000000e+02,-2.422704853653226409e-02,5.229594772067445163e-01,-2.371633645583903771e-03,-3.740668418869207978e-01,1.206741276261636520e+00
4.610000000000000000e+02,8.029583550732498354e-02,5.229693590110640056e-01,2.371633036666764404e-03,-3.790949275734371016e-01,-1.206740564763909562e+00
4.620000000000000000e+02,-4.243464505100452699e-02,5.229594772095623734e-01,-2.371632360402061313e-03,-3.740668336658946047e-01,1.206742537810201243e+00
4.630000000000000000e+02,8.029611000956078659e-02,5.229693590135999770e-01,2.371632969038195426e-03,-3.790949291151634593e-01,-1.206742907824523980e+00
4.640000000000000000e+02,-2.423186636443991349e-02,5.229594772067447384e-01,-2.371633645254403889e-03,-3.740668376254894234e-01,1.206741957521763497e+00
4.650000000000000000e+02,8.029561413523847446e-02,5.229693590110641166e-01,2.371633036661435767e-03,-3.790949296986133032e-01,-1.206742097549734272e+00
4.660000000000000000e+02,-4.242971782999493957e-02,5.229594772095609301e-01,-2.371632360763388601e-03,-3.740668385595390943e-01,1.206741873377813690e+00
4.670000000000000000e+02,8.029624237429947020e-02,5.229693590135987558e-01,2.371632969072834385e-03,-3.790949305392112834e-01,-1.206742075121321145e+00
4.680000000000000000e+02,-2.423676012789682810e-02,5.229594772067450714e-01,-2.371633644895474857e-03,-3.740668418866721634e-01,1.206741276609392344e+00
4.690000000000000000e+02,8.029583581583754626e-02,5.229693590110644497e-01,2.371633036653442595e-03,-3.790949275732132806e-01,-1.206740564769869239e+00
4.700000000000000000e+02,-4.242493622649615159e-02,5.229594772095597088e-01,-2.371632361142916607e-03,-3.740668336672275940e-01,1.206742537436569451e+00
4.710000000000000000e+02,8.029610965977672377e-02,5.229693590135976455e-01,2.371632969102144273e-03,-3.790949291163631663e-01,-1.206742907792537789e+00
4.720000000000000000e+02,-2.424157247462158105e-02,5.229594772067452935e-01,-2.371633644566378731e-03,-3.740668376252409555e-01,1.206741957869325033e+00
4.730000000000000000e+02,8.029561444357798117e-02,5.229693590110646717e-01,2.371633036648113091e-03,-3.790949296983896488e-01,-1.206742097555690174e+00
4.740000000000000000e+02,-4.242001449594698381e-02,5.229594772095583766e-01,-2.371632361506506841e-03,-3.740668385608713620e-01,1.206741873004393506e+00
4.750000000000000000e+02,8.029624202471397076e-02,5.229693590135964243e-01,2.371632969134118696e-03,-3.790949305404103242e-01,-1.206742075089351607e+00
4.760000000000000000e+02,-2.424646074898753612e-02,5.229594772067455155e-01,-2.371633644207870369e-03,-3.740668418864238065e-01,1.206741276956759146e+00
4.770000000000000000e+02,8.029583612400370551e-02,5.229693590110648937e-01,2.371633036642784454e-03,-3.790949275729897372e-01,-1.206740564775822699e+00
4.780000000000000000e+02,-4.241523836916499812e-02,5.229594772095570443e-01,-2.371632361882977831e-03,-3.740668336685590845e-01,1.206742537063360876e+00
4.790000000000000000e+02,8.029610931039039834e-02,5.229693590135952030e-01,2.371632969166093119e-03,-3.790949291175615410e-01,-1.206742907760587347e+00
4.800000000000000000e+02,-2.425126762080642706e-02,5.229594772067457376e-01,-2.371633643876412852e-03,-3.740668376249928206e-01,1.206741958216494659e+00
