# Time, SliderHeight, Motor1Pos, Motor1Vel, Motor2Pos, Motor2Vel
0.000000000000000000e+00,2.600000000000000089e-01,0.000000000000000000e+00,0.000000000000000000e+00,0.000000000000000000e+00,0.000000000000000000e+00
1.000000000000000000e+00,-1.806473869026972823e+00,2.428900003433227470e-02,5.829360008239746094e+00,-2.814716106954577232e-02,-6.755318656690985080e+00
2.000000000000000000e+00,-2.461340702316524021e-01,3.832494735717772993e-02,3.368627357482909979e+00,-3.410475985438273655e-02,-1.429823708360871137e+00
3.000000000000000000e+00,-1.848651302811345487e-01,6.021185684204101440e-02,5.252858276367188495e+00,-5.089971559922214228e-02,-4.030789378761456376e+00
4.000000000000000000e+00,6.160403695118101819e-01,7.695147366523742705e-02,4.017508037567139922e+00,-5.600426854132785348e-02,-1.225092706105370688e+00
5.000000000000000000e+00,1.833678317626908638e-01,9.628467236042023703e-02,4.639967686843872841e+00,-6.696159620420127911e-02,-2.629758639089622818e+00
6.000000000000000000e+00,4.432584004397184807e-01,1.126757068104744103e-01,3.933848268013000471e+00,-7.283280805048897300e-02,-1.409090843109047420e+00
7.000000000000000000e+00,9.135893774695794112e-02,1.311756374836444972e-01,4.439983361560822850e+00,-8.104990247556830008e-02,-1.972102662019039609e+00
8.000000000000000000e+00,2.958147373661834667e-01,1.478201272249650977e-01,3.994677537916945020e+00,-8.452380511194172719e-02,-8.337366327296219515e-01
9.000000000000000000e+00,1.140677122146627753e-01,1.665694763207821727e-01,4.499843782996101105e+00,-9.090919465534856581e-02,-1.532493490417640825e+00
1.000000000000000000e+01,3.065676441893571136e-01,1.844816729376663744e-01,4.298927188052204862e+00,-9.585818846253350844e-02,-1.187758513724386233e+00
1.100000000000000000e+01,2.703881015706258717e-01,2.030275516167238392e-01,4.451010882973791105e+00,-1.029548427312659692e-01,-1.703197024495790579e+00
1.200000000000000000e+01,3.156132840316095978e-01,2.209842728783150134e-01,4.309613102781880478e+00,-1.098387960152986120e-01,-1.652148788167836058e+00
1.300000000000000000e+01,1.923921465037085055e-01,2.397019619234913301e-01,4.492245370842313790e+00,-1.174224378116116019e-01,-1.820074031115118007e+00
1.400000000000000000e+01,-5.304825041255370466e-02,2.581392187912923686e-01,4.424941648272243455e+00,-1.240807290179000849e-01,-1.597989889509236816e+00
1.500000000000000000e+01,-4.138356221018660852e-01,2.772665672635730161e-01,4.590563633347362504e+00,-1.305663182111799769e-01,-1.556541406387170756e+00
1.600000000000000000e+01,-5.832991776240079584e-01,2.963811683478083658e-01,4.587504260216483942e+00,-1.363220179473358384e-01,-1.381367936677408315e+00
1.700000000000000000e+01,-5.899822703854058492e-01,3.152709121545070325e-01,4.533538513607678233e+00,-1.415935842151938018e-01,-1.265175904285913200e+00
1.800000000000000000e+01,-5.721315731309853936e-01,3.337499602174681668e-01,4.434971535110678431e+00,-1.469652880390433791e-01,-1.289208917723898562e+00
1.900000000000000000e+01,-5.087233606005474584e-01,3.513235721173216808e-01,4.217666855964846917e+00,-1.528024759137584232e-01,-1.400925089931611689e+00
2.000000000000000000e+01,1.818674610599796126e-01,3.676964825247249213e-01,3.929498497776777732e+00,-1.592461112340805285e-01,-1.546472476877303492e+00
2.100000000000000000e+01,8.901418112450514286e-01,3.827307330835927890e-01,3.608220134128282020e+00,-1.658115634700012830e-01,-1.575708536620977984e+00
2.200000000000000000e+01,4.320693006920026114e-01,3.964286661686661217e-01,3.287503940417601633e+00,-1.727807834374802676e-01,-1.672612792194954068e+00
2.300000000000000000e+01,2.995188635512621156e-01,4.088729992397572843e-01,2.986639937061876804e+00,-1.791415197893447830e-01,-1.526576724447485489e+00
2.400000000000000000e+01,2.543237220846214508e-01,4.201465941865396014e-01,2.705662787227758770e+00,-1.842708989937280883e-01,-1.231051009051995271e+00
2.500000000000000000e+01,2.214583514814387200e-01,4.303209987937645642e-01,2.441857105733987954e+00,-1.872667227654328803e-01,-7.189977052091490739e-01
2.600000000000000000e+01,5.307939414606388517e-02,4.395369238550768110e-01,2.211822014714932561e+00,-1.880390957347231884e-01,-1.853695126296706630e-01
2.700000000000000000e+01,-2.295102653570455509e-01,4.478715729917890909e-01,2.000315792810951621e+00,-1.858054735424373993e-01,5.360693261485867112e-01
2.800000000000000000e+01,-1.447830673287909820e-01,4.553991382300477397e-01,1.806615657182074397e+00,-1.799886612247530993e-01,1.396034956244230907e+00
2.900000000000000000e+01,-1.205985448765987400e-01,4.621835194498797317e-01,1.628251492759681618e+00,-1.714042062009515088e-01,2.060269205712381702e+00
3.000000000000000000e+01,1.373871959575934110e-01,4.682969250499823821e-01,1.467217344024636771e+00,-1.629159953863556221e-01,2.037170595503011938e+00
3.100000000000000000e+01,1.751556433405805080e-01,4.738067982987012039e-01,1.322369579692514785e+00,-1.551059071606503414e-01,1.874421174169267346e+00
3.200000000000000000e+01,1.570070280945756180e-01,4.787705002775997087e-01,1.191288474935644048e+00,-1.477837814318984644e-01,1.757310174900447608e+00
3.300000000000000000e+01,1.582208970743463616e-01,4.832414441000115191e-01,1.073026517378838474e+00,-1.409810797181089981e-01,1.632648411309471692e+00
3.400000000000000000e+01,1.539737529345585887e-01,4.872662472143650114e-01,9.659527474448346140e-01,-1.346251290920762456e-01,1.525428150247858383e+00
3.500000000000000000e+01,1.653122696665675073e-01,4.908893806405413285e-01,8.695520222823192036e-01,-1.289045202702348847e-01,1.372946117241923503e+00
3.600000000000000000e+01,1.708452203327452956e-01,4.941505464310557150e-01,7.826797897234486490e-01,-1.239029961533364560e-01,1.200365788055621774e+00
3.700000000000000000e+01,1.760298520645793285e-01,4.970857029308951569e-01,7.044375599614718375e-01,-1.196892824432058966e-01,1.011291290431335810e+00
3.800000000000000000e+01,1.742863388262407831e-01,4.997272722550514246e-01,6.339766377975035727e-01,-1.161303280354654688e-01,8.541490578577020099e-01
3.900000000000000000e+01,1.789418432522454083e-01,5.021046965677318230e-01,5.705818350432827479e-01,-1.132590821776208734e-01,6.890990058827021203e-01
4.000000000000000000e+01,1.764755330741347994e-01,5.042442115559699900e-01,5.134835971771595231e-01,-1.108466669620462031e-01,5.789796517379223184e-01
4.100000000000000000e+01,1.806508046700088244e-01,5.061698823337608122e-01,4.621609866697864444e-01,-1.089126810212261570e-01,4.641566257968098297e-01
4.200000000000000000e+01,1.843798670602885270e-01,5.079029502709867527e-01,4.159363049342307272e-01,-1.074543782975398293e-01,3.499926536847199343e-01
4.300000000000000000e+01,1.874334526206571372e-01,5.094625683633210445e-01,3.743083421602404481e-01,-1.064308870459738515e-01,2.456379003758350221e-01
4.400000000000000000e+01,1.898357982670993427e-01,5.108660815952315026e-01,3.368431756585176795e-01,-1.057661819788467128e-01,1.595292161105129614e-01
4.500000000000000000e+01,1.921755712652762071e-01,5.121291958201954486e-01,3.031474139913465371e-01,-1.053961020736184917e-01,8.881917725477284087e-02
4.600000000000000000e+01,1.935017722148728581e-01,5.132659986225914794e-01,2.728326725750478965e-01,-1.052081227557718490e-01,4.511503628319267489e-02
4.700000000000000000e+01,1.936915485420508121e-01,5.142892761166537596e-01,2.455865985749365876e-01,-1.050634924974262197e-01,3.471126200295083369e-02
4.800000000000000000e+01,1.950482316353362444e-01,5.152105954100154594e-01,2.211166304067974098e-01,-1.049870081751147627e-01,1.835623735475111137e-02
4.900000000000000000e+01,1.956456313605668129e-01,5.160400569551826244e-01,1.990707708401192044e-01,-1.049359493366725238e-01,1.225412122613860760e-02
5.000000000000000000e+01,1.968254870601092443e-01,5.167868703687886756e-01,1.792352192654481091e-01,-1.049435570755730684e-01,-1.825857336129516756e-03
5.100000000000000000e+01,1.972128730522905993e-01,5.174591931753534935e-01,1.613574735755665679e-01,-1.049606350953009443e-01,-4.098724734688549351e-03
5.200000000000000000e+01,1.982118892057362636e-01,5.180645340399421261e-01,1.452818075012639043e-01,-1.050271489528251528e-01,-1.596332580580948554e-02
5.300000000000000000e+01,1.984907051851778903e-01,5.186094957885566403e-01,1.307908196674960610e-01,-1.050950846315072129e-01,-1.630456288369379336e-02
5.400000000000000000e+01,1.993183653940610311e-01,5.191001759354906264e-01,1.177632352641535540e-01,-1.052050722098676477e-01,-2.639701880650443394e-02
5.500000000000000000e+01,1.995043546839095905e-01,5.195419072699882790e-01,1.060155202794311746e-01,-1.053101664550963185e-01,-2.522261885487970742e-02
5.600000000000000000e+01,2.001907903076403372e-01,5.199396323367727613e-01,9.545401602826664167e-02,-1.054514354404393062e-01,-3.390455648231863878e-02
5.700000000000000000e+01,2.002989971862214336e-01,5.202976801995361500e-01,8.593148706321929176e-02,-1.055829187916484113e-01,-3.155600429018593639e-02
5.800000000000000000e+01,2.008691269235006183e-01,5.206200656683636074e-01,7.737251251858270895e-02,-1.057457674277050980e-01,-3.908367265360450371e-02
5.900000000000000000e+01,2.009122044245779948e-01,5.209102818021632553e-01,6.965187211191545269e-02,-1.058948300247418983e-01,-3.577502328883087890e-02
6.000000000000000000e+01,2.014061438925803804e-01,5.211718196823756921e-01,6.276909125099400244e-02,-1.060611025008237618e-01,-3.990539425964649556e-02
6.100000000000000000e+01,2.013643937860910837e-01,5.214070519758037259e-01,5.645575042271817195e-02,-1.062325286611314340e-01,-4.114227847384168552e-02
6.200000000000000000e+01,2.018139508017987582e-01,5.216190152771108535e-01,5.087119231371430711e-02,-1.063987335653927419e-01,-3.988917702271298216e-02
6.300000000000000000e+01,2.018395705050864963e-01,5.218099033651434349e-01,4.581314112780968811e-02,-1.065736810111837379e-01,-4.198738698983829620e-02
6.400000000000000000e+01,2.019195897591581357e-01,5.219815049141340868e-01,4.118437175776451520e-02,-1.067499193959162429e-01,-4.229721233580053391e-02
6.500000000000000000e+01,2.021132718743090251e-01,5.221361818717398240e-01,3.712246982538186524e-02,-1.069260409968902509e-01,-4.226918423376169187e-02
6.600000000000000000e+01,2.021493358416367736e-01,5.222754412282614167e-01,3.342224556517102430e-02,-1.071033805734786376e-01,-4.256149838121292550e-02
6.700000000000000000e+01,2.021585461641954018e-01,5.224007979981734051e-01,3.008562477888150621e-02,-1.072801300174572314e-01,-4.241986655486090774e-02
6.800000000000000000e+01,2.021291384596373975e-01,5.225136149076859970e-01,2.707605828301261688e-02,-1.074576846394949270e-01,-4.261310928904663703e-02
6.900000000000000000e+01,2.020374144883177459e-01,5.226151465206647639e-01,2.436758711490760038e-02,-1.076341682208569600e-01,-4.235605952688658443e-02
7.000000000000000000e+01,2.018842635839731281e-01,5.227064967652166327e-01,2.192405869245308767e-02,-1.078111557912055513e-01,-4.247701688366190692e-02
7.100000000000000000e+01,2.016690021774545649e-01,5.227886753506534312e-01,1.972286050482248074e-02,-1.079866087803596220e-01,-4.210871739697671923e-02
7.200000000000000000e+01,2.014881332653494783e-01,5.228628045081712417e-01,1.779099780427889285e-02,-1.081521061151611701e-01,-3.971936035237254997e-02
7.300000000000000000e+01,2.014456123733777415e-01,5.229293955649303438e-01,1.598185362218289621e-02,-1.083287283272890700e-01,-4.238933091069489734e-02
7.400000000000000000e+01,2.013827396464818453e-01,5.229894939391754871e-01,1.442360981882692163e-02,-1.084796730233842238e-01,-3.622672706283799199e-02
7.500000000000000000e+01,2.012916208058494472e-01,5.230436988036913926e-01,1.300916748381621829e-02,-1.086515211747859644e-01,-4.124355633641921953e-02
7.600000000000000000e+01,2.013003568139333788e-01,5.230924514002380787e-01,1.170062317121789777e-02,-1.087949610570026066e-01,-3.442557173199298909e-02
7.700000000000000000e+01,2.012102739736826018e-01,5.231363571816730618e-01,1.053738754438897016e-02,-1.089493194582303454e-01,-3.704601629465838902e-02
7.800000000000000000e+01,2.012938705278854157e-01,5.231757219936001846e-01,9.447554862519032259e-03,-1.090926410987111961e-01,-3.439719371540576887e-02
7.900000000000000000e+01,2.011570156945816368e-01,5.232113301023200158e-01,8.545946092770729044e-03,-1.092283384322744744e-01,-3.256736005518808680e-02
8.000000000000000000e+01,2.011712811061373007e-01,5.232432415121917035e-01,7.658738369215592132e-03,-1.093699114024854063e-01,-3.397751285062251825e-02
8.100000000000000000e+01,2.011329282199557089e-01,5.232721214185891423e-01,6.931177535386062911e-03,-1.094892561812980530e-01,-2.864274691503589793e-02
8.200000000000000000e+01,2.010995129423906735e-01,5.232982205768904604e-01,6.263797992316575032e-03,-1.096252745953461283e-01,-3.264441937153696183e-02
8.300000000000000000e+01,2.011186472809094461e-01,5.233216554583121072e-01,5.624371541187545703e-03,-1.097338007076117394e-01,-2.604626694374550383e-02
8.400000000000000000e+01,2.010562996190271012e-01,5.233428186540759475e-01,5.079166983309935622e-03,-1.098605574513240174e-01,-3.042161849094530274e-02
8.500000000000000000e+01,2.010882844639019229e-01,5.233618785572197174e-01,4.574376754496562239e-03,-1.099659170315449019e-01,-2.528629925301183190e-02
8.600000000000000000e+01,2.010388877877737068e-01,5.233789917089820554e-01,4.107156422972301109e-03,-1.100735256324423678e-01,-2.582606421539215824e-02
8.700000000000000000e+01,2.011403570683060471e-01,5.233942659394967833e-01,3.665815323544534265e-03,-1.101788770789407373e-01,-2.528434715960763829e-02
8.800000000000000000e+01,2.010401333010202185e-01,5.234081534216526999e-01,3.332995717416760602e-03,-1.102715309700858654e-01,-2.223693387483227299e-02
8.900000000000000000e+01,2.010937286256249401e-01,5.234205289184159504e-01,2.970119223173609165e-03,-1.103747756792207990e-01,-2.477873019238385419e-02
9.000000000000000000e+01,2.010467943144995662e-01,5.234318158930744147e-01,2.708873918021461030e-03,-1.104550844521923064e-01,-1.927410551316315057e-02
9.100000000000000000e+01,2.010646200892385604e-01,5.234418460694384434e-01,2.407242327374345490e-03,-1.105547568236466549e-01,-2.392136914904268580e-02
9.200000000000000000e+01,2.010515303762240025e-01,5.234510170017943054e-01,2.201023765411906901e-03,-1.106249757070944667e-01,-1.685253202747455034e-02
9.300000000000000000e+01,2.010446708829189411e-01,5.234591487382307395e-01,1.951616744742579873e-03,-1.107200180432049152e-01,-2.281016066650837920e-02
9.400000000000000000e+01,2.010544792260083591e-01,5.234666065210993313e-01,1.789867888454813732e-03,-1.107820170119493131e-01,-1.487975249865602229e-02
9.500000000000000000e+01,2.010298242033231875e-01,5.234732007930111841e-01,1.582625258850909071e-03,-1.108718019746454120e-01,-2.154839104706299940e-02
9.600000000000000000e+01,2.010562494658738875e-01,5.234792706959227049e-01,1.456776698776657535e-03,-1.109269928671272470e-01,-1.324581419564064416e-02
9.700000000000000000e+01,2.010210338312519440e-01,5.234846206574952365e-01,1.283990777418067249e-03,-1.110111204227950954e-01,-2.019061336028513814e-02
9.800000000000000000e+01,2.010571460907812358e-01,5.234895667299030997e-01,1.187057377880778794e-03,-1.110606964283940984e-01,-1.189824134376124727e-02
9.900000000000000000e+01,2.010150981631763090e-01,5.234938970339041431e-01,1.039272960244943828e-03,-1.111389835497112039e-01,-1.878890911610366435e-02
1.000000000000000000e+02,2.010578444987109192e-01,5.234979440952775009e-01,9.712947296116183427e-04,-1.111837385416624135e-01,-1.074119806828966080e-02
1.010000000000000000e+02,2.010155581303032790e-01,5.235014484123184930e-01,8.410360898352805745e-04,-1.112562253136606671e-01,-1.739682527958070352e-02
1.020000000000000000e+02,2.010570304797257013e-01,5.235047617795954844e-01,7.952081464781708946e-04,-1.112973853032966642e-01,-9.878397512639993522e-03
1.030000000000000000e+02,2.010092655641131376e-01,5.235075796682743254e-01,6.762932829092002012e-04,-1.113639755661438996e-01,-1.598166308333538732e-02
1.040000000000000000e+02,2.010599457123126710e-01,5.235102840367771293e-01,6.490484406724468264e-04,-1.114004154480967013e-01,-8.745571668672577972e-03
1.050000000000000000e+02,2.010356293503842151e-01,5.235125744522017843e-01,5.496997019207318889e-04,-1.114618897693190613e-01,-1.475383709336712361e-02
1.060000000000000000e+02,2.010518474077575557e-01,5.235145846979155637e-01,4.824589713044314786e-04,-1.115003297655680625e-01,-9.225599099761070190e-03
1.070000000000000000e+02,2.010151326336921673e-01,5.235165935201703258e-01,4.821173411552885407e-04,-1.115447050297638520e-01,-1.065006340698786483e-02
1.080000000000000000e+02,2.011344066502407102e-01,5.235183074613488641e-01,4.113458828499917609e-04,-1.115855150851932098e-01,-9.794413303046530656e-03
1.090000000000000000e+02,2.010808515833962806e-01,5.235198102498390682e-01,3.606692376432504951e-04,-1.116280280936633174e-01,-1.020312203282658543e-02
1.100000000000000000e+02,2.010394421519818287e-01,5.235211269722855887e-01,3.160133871568268594e-04,-1.116677103495023748e-01,-9.523741401372576298e-03
1.110000000000000000e+02,2.010467933683782460e-01,5.235225010564095172e-01,3.297801897348682826e-04,-1.116984922027344923e-01,-7.387644775708042573e-03
1.120000000000000000e+02,2.011157740008087946e-01,5.235236421081100877e-01,2.738524081275073145e-04,-1.117379199361562825e-01,-9.462656021230995973e-03
1.130000000000000000e+02,2.010956347344636241e-01,5.235246312527145340e-01,2.373947050707612809e-04,-1.117688069192505212e-01,-7.412875942618889387e-03
1.140000000000000000e+02,2.010424071173734506e-01,5.235254967052627162e-01,2.077086115553159341e-04,-1.118058730170923692e-01,-8.895863482042937198e-03
1.150000000000000000e+02,2.010550217768767023e-01,5.235264619275182829e-01,2.316533413470956760e-04,-1.118312492406755565e-01,-6.090293659966360303e-03
1.160000000000000000e+02,2.010845248510038374e-01,5.235271828821619344e-01,1.730291144762232595e-04,-1.118654124942731337e-01,-8.199180863419239240e-03
1.170000000000000000e+02,2.010723976465427498e-01,5.235278081552870999e-01,1.500655500436656243e-04,-1.118928693532643404e-01,-6.589646157888762179e-03
1.180000000000000000e+02,2.010357569828239155e-01,5.235287162201043287e-01,2.179355561411394811e-04,-1.119238964154446320e-01,-7.446494923269816185e-03
1.190000000000000000e+02,2.010512108380171636e-01,5.235293901859254806e-01,1.617517970703123307e-04,-1.119479291566744389e-01,-5.767857895154906295e-03
1.200000000000000000e+02,2.010731134254905017e-01,5.235298174670233173e-01,1.025474634860002907e-04,-1.119761906678599928e-01,-6.782762684533200429e-03
1.210000000000000000e+02,2.010587247009990031e-01,5.235301670148766462e-01,8.389148478804279887e-05,-1.120015247580435080e-01,-6.080181644043102310e-03
1.220000000000000000e+02,2.010492703463392927e-01,5.235307032201770294e-01,1.286892720812092615e-04,-1.120242690856722845e-01,-5.458638630906215324e-03
1.230000000000000000e+02,2.010824362762916595e-01,5.235310085112547807e-01,7.326985865011009921e-05,-1.120483716154633547e-01,-5.784607149855703137e-03
1.240000000000000000e+02,2.010669504710552724e-01,5.235312615718548113e-01,6.073454400676184337e-05,-1.120715008970213644e-01,-5.551027573922797352e-03
1.250000000000000000e+02,2.010475837752417894e-01,5.235314666477287604e-01,4.921820975593834216e-05,-1.120951025944527668e-01,-5.664407383535178218e-03
1.260000000000000000e+02,2.010634705701823954e-01,5.235318485521931464e-01,9.165707145241983413e-05,-1.121109141679953458e-01,-3.794777650219778239e-03
1.270000000000000000e+02,2.010980487341259837e-01,5.235320777186293073e-01,5.499994468487105304e-05,-1.121328039854876807e-01,-5.253556198158890710e-03
1.280000000000000000e+02,2.010912021447362197e-01,5.235322683190016813e-01,4.574408936124016976e-05,-1.121506118786910200e-01,-4.273894368801649246e-03
1.290000000000000000e+02,2.010740274082368217e-01,5.235324195907843370e-01,3.630522782479708537e-05,-1.121709525854068662e-01,-4.881769611803720745e-03
1.300000000000000000e+02,2.010659344192614884e-01,5.235325386008845561e-01,2.856242404005370980e-05,-1.121894629383773656e-01,-4.442484712920651349e-03
1.310000000000000000e+02,2.010503213504783449e-01,5.235326265864043149e-01,2.111652473364560598e-05,-1.122090336955299528e-01,-4.696981716620521850e-03
1.320000000000000000e+02,2.010670956201723591e-01,5.235329119289947597e-01,6.848222170554598386e-05,-1.122214477150903916e-01,-2.979364694506379460e-03
1.330000000000000000e+02,2.010916280097623798e-01,5.235330427672842957e-01,3.140118949233841904e-05,-1.122391729184662318e-01,-4.254048810200257436e-03
1.340000000000000000e+02,2.010881382457848088e-01,5.235331362103006203e-01,2.242632391431755693e-05,-1.122533121920963745e-01,-3.393425671234426809e-03
1.350000000000000000e+02,2.010760267114652666e-01,5.235332157795816732e-01,1.909662744641082885e-05,-1.122697034272760325e-01,-3.933896443118863745e-03
1.360000000000000000e+02,2.010711225464990870e-01,5.235332617684612666e-01,1.103733110175366136e-05,-1.122844851534325755e-01,-3.547614277569881291e-03
1.370000000000000000e+02,2.010604249241825237e-01,5.235332996402645156e-01,9.089232790220653656e-06,-1.123002145458873446e-01,-3.775054189143315937e-03
1.380000000000000000e+02,2.010543807165871000e-01,5.235333075909790468e-01,1.908171491661224228e-06,-1.123151937054434890e-01,-3.594998293474764746e-03
1.390000000000000000e+02,2.010721925623321638e-01,5.235335334908124416e-01,5.421596000575535973e-05,-1.123238366255452786e-01,-2.074300824430063122e-03
1.400000000000000000e+02,2.010917522686069825e-01,5.235336216576813584e-01,2.116004853047645892e-05,-1.123374275576028286e-01,-3.261823693811219914e-03
1.410000000000000000e+02,2.010900763224998389e-01,5.235336802516264987e-01,1.406254682464156569e-05,-1.123477369251758839e-01,-2.474248217532218439e-03
1.420000000000000000e+02,2.010826341228124370e-01,5.235337203978783771e-01,9.635100437593583831e-06,-1.123601266457708026e-01,-2.973532942779978303e-03
1.430000000000000000e+02,2.010800775333778934e-01,5.235337464924670892e-01,6.262701298343887363e-06,-1.123710430642343300e-01,-2.619940431247175846e-03
1.440000000000000000e+02,2.010734868081222038e-01,5.235337582964343373e-01,2.832952126281418652e-06,-1.123828549190343251e-01,-2.834845151998631463e-03
1.450000000000000000e+02,2.010701926855469057e-01,5.235337584020430812e-01,2.534610775878573134e-08,-1.123939772140864213e-01,-2.669350812501798502e-03
1.460000000000000000e+02,2.010644477787229545e-01,5.235337472829343364e-01,-2.668586105713176808e-06,-1.124054577360093649e-01,-2.755325261506365482e-03
1.470000000000000000e+02,2.010605674745548077e-01,5.235337265686942354e-01,-4.971417627711960889e-06,-1.124166256804779718e-01,-2.680306672465162902e-03
1.480000000000000000e+02,2.010670960891541847e-01,5.235339463198162013e-01,5.274026926761486473e-05,-1.124250894131467171e-01,-2.031295840500277686e-03
1.490000000000000000e+02,2.010780861622897542e-01,5.235339624364191424e-01,3.867984708916283895e-06,-1.124344482578239351e-01,-2.246122722533389158e-03
1.500000000000000000e+02,2.010762075333309140e-01,5.235339686528286407e-01,1.491938287415662504e-06,-1.124432323708257492e-01,-2.108187120436719707e-03
1.510000000000000000e+02,2.010724646309604291e-01,5.235339653567917528e-01,-7.910488466515617533e-07,-1.124523298170825719e-01,-2.183387101638691562e-03
1.520000000000000000e+02,2.010699633673325160e-01,5.235339539492495087e-01,-2.737810144579977669e-06,-1.124611488222187483e-01,-2.116561232683251883e-03
1.530000000000000000e+02,2.010665337194698088e-01,5.235339349999943437e-01,-4.547821232383458424e-06,-1.124700787557281617e-01,-2.143184042257959953e-03
1.540000000000000000e+02,2.010637641724465352e-01,5.235339094563170592e-01,-6.130482535768907570e-06,-1.124788806775499084e-01,-2.112461237220257266e-03
1.550000000000000000e+02,2.010654425030156123e-01,5.235342423149489388e-01,7.988607164605328066e-05,-1.124870867245710976e-01,-1.969451285084585380e-03
1.560000000000000000e+02,2.010665573036570786e-01,5.235341918892820745e-01,-1.210216004764695652e-05,-1.124948529015283583e-01,-1.863882469742481540e-03
1.570000000000000000e+02,2.010629199902287667e-01,5.235341383856718656e-01,-1.284086646052275998e-05,-1.125030560686150066e-01,-1.968760100795945329e-03
1.580000000000000000e+02,2.010666919235901406e-01,5.235343822945968117e-01,5.853814199997261309e-05,-1.125100565819326659e-01,-1.680123196238970766e-03
1.590000000000000000e+02,2.010718409442982801e-01,5.235343326559016575e-01,-1.191328683424281240e-05,-1.125164604279625530e-01,-1.536923047172169101e-03
1.600000000000000000e+02,2.010690395049263002e-01,5.235342811105777594e-01,-1.237087773430230047e-05,-1.125233530055205905e-01,-1.654218613928559517e-03
1.610000000000000000e+02,2.010681883284839711e-01,5.235342284849561212e-01,-1.263014918180365215e-05,-1.125298704986281845e-01,-1.564198345822902150e-03
1.620000000000000000e+02,2.010657770011596845e-01,5.235341745249874057e-01,-1.295039250344629249e-05,-1.125365732817544540e-01,-1.608667950306043315e-03
1.630000000000000000e+02,2.010643202007790231e-01,5.235341196167075939e-01,-1.317798714485095453e-05,-1.125431253719189478e-01,-1.572501639478701566e-03
1.640000000000000000e+02,2.010711549590503133e-01,5.235343237343154099e-01,4.898822588540013270e-05,-1.125476615326431867e-01,-1.088678573816887927e-03
1.650000000000000000e+02,2.010761645475059867e-01,5.235342984590741766e-01,-6.066057888344345104e-06,-1.125523764166236618e-01,-1.131572155315468779e-03
1.660000000000000000e+02,2.010754326455206908e-01,5.235342711742574373e-01,-6.548356025989452109e-06,-1.125570553500910287e-01,-1.122944032166864510e-03
1.670000000000000000e+02,2.010744566023154045e-01,5.235342420832483912e-01,-6.981842168473086832e-06,-1.125617194696794804e-01,-1.119388701228996117e-03
1.680000000000000000e+02,2.010734610561062952e-01,5.235342114020321569e-01,-7.363491906125228700e-06,-1.125663504375216256e-01,-1.111432282114294253e-03
1.690000000000000000e+02,2.010724054609016043e-01,5.235341792886464285e-01,-7.707212562485255138e-06,-1.125709724680797746e-01,-1.109287333956122772e-03
1.700000000000000000e+02,2.010713866173954034e-01,5.235341459133922015e-01,-8.010061006158652636e-06,-1.125755701077382487e-01,-1.103433518035059745e-03
1.710000000000000000e+02,2.010703895589542045e-01,5.235341114312949129e-01,-8.275703346040566403e-06,-1.125801382982678095e-01,-1.096365727093213081e-03
1.720000000000000000e+02,2.010693284362686517e-01,5.235340759453317450e-01,-8.516631162240504923e-06,-1.125847042359331140e-01,-1.095825039674743449e-03
1.730000000000000000e+02,2.010683775208021995e-01,5.235340396063836721e-01,-8.721347532006570316e-06,-1.125892296942985898e-01,-1.086110007712849830e-03
1.740000000000000000e+02,2.010673979047124527e-01,5.235340025187703583e-01,-8.901027203063779559e-06,-1.125937296290281386e-01,-1.079984335090752867e-03
1.750000000000000000e+02,2.010663320405930710e-01,5.235339647423936649e-01,-9.066330406704209950e-06,-1.125982342106929823e-01,-1.081099599563766552e-03
1.760000000000000000e+02,2.010704623372374378e-01,5.235342275342715901e-01,6.307005069946038133e-05,-1.126018744123028076e-01,-8.736483863591034370e-04
1.770000000000000000e+02,2.010734750872783527e-01,5.235342083972268634e-01,-4.592890732168822504e-06,-1.126047320176669642e-01,-6.858252873981056808e-04
1.780000000000000000e+02,2.010718032610885053e-01,5.235341875939091283e-01,-4.992796267242580057e-06,-1.126082100468543123e-01,-8.347270049621932598e-04
1.790000000000000000e+02,2.010722146262344801e-01,5.235341660314740686e-01,-5.174984427392548896e-06,-1.126112650140817517e-01,-7.331921345841594870e-04
1.800000000000000000e+02,2.010709958515974616e-01,5.235341433226363694e-01,-5.450121038700079509e-06,-1.126145717825804693e-01,-7.936244396910965100e-04
1.810000000000000000e+02,2.010708947752598008e-01,5.235341199401258860e-01,-5.611802508509205281e-06,-1.126176628984105893e-01,-7.418677992277644857e-04
1.820000000000000000e+02,2.010699031021873917e-01,5.235340957028835618e-01,-5.816938157157433334e-06,-1.126208920320797557e-01,-7.749920805987596095e-04
1.830000000000000000e+02,2.010695907718925146e-01,5.235340708973530433e-01,-5.953327336761776842e-06,-1.126239992432754577e-01,-7.457306869698052641e-04
1.840000000000000000e+02,2.010687711808105682e-01,5.235340454541700383e-01,-6.106363922425378133e-06,-1.126271733148995619e-01,-7.617771897847789783e-04
1.850000000000000000e+02,2.010683397562957608e-01,5.235340195496248628e-01,-6.217090842154795877e-06,-1.126302764004965123e-01,-7.447405432669785240e-04
1.860000000000000000e+02,2.010676332681117229e-01,5.235339931735332186e-01,-6.330261999114651930e-06,-1.126334050234076428e-01,-7.508694986713695344e-04
1.870000000000000000e+02,2.010671751001608387e-01,5.235339664527738357e-01,-6.412982241532802047e-06,-1.126364778797316890e-01,-7.374855177712457636e-04
1.880000000000000000e+02,2.010721571190326740e-01,5.235342259215883809e-01,6.227251549037555382e-05,-1.126385115589154107e-01,-4.880830040943932770e-04
1.890000000000000000e+02,2.010738785280794805e-01,5.235342130106093173e-01,-3.098634963585782738e-06,-1.126398584849581386e-01,-3.232622502536706467e-04
1.900000000000000000e+02,2.010727862901004193e-01,5.235341993299162944e-01,-3.283366328975848043e-06,-1.126417857353131519e-01,-4.625400852029636078e-04
1.910000000000000000e+02,2.010733593580803502e-01,5.235341856477002676e-01,-3.283731841055499919e-06,-1.126433190625573677e-01,-3.679985386105952749e-04
1.920000000000000000e+02,2.010726119791141631e-01,5.235341715374487448e-01,-3.386460359931564277e-06,-1.126450837701828966e-01,-4.235298301275813295e-04
1.930000000000000000e+02,2.010726352945195472e-01,5.235341573119353109e-01,-3.414123228287431351e-06,-1.126466966262678199e-01,-3.870854603819071961e-04
1.940000000000000000e+02,2.010721531241874693e-01,5.235341428219186799e-01,-3.477603994501442493e-06,-1.126483959462710877e-01,-4.078368007841975409e-04
1.950000000000000000e+02,2.010720265823842390e-01,5.235341282221612769e-01,-3.503941774213288135e-06,-1.126500172409914541e-01,-3.891107328891593199e-04
1.960000000000000000e+02,2.010715996759838142e-01,5.235341134244674288e-01,-3.551446514773551524e-06,-1.126516957809781394e-01,-4.028495968033207839e-04
1.970000000000000000e+02,2.010714337570479460e-01,5.235340985413992065e-01,-3.571936363217508674e-06,-1.126533165953620269e-01,-3.889954521317083190e-04
1.980000000000000000e+02,2.010711475328311182e-01,5.235340835673111259e-01,-3.593781129537059390e-06,-1.126549338953934387e-01,-3.881520075402364539e-04
1.990000000000000000e+02,2.010708687005360040e-01,5.235340685185037035e-01,-3.611713777530886770e-06,-1.126565446690326600e-01,-3.865856734145625565e-04
2.000000000000000000e+02,2.010705975945251134e-01,5.235340534123776868e-01,-3.625470254618858517e-06,-1.126581460601272788e-01,-3.843338627073118871e-04
2.010000000000000000e+02,2.010702767857482920e-01,5.235340382382794866e-01,-3.641783572985322224e-06,-1.126597577604353945e-01,-3.868080739467559320e-04
2.020000000000000000e+02,2.010700298531820085e-01,5.235340230308188625e-01,-3.649790559931691703e-06,-1.126613504364246676e-01,-3.822422374264534202e-04
2.030000000000000000e+02,2.010697235289632678e-01,5.235340077815253679e-01,-3.659830445338741495e-06,-1.126629474805702774e-01,-3.832905949451021876e-04
2.040000000000000000e+02,2.010694856374443396e-01,5.235339925236437431e-01,-3.661891579449024116e-06,-1.126645230672123354e-01,-3.781407940946696403e-04
2.050000000000000000e+02,2.010691685866008993e-01,5.235339772401861325e-01,-3.668029835049335210e-06,-1.126661071141252107e-01,-3.801712590912859719e-04
2.060000000000000000e+02,2.010689581613755161e-01,5.235339619756222973e-01,-3.663495307720031975e-06,-1.126676607814734443e-01,-3.728801635748262315e-04
2.070000000000000000e+02,2.010686572174848197e-01,5.235339467141505443e-01,-3.662753215914123159e-06,-1.126692176500747739e-01,-3.736484643185093929e-04
2.080000000000000000e+02,2.010683737458625331e-01,5.235339314608482564e-01,-3.660792561394630717e-06,-1.126707711525393313e-01,-3.728405914948368762e-04
2.090000000000000000e+02,2.010681273419430148e-01,5.235339162344619934e-01,-3.654332705133881868e-06,-1.126723086631492565e-01,-3.690025463812941602e-04
2.100000000000000000e+02,2.010678233029973005e-01,5.235339010219596245e-01,-3.651000555442532645e-06,-1.126738502128595276e-01,-3.699719304666735167e-04
2.110000000000000000e+02,2.010675863407638264e-01,5.235338858472432522e-01,-3.641931928767708743e-06,-1.126753731898895439e-01,-3.655144872023276324e-04
2.120000000000000000e+02,2.010672504417981010e-01,5.235338706820125143e-01,-3.639655388581584277e-06,-1.126769105590563341e-01,-3.689686000308799716e-04
2.130000000000000000e+02,2.010728157882327449e-01,5.235342361309980319e-01,8.770775652213889852e-05,-1.126775229507322867e-01,-1.469740022281811466e-04
2.140000000000000000e+02,2.010677834971313360e-01,5.235341954476859794e-01,-9.763994905467195920e-06,-1.126788063498496140e-01,-3.080157881597589452e-04
2.150000000000000000e+02,2.010685249364763116e-01,5.235341578675504204e-01,-9.019232534778068839e-06,-1.126798462311841276e-01,-2.495715202830631869e-04
2.160000000000000000e+02,2.010679972177416841e-01,5.235341228162185834e-01,-8.412319652981184800e-06,-1.126810294296916454e-01,-2.839676418035295253e-04
2.170000000000000000e+02,2.010680719701722907e-01,5.235340902110159345e-01,-7.825248626459257930e-06,-1.126821179118523281e-01,-2.612357185646288753e-04
2.180000000000000000e+02,2.010677407671500327e-01,5.235340597216965319e-01,-7.317436664529946625e-06,-1.126832508608356237e-01,-2.719077559895907497e-04
2.190000000000000000e+02,2.010676581988396772e-01,5.235340312104537208e-01,-6.842698266543768045e-06,-1.126843394322432773e-01,-2.612571378371431031e-04
2.200000000000000000e+02,2.010673541967757105e-01,5.235340044266727499e-01,-6.428107434202770359e-06,-1.126854594189815317e-01,-2.687968171817298017e-04
2.210000000000000000e+02,2.010672119176401818e-01,5.235339792414640536e-01,-6.044450086252200558e-06,-1.126865546808455132e-01,-2.628628473539042112e-04
2.220000000000000000e+02,2.010669512093022360e-01,5.235339554694790065e-01,-5.705276412065815115e-06,-1.126876648099054551e-01,-2.664309743864541266e-04
2.230000000000000000e+02,2.010668862361379428e-01,5.235339330401893587e-01,-5.383029502599791271e-06,-1.126887249465676893e-01,-2.544327989346683336e-04
2.240000000000000000e+02,2.010723097297534567e-01,5.235342849342630167e-01,8.445457766524022876e-05,-1.126889111482206191e-01,-4.468839670201119594e-05
2.250000000000000000e+02,2.010670729534936307e-01,5.235342389501987936e-01,-1.103617542360373776e-05,-1.126898199723502109e-01,-2.181177911028562774e-04
2.260000000000000000e+02,2.010680160032607133e-01,5.235341970255332766e-01,-1.006191971247878506e-05,-1.126904315006065360e-01,-1.467667815167587213e-04
2.270000000000000000e+02,2.010674223523527537e-01,5.235341584159514117e-01,-9.266299648159892827e-06,-1.126912313140213673e-01,-1.919552195610995271e-04
2.280000000000000000e+02,2.010676199180116419e-01,5.235341230072935170e-01,-8.498077896478427367e-06,-1.126919117899718992e-01,-1.633142281271125935e-04
2.290000000000000000e+02,2.010673237066113450e-01,5.235340903755570929e-01,-7.831616741572764700e-06,-1.126926453492789609e-01,-1.760542336957919714e-04
2.300000000000000000e+02,2.010672720145546821e-01,5.235340603098189716e-01,-7.215777139191789213e-06,-1.126933426593727389e-01,-1.673544225057827580e-04
2.310000000000000000e+02,2.010670308555072006e-01,5.235340325063996270e-01,-6.672820645986441986e-06,-1.126940694547496485e-01,-1.744308904592072875e-04
2.320000000000000000e+02,2.010669756838959210e-01,5.235340067976513856e-01,-6.170099577461087535e-06,-1.126947600637262792e-01,-1.657461543909380310e-04
2.330000000000000000e+02,2.010667008698488745e-01,5.235339829140654988e-01,-5.732060626102198587e-06,-1.126954898460596211e-01,-1.751477600008369306e-04
2.340000000000000000e+02,2.010666916700462048e-01,5.235339607555349328e-01,-5.318047340549280475e-06,-1.126961670515134878e-01,-1.625293089283348332e-04
2.350000000000000000e+02,2.010664212783913884e-01,5.235339400873374460e-01,-4.960367394828915829e-06,-1.126968807156889241e-01,-1.712794021061663278e-04
2.360000000000000000e+02,2.010663626093157352e-01,5.235339208201396088e-01,-4.624127482219847262e-06,-1.126975584499492894e-01,-1.626562224888470438e-04
2.370000000000000000e+02,2.010660977796534798e-01,5.235339027610488305e-01,-4.334181798560908798e-06,-1.126982692421631682e-01,-1.705901313300545294e-04
2.380000000000000000e+02,2.010660870022642210e-01,5.235338858682169194e-01,-4.054279647205069907e-06,-1.126989280975802948e-01,-1.581253001097775862e-04
2.390000000000000000e+02,2.010657881758758925e-01,5.235338699533376161e-01,-3.819571020469736670e-06,-1.126996304519691239e-01,-1.685650533188963050e-04
2.400000000000000000e+02,2.010714546672691394e-01,5.235342285296532561e-01,8.605831576526877221e-05,-1.126993952437216756e-01,5.644997938793145991e-05
2.410000000000000000e+02,2.010660626031602893e-01,5.235341886113364929e-01,-9.580396014063108129e-06,-1.126999003742434891e-01,-1.212313252345421704e-04
2.420000000000000000e+02,2.010670203978310588e-01,5.235341525326665524e-01,-8.658880792723540630e-06,-1.127001160691881165e-01,-5.176678671032724599e-05
2.430000000000000000e+02,2.010664890414840533e-01,5.235341195804831260e-01,-7.908524027492134384e-06,-1.127005147135196617e-01,-9.567463957244013990e-05
2.440000000000000000e+02,2.010667092199842909e-01,5.235340896516981202e-01,-7.182908408566944018e-06,-1.127007985738544549e-01,-6.812648035090426691e-05
2.450000000000000000e+02,2.010664453784224981e-01,5.235340623357578327e-01,-6.555825676606164252e-06,-1.127011398446631923e-01,-8.190499409791918346e-05
2.460000000000000000e+02,2.010663934762863536e-01,5.235340374216783665e-01,-5.979379083089432617e-06,-1.127014585779976541e-01,-7.649600027102444852e-05
2.470000000000000000e+02,2.010662481983001848e-01,5.235340146509570580e-01,-5.464973115956613781e-06,-1.127017878038800713e-01,-7.901421178094870717e-05
2.480000000000000000e+02,2.010661466746754000e-01,5.235339938228656953e-01,-4.998741932386916345e-06,-1.127021108473747063e-01,-7.753043871213915182e-05
2.490000000000000000e+02,2.010660434167271526e-01,5.235339747508919173e-01,-4.577273697658519811e-06,-1.127024279141561613e-01,-7.609602754952423742e-05
2.500000000000000000e+02,2.010659204028825975e-01,5.235339572585210322e-01,-4.198169011499009367e-06,-1.127027456104294639e-01,-7.624710559311525572e-05
2.510000000000000000e+02,2.010658326940000795e-01,5.235339412055212138e-01,-3.852719958700590432e-06,-1.127030510087328047e-01,-7.329559280246916307e-05
2.520000000000000000e+02,2.010656609710553822e-01,5.235339264234801782e-01,-3.547689846271721549e-06,-1.127033734636583850e-01,-7.738918214066545210e-05
2.530000000000000000e+02,2.010655807903965475e-01,5.235339128126701436e-01,-3.266594397162034536e-06,-1.127036800105357534e-01,-7.357125056730551521e-05
2.540000000000000000e+02,2.010654713412322880e-01,5.235339002592204194e-01,-3.012827928083251759e-06,-1.127039810078082765e-01,-7.223934540660881622e-05
2.550000000000000000e+02,2.010653053090002973e-01,5.235338886388029023e-01,-2.788900193291107282e-06,-1.127042958813921636e-01,-7.556966013155738953e-05
2.560000000000000000e+02,2.010652040078138858e-01,5.235338778755770361e-01,-2.583174197511781112e-06,-1.127046014525620865e-01,-7.333708078065156967e-05
2.570000000000000000e+02,2.010650829358242297e-01,5.235338678849046357e-01,-2.397761374857368873e-06,-1.127049045545181205e-01,-7.274446944679440581e-05
2.580000000000000000e+02,2.010649703993362680e-01,5.235338585967523883e-01,-2.229156548667412102e-06,-1.127052020695713391e-01,-7.140361277373360408e-05
2.590000000000000000e+02,2.010648569653548101e-01,5.235338499466890561e-01,-2.076015205131394398e-06,-1.127054942466191312e-01,-7.012249147169500999e-05
2.600000000000000000e+02,2.010646957257684053e-01,5.235338418557814455e-01,-1.941817824938060668e-06,-1.127057973256151702e-01,-7.273895904995233540e-05
2.610000000000000000e+02,2.010645909667828080e-01,5.235338342837047021e-01,-1.817298406881718406e-06,-1.127060915051397716e-01,-7.060308590406355427e-05
2.620000000000000000e+02,2.010644285574378076e-01,5.235338271623946049e-01,-1.709114421225633039e-06,-1.127063964177880823e-01,-7.317903559581570864e-05
2.630000000000000000e+02,2.010642946094926276e-01,5.235338204500061821e-01,-1.610973213683154982e-06,-1.127067018775146645e-01,-7.331033437860243109e-05
2.640000000000000000e+02,2.010642077765792679e-01,5.235338141262633194e-01,-1.517698293823265355e-06,-1.127069918311822821e-01,-6.958888022830581055e-05
2.650000000000000000e+02,2.010640434500639284e-01,5.235338081336631255e-01,-1.438224039642034362e-06,-1.127072926632980421e-01,-7.219970778178893861e-05
2.660000000000000000e+02,2.010638983824827863e-01,5.235338024379281308e-01,-1.366976402246495852e-06,-1.127075973874381853e-01,-7.313379363374158948e-05
2.670000000000000000e+02,2.010638011036530726e-01,5.235337970268497676e-01,-1.298658797203510770e-06,-1.127078897829742604e-01,-7.017492865862185348e-05
2.680000000000000000e+02,2.010636450857621604e-01,5.235337918586056016e-01,-1.240378588957703155e-06,-1.127081896750968676e-01,-7.197410942656783583e-05
2.690000000000000000e+02,2.010636049202706721e-01,5.235337869519917087e-01,-1.177587323384593221e-06,-1.127084582584731570e-01,-6.446001031073528710e-05
2.700000000000000000e+02,2.010633692284020668e-01,5.235337822267368546e-01,-1.134061153434454718e-06,-1.127087611485649427e-01,-7.269362202922138806e-05
2.710000000000000000e+02,2.010633000321440100e-01,5.235337777042233798e-01,-1.085403226110424794e-06,-1.127090421473374710e-01,-6.743970540844488888e-05
2.720000000000000000e+02,2.010631417538590593e-01,5.235337733469496158e-01,-1.045745691309751733e-06,-1.127093311829882455e-01,-6.936855618463459337e-05
2.730000000000000000e+02,2.010630617035528700e-01,5.235337691643785485e-01,-1.003817047125703428e-06,-1.127096022268186115e-01,-6.505051928811832001e-05
2.740000000000000000e+02,2.010628629453236060e-01,5.235337651058805664e-01,-9.740395038155313181e-07,-1.127098946057181472e-01,-7.017093588898074799e-05
2.750000000000000000e+02,2.010628221116223247e-01,5.235337612060525503e-01,-9.359587300466302459e-07,-1.127101560006558700e-01,-6.273478505303297010e-05
2.760000000000000000e+02,2.010668730637985568e-01,5.235339582457970709e-01,4.728953867675073487e-05,-1.127095680432263908e-01,1.411097830739173353e-04
2.770000000000000000e+02,2.010618275210811212e-01,5.235339397678924200e-01,-4.434697113498157952e-06,-1.127100566760855099e-01,-1.172718861885597454e-04
2.780000000000000000e+02,2.010636676936392586e-01,5.235339234442148992e-01,-3.917682610621409639e-06,-1.127099290178673330e-01,3.063797236157199584e-05
2.790000000000000000e+02,2.010624597058035812e-01,5.235339083423337092e-01,-3.624451492574243861e-06,-1.127102026027154008e-01,-6.566036353645539260e-05
2.800000000000000000e+02,2.010630990479876923e-01,5.235338948013729121e-01,-3.249830603287085666e-06,-1.127102196446037596e-01,-4.090053207458915893e-06
2.810000000000000000e+02,2.010624690809463544e-01,5.235338823485896631e-01,-2.988667992675965123e-06,-1.127104190120680888e-01,-4.784819143898717375e-05
2.820000000000000000e+02,2.010627275004973624e-01,5.235338711003763024e-01,-2.699571209238959447e-06,-1.127104903411170339e-01,-1.711897174703301398e-05
2.830000000000000000e+02,2.010624140009701355e-01,5.235338608051266496e-01,-2.470859924732486379e-06,-1.127106322294352397e-01,-3.405319636936322825e-05
2.840000000000000000e+02,2.010624137922273902e-01,5.235338514413609978e-01,-2.247303750397671709e-06,-1.127107353442963478e-01,-2.474756666524802196e-05
2.850000000000000000e+02,2.010622600414169181e-01,5.235338428858150595e-01,-2.053331037946212598e-06,-1.127108528497094281e-01,-2.820129913833572461e-05
2.860000000000000000e+02,2.010621347923373103e-01,5.235338350580067690e-01,-1.878673991667955887e-06,-1.127109743477804071e-01,-2.915953703600664430e-05
2.870000000000000000e+02,2.010620186458431380e-01,5.235338278865152573e-01,-1.721157958562353742e-06,-1.127110963869968757e-01,-2.928941195364784716e-05
2.880000000000000000e+02,2.010619020134513935e-01,5.235338213059596013e-01,-1.579333351711196630e-06,-1.127112188999005171e-01,-2.940309687242507612e-05
2.890000000000000000e+02,2.010617754841350358e-01,5.235338152533544065e-01,-1.452625238247990219e-06,-1.127113450264917438e-01,-3.027038189405270713e-05
2.900000000000000000e+02,2.010616960588698376e-01,5.235338096938932928e-01,-1.334270671303422549e-06,-1.127114585468171198e-01,-2.724487808999982949e-05
2.910000000000000000e+02,2.010615491180584857e-01,5.235338045612591973e-01,-1.231832180761613757e-06,-1.127115824881017164e-01,-2.974590830179890075e-05
2.920000000000000000e+02,2.010614973180782916e-01,5.235337998451635722e-01,-1.131862942169572135e-06,-1.127116842817713210e-01,-2.443048070539694411e-05
2.930000000000000000e+02,2.010613203221034984e-01,5.235337954706767993e-01,-1.049876832699471468e-06,-1.127118066567254495e-01,-2.936998899134162405e-05
2.940000000000000000e+02,2.010612394029565042e-01,5.235337914267873538e-01,-9.705334581710096983e-07,-1.127119165203628454e-01,-2.636727297572419524e-05
2.950000000000000000e+02,2.010611288295467425e-01,5.235337876796838374e-01,-8.993048445344883858e-07,-1.127120241045589666e-01,-2.582020707006727660e-05
2.960000000000000000e+02,2.010609606691563245e-01,5.235337841772952361e-01,-8.405732572753412131e-07,-1.127121487104578157e-01,-2.990541572236323067e-05
2.970000000000000000e+02,2.010609364539674981e-01,5.235337809420447241e-01,-7.764601265510767632e-07,-1.127122414364672282e-01,-2.225424225954859400e-05
2.980000000000000000e+02,2.010607284879888657e-01,5.235337778977593448e-01,-7.306284848582066137e-07,-1.127123647274593798e-01,-2.958983811676268858e-05
2.990000000000000000e+02,2.010606657171654654e-01,5.235337750599817763e-01,-6.810666079721440781e-07,-1.127124689797540102e-01,-2.502055071258043497e-05
3.000000000000000000e+02,2.010605057760046777e-01,5.235337723841391178e-01,-6.422022282223694442e-07,-1.127125871728141271e-01,-2.836633442844209164e-05
3.010000000000000000e+02,2.010604232262925839e-01,5.235337698747052348e-01,-6.022641223101357318e-07,-1.127126929706799285e-01,-2.539148779241471123e-05
3.020000000000000000e+02,2.010603013067016054e-01,5.235337675098685750e-01,-5.675608022742878821e-07,-1.127127998090381444e-01,-2.564120597211848497e-05
3.030000000000000000e+02,2.010601696890668422e-01,5.235337652702652944e-01,-5.375047877307460599e-07,-1.127129108250800593e-01,-2.664385005938569749e-05
3.040000000000000000e+02,2.010600574206594382e-01,5.235337631480107001e-01,-5.093411092128085374e-07,-1.127130193936792396e-01,-2.605646380291174550e-05
3.050000000000000000e+02,2.010599159668243763e-01,5.235337611213163322e-01,-4.864066445906438842e-07,-1.127131352353669680e-01,-2.780200505505331244e-05
3.060000000000000000e+02,2.010597941301080771e-01,5.235337591824442693e-01,-4.653293038173991931e-07,-1.127132515655897421e-01,-2.791925346603193404e-05
3.070000000000000000e+02,2.010596914876565111e-01,5.235337573305306469e-01,-4.444592798544045453e-07,-1.127133619535831133e-01,-2.649311840775264980e-05
3.080000000000000000e+02,2.010595883170520071e-01,5.235337555623280625e-01,-4.243686311058177528e-07,-1.127134667036010229e-01,-2.514000429832089503e-05
3.090000000000000000e+02,2.010594072955632639e-01,5.235337538415980596e-01,-4.129751880719873160e-07,-1.127135917045060665e-01,-3.000021721179468398e-05
3.100000000000000000e+02,2.010594017429129521e-01,5.235337522197478499e-01,-3.892440446945265333e-07,-1.127136782982456481e-01,-2.078249749815268160e-05
3.110000000000000000e+02,2.010591803295360414e-01,5.235337506307293776e-01,-3.813644358387228816e-07,-1.127137988797839857e-01,-2.893956920207265738e-05
3.120000000000000000e+02,2.010591163052932173e-01,5.235337491067685312e-01,-3.657506124424600472e-07,-1.127139004766174457e-01,-2.438324002990459308e-05
3.130000000000000000e+02,2.010589634921261804e-01,5.235337476213594021e-01,-3.564981795077972656e-07,-1.127140128738291086e-01,-2.697533079813826967e-05
3.140000000000000000e+02,2.010589085065739023e-01,5.235337462022627841e-01,-3.405831829725158474e-07,-1.127141035063243119e-01,-2.175179884796556631e-05
3.150000000000000000e+02,2.010587254606052421e-01,5.235337448088329682e-01,-3.344231471017938058e-07,-1.127142151040179674e-01,-2.678344647739935402e-05
3.160000000000000000e+02,2.010586703604698156e-01,5.235337434733411399e-01,-3.205180389737920538e-07,-1.127143049731250957e-01,-2.156858571008149017e-05
3.170000000000000000e+02,2.010584674493113289e-01,5.235337421476775610e-01,-3.181592532181946565e-07,-1.127144222422441916e-01,-2.814458858161190575e-05
3.180000000000000000e+02,2.010583932109412664e-01,5.235337408598853548e-01,-3.090701426025050039e-07,-1.127145238834243307e-01,-2.439388323375313170e-05
3.190000000000000000e+02,2.010582884866217446e-01,5.235337396079026151e-01,-3.004758583776176222e-07,-1.127146203083690401e-01,-2.314198673054577597e-05
3.200000000000000000e+02,2.010581148709850163e-01,5.235337383639773190e-01,-2.985420617414560975e-07,-1.127147341868100922e-01,-2.733082585159022271e-05
3.210000000000000000e+02,2.010580500644546520e-01,5.235337371570243370e-01,-2.896687054090331498e-07,-1.127148294089638098e-01,-2.285331689078151185e-05
3.220000000000000000e+02,2.010597648277792637e-01,5.235337409375003803e-01,9.073142463686177138e-07,-1.127143352622384104e-01,1.185952140952154182e-04
3.230000000000000000e+02,2.010567586861916056e-01,5.235337403893036701e-01,-1.315672007471684646e-07,-1.127147820724588023e-01,-1.072344528941814777e-04
3.240000000000000000e+02,2.010586080666965092e-01,5.235337402832030973e-01,-2.546413037604992913e-08,-1.127145944654818766e-01,4.502567446075979448e-05
3.250000000000000000e+02,2.010572346430656021e-01,5.235337398158798061e-01,-1.121575843315278921e-07,-1.127148358456074861e-01,-5.793123014679373099e-05
3.260000000000000000e+02,2.010579880383025764e-01,5.235337395367938296e-01,-6.698063119498005686e-08,-1.127147862818341090e-01,1.189530561168449196e-05
3.270000000000000000e+02,2.010572918413028320e-01,5.235337390821680481e-01,-1.091101848466437568e-07,-1.127149313182899820e-01,-3.480874941104839090e-05
3.280000000000000000e+02,2.010575783443483977e-01,5.235337387070929660e-01,-9.001802688832402414e-08,-1.127149408275288922e-01,-2.282217337206394439e-06
3.290000000000000000e+02,2.010572046522218770e-01,5.235337382490385938e-01,-1.099330404171252613e-07,-1.127150362648897536e-01,-2.290496660596302221e-05
3.300000000000000000e+02,2.010572254265288183e-01,5.235337378040260115e-01,-1.068030104074115220e-07,-1.127150851590477398e-01,-1.173459791638196010e-05
3.310000000000000000e+02,2.010570290342598987e-01,5.235337373218200696e-01,-1.157294300468010336e-07,-1.127151603338124169e-01,-1.804194352177873479e-05
3.320000000000000000e+02,2.010569414541266975e-01,5.235337368278614179e-01,-1.185500712486293616e-07,-1.127152252224064011e-01,-1.557326255731148880e-05
3.330000000000000000e+02,2.010568530905230133e-01,5.235337363325742732e-01,-1.188689121707671781e-07,-1.127152803612164467e-01,-1.323331441032281312e-05
3.340000000000000000e+02,2.010567055878697829e-01,5.235337358200905511e-01,-1.229961057978032158e-07,-1.127153454582661141e-01,-1.562329192074359615e-05
3.350000000000000000e+02,2.010565977363013845e-01,5.235337352996627391e-01,-1.249026790330138143e-07,-1.127154071958476472e-01,-1.481701956915588023e-05
3.360000000000000000e+02,2.010564896056937778e-01,5.235337347751013448e-01,-1.258947329929027781e-07,-1.127154657493906337e-01,-1.405285031817443219e-05
3.370000000000000000e+02,2.010563422045779369e-01,5.235337342331630728e-01,-1.300651823666247832e-07,-1.127155340850898441e-01,-1.640056781210831843e-05
3.380000000000000000e+02,2.010562735413982394e-01,5.235337336997959445e-01,-1.280081006082844383e-07,-1.127155860942892357e-01,-1.248220785504123686e-05
3.390000000000000000e+02,2.010561353094623416e-01,5.235337331599452249e-01,-1.295641656072703695e-07,-1.127156450269557325e-01,-1.414383995988694324e-05
3.400000000000000000e+02,2.010559975514402686e-01,5.235337326080178322e-01,-1.324625757408391626e-07,-1.127157105229149719e-01,-1.571903021668630008e-05
3.410000000000000000e+02,2.010559286545758606e-01,5.235337320682063034e-01,-1.295547585309813899e-07,-1.127157598408588535e-01,-1.183630653141007379e-05
3.420000000000000000e+02,2.010557509617735550e-01,5.235337315084527265e-01,-1.343408712220392649e-07,-1.127158290229382520e-01,-1.660369905547022485e-05
3.430000000000000000e+02,2.010556627664218388e-01,5.235337309500102121e-01,-1.340262145171701212e-07,-1.127158882355670938e-01,-1.421103092220217672e-05
3.440000000000000000e+02,2.010567442677748395e-01,5.235337335671677028e-01,6.281177916368955307e-07,-1.127155620402149339e-01,7.828688451988988380e-05
3.450000000000000000e+02,2.010547639368655826e-01,5.235337334042091673e-01,-3.911004985853343441e-08,-1.127158423441617652e-01,-6.727294723962029413e-05
3.460000000000000000e+02,2.010559085497086174e-01,5.235337335097147715e-01,2.532135230289124475e-08,-1.127157176723211918e-01,2.992124173820210156e-05
3.470000000000000000e+02,2.010550319218349646e-01,5.235337333910246027e-01,-2.848562798374231263e-08,-1.127158522934337964e-01,-3.230906702348943161e-05
3.480000000000000000e+02,2.010553794609667710e-01,5.235337333528782278e-01,-9.155127801886765192e-09,-1.127158327103482821e-01,4.699940523192656190e-06
3.490000000000000000e+02,2.010549936703857898e-01,5.235337332205175498e-01,-3.176656089632176918e-08,-1.127159037505580524e-01,-1.704965034456602032e-05
3.500000000000000000e+02,2.010550418618280988e-01,5.235337331033563801e-01,-2.811868774510694287e-08,-1.127159198985913796e-01,-3.875527998592773687e-06
3.510000000000000000e+02,2.010548328737950807e-01,5.235337329419422758e-01,-3.873939590358406025e-08,-1.127159672130173679e-01,-1.135546223753391290e-05
3.520000000000000000e+02,2.010547332066618675e-01,5.235337327580139588e-01,-4.414278780555111857e-08,-1.127160088730275317e-01,-9.998402438233089504e-06
3.530000000000000000e+02,2.010546233609683819e-01,5.235337325547592124e-01,-4.878114241463352409e-08,-1.127160483744696073e-01,-9.480346099548138880e-06
3.540000000000000000e+02,2.010545230781852211e-01,5.235337323401623166e-01,-5.150325867664752276e-08,-1.127160826308807595e-01,-8.221538675109726107e-06
3.550000000000000000e+02,2.010543931631471604e-01,5.235337321076782846e-01,-5.579618015037681302e-08,-1.127161215161880531e-01,-9.332473751487646373e-06
3.560000000000000000e+02,2.010542830735693454e-01,5.235337318631670955e-01,-5.868267871937926541e-08,-1.127161583903323328e-01,-8.849794628453208316e-06
3.570000000000000000e+02,2.010541923127126818e-01,5.235337316178885203e-01,-5.886685046472701422e-08,-1.127161869587057913e-01,-6.856409628536152265e-06
3.580000000000000000e+02,2.010540326496521868e-01,5.235337313504888623e-01,-6.417590700832901910e-08,-1.127162300541303258e-01,-1.034290188884522260e-05
3.590000000000000000e+02,2.010539033282773835e-01,5.235337310624639251e-01,-6.912597852335097235e-08,-1.127162773212900537e-01,-1.134411833547952278e-05
3.600000000000000000e+02,2.010538328687596632e-01,5.235337307768752613e-01,-6.854126653176798925e-08,-1.127163093439680630e-01,-7.685442723791480511e-06
3.610000000000000000e+02,2.010536928940734880e-01,5.235337304783004297e-01,-7.165796045895964681e-08,-1.127163493161497804e-01,-9.593323613286476828e-06
3.620000000000000000e+02,2.010535925705000115e-01,5.235337301773844709e-01,-7.221984325761677966e-08,-1.127163840244868598e-01,-8.330000899591111105e-06
3.630000000000000000e+02,2.010534625176569334e-01,5.235337298667092076e-01,-7.456205840826871742e-08,-1.127164233433477075e-01,-9.436526603865901699e-06
3.640000000000000000e+02,2.010533816626355053e-01,5.235337295637371158e-01,-7.271331404834907558e-08,-1.127164510330465608e-01,-6.645527724821064961e-06
3.650000000000000000e+02,2.010532216912339076e-01,5.235337292451396340e-01,-7.646340119062591617e-08,-1.127164932990067925e-01,-1.014383045396805491e-05
3.660000000000000000e+02,2.010531508291910907e-01,5.235337289365046276e-01,-7.407240084552273873e-08,-1.127165205827667105e-01,-6.548102379238362997e-06
3.670000000000000000e+02,2.010530201075996504e-01,5.235337286255590250e-01,-7.462693885489727485e-08,-1.127165528641700248e-01,-7.747536794503679037e-06
3.680000000000000000e+02,2.010535559516210824e-01,5.235337300530027438e-01,3.425864967749957537e-07,-1.127163757305540276e-01,4.251206783788345203e-05
3.690000000000000000e+02,2.010524299947610838e-01,5.235337299612566886e-01,-2.201904458987364616e-08,-1.127165270237826256e-01,-3.631037486319794701e-05
3.700000000000000000e+02,2.010530093108178762e-01,5.235337300195492816e-01,1.399022519646342952e-08,-1.127164560501036222e-01,1.703368296172291931e-05
3.710000000000000000e+02,2.010524397668120855e-01,5.235337299420118606e-01,-1.860898335172076255e-08,-1.127165391728514182e-01,-1.994945947258181985e-05
3.720000000000000000e+02,2.010526660617384664e-01,5.235337299377375020e-01,-1.025834959198107676e-09,-1.127165091708090539e-01,7.200490166572812845e-06
3.730000000000000000e+02,2.010523268172233757e-01,5.235337298659238359e-01,-1.723527608768990687e-08,-1.127165543323588315e-01,-1.083877194809831573e-05
3.740000000000000000e+02,2.010523146649003112e-01,5.235337298018450936e-01,-1.537890127166633588e-08,-1.127165651459861029e-01,-2.595270544396681027e-06
3.750000000000000000e+02,2.010521437774021869e-01,5.235337297095868925e-01,-2.214197516309570032e-08,-1.127165946004979047e-01,-7.069082831308225000e-06
3.760000000000000000e+02,2.010521400572127804e-01,5.235337296453562717e-01,-1.541534131657386125e-08,-1.127165873262387652e-01,1.745822192907186166e-06
3.770000000000000000e+02,2.010518701911246375e-01,5.235337295279500758e-01,-2.817748410682904291e-08,-1.127166316351734948e-01,-1.063414433494359095e-05
3.780000000000000000e+02,2.010518481699018756e-01,5.235337294194227775e-01,-2.604655226863915715e-08,-1.127166448433142010e-01,-3.169953769063520318e-06
3.790000000000000000e+02,2.010517066508765716e-01,5.235337292973436529e-01,-2.929899852819389964e-08,-1.127166669701909485e-01,-5.310450420286001049e-06
3.800000000000000000e+02,2.010516048480969764e-01,5.235337291715408403e-01,-3.019266651860515049e-08,-1.127166847520133797e-01,-4.267637384462554208e-06
3.810000000000000000e+02,2.010514734194817354e-01,5.235337290339057148e-01,-3.303241848491416154e-08,-1.127167080153840539e-01,-5.583208963298458599e-06
3.820000000000000000e+02,2.010513619316494360e-01,5.235337288889320151e-01,-3.479369205933326316e-08,-1.127167300754770562e-01,-5.294422319798035313e-06
3.830000000000000000e+02,2.010512503425939401e-01,5.235337287384287386e-01,-3.612078331141115017e-08,-1.127167509953958952e-01,-5.020780522975558899e-06
3.840000000000000000e+02,2.010511386566254943e-01,5.235337285839692933e-01,-3.707025709114178368e-08,-1.127167708348495584e-01,-4.761468879831131111e-06
3.850000000000000000e+02,2.010510073382006102e-01,5.235337284186583062e-01,-3.967465006258771166e-08,-1.127167960504082272e-01,-6.051734081075527679e-06
3.860000000000000000e+02,2.010508959682667796e-01,5.235337282469872955e-01,-4.120105131146077693e-08,-1.127168199626785439e-01,-5.738944877467874179e-06
3.870000000000000000e+02,2.010508333505761358e-01,5.235337280914075242e-01,-3.733913909384325901e-08,-1.127168266397517438e-01,-1.602497566656506618e-06
3.880000000000000000e+02,2.010506814216166949e-01,5.235337279286793599e-01,-3.905476102925195980e-08,-1.127168457785343719e-01,-4.593307831551763887e-06
3.890000000000000000e+02,2.010505597730250504e-01,5.235337277606778583e-01,-4.032036733608544918e-08,-1.127168671303737379e-01,-5.124441449054733067e-06
3.900000000000000000e+02,2.010504676189138196e-01,5.235337275983209526e-01,-3.896564947316852286e-08,-1.127168809802361060e-01,-3.323966969730997687e-06
3.910000000000000000e+02,2.010503161940733197e-01,5.235337274230270621e-01,-4.207053701619469553e-08,-1.127169069186674533e-01,-6.225223524388534350e-06
3.920000000000000000e+02,2.010502635079293721e-01,5.235337272664880581e-01,-3.756937186173567195e-08,-1.127169123165670528e-01,-1.295495903009549226e-06
3.930000000000000000e+02,2.010502388466512969e-01,5.235337274463922608e-01,4.317701629647340513e-08,-1.127168892902142006e-01,5.526324685094464930e-06
3.940000000000000000e+02,2.010499175336511180e-01,5.235337273223653609e-01,-2.976646646530921785e-08,-1.127169333285209379e-01,-1.056919361661487063e-05
3.950000000000000000e+02,2.010499304215811744e-01,5.235337272206042059e-01,-2.442266412551907794e-08,-1.127169366821723084e-01,-8.048763282571365569e-07
3.960000000000000000e+02,2.010497110778505236e-01,5.235337270804821808e-01,-3.362927621919010211e-08,-1.127169750680541982e-01,-9.212611654002223280e-06
3.970000000000000000e+02,2.010496792542122158e-01,5.235337269526949555e-01,-3.066893789605081469e-08,-1.127169858631034555e-01,-2.590811822187415081e-06
3.980000000000000000e+02,2.010495667508574169e-01,5.235337268278239531e-01,-2.996903993630841771e-08,-1.127169961036399159e-01,-2.457728750776273605e-06
3.990000000000000000e+02,2.010511317471776749e-01,5.235337313658211533e-01,1.089119319766186159e-06,-1.127164673439694093e-01,1.269023209228643183e-04
4.000000000000000000e+02,2.010484101745316776e-01,5.235337318326874767e-01,1.120479272604086843e-07,-1.127167872336595073e-01,-7.677352562328136881e-05
4.010000000000000000e+02,2.010499914245620912e-01,5.235337326481179776e-01,1.957033273483492716e-07,-1.127165624545697076e-01,5.394698155093909412e-05
4.020000000000000000e+02,2.010488088058051681e-01,5.235337331272539307e-01,1.149926274917200426e-07,-1.127167045423179553e-01,-3.410105958090779130e-05
4.030000000000000000e+02,2.010494163898434439e-01,5.235337337326320117e-01,1.452907523341424548e-07,-1.127166056008320066e-01,2.374595662621777233e-05
4.040000000000000000e+02,2.010489109508742100e-01,5.235337342020739415e-01,1.126660735612677325e-07,-1.127166397774819612e-01,-8.202395987997902613e-06
4.050000000000000000e+02,2.010490228072107921e-01,5.235337346893159660e-01,1.169380733518786205e-07,-1.127165985455242797e-01,9.895669844483983885e-06
4.060000000000000000e+02,2.010487137153377513e-01,5.235337350829142311e-01,9.446357987106830073e-08,-1.127166234323702387e-01,-5.972843031239158631e-06
4.070000000000000000e+02,2.010487956451340874e-01,5.235337354977822599e-01,9.956831931873614329e-08,-1.127165829989527357e-01,9.704020200294837109e-06
4.080000000000000000e+02,2.010485059414253428e-01,5.235337358337018854e-01,8.062070932412633663e-08,-1.127166022469953399e-01,-4.619530223662943500e-06
4.090000000000000000e+02,2.010485584945986559e-01,5.235337361892820063e-01,8.533923095818089638e-08,-1.127165660719767759e-01,8.682004456164096664e-06
4.100000000000000000e+02,2.010483174343754842e-01,5.235337364885903622e-01,7.183400236037906178e-08,-1.127165733600305336e-01,-1.749132901799313369e-06
4.110000000000000000e+02,2.010483015631371051e-01,5.235337367930399388e-01,7.306789340397165012e-08,-1.127165482502964361e-01,6.026336183671148118e-06
4.120000000000000000e+02,2.010481385655825681e-01,5.235337370693479153e-01,6.631392205776080692e-08,-1.127165404301723461e-01,1.876829782071915858e-06
4.130000000000000000e+02,2.010480347725587813e-01,5.235337373295072538e-01,6.243824250956240561e-08,-1.127165298007369032e-01,2.551064506365891355e-06
4.140000000000000000e+02,2.010479211401481614e-01,5.235337375735145127e-01,5.856173533059771052e-08,-1.127165197092925564e-01,2.421946644608578622e-06
4.150000000000000000e+02,2.010478075669245301e-01,5.235337378024822463e-01,5.495225494374062739e-08,-1.127165101287883470e-01,2.299321010038971492e-06
4.160000000000000000e+02,2.010477422287972604e-01,5.235337380380864492e-01,5.654501192723864390e-08,-1.127164850333497864e-01,6.022905253760216163e-06
4.170000000000000000e+02,2.010475697163467135e-01,5.235337382482135871e-01,5.043050917625413852e-08,-1.127164804309293278e-01,1.104580911639834584e-06
4.180000000000000000e+02,2.010474951525283716e-01,5.235337384582277043e-01,5.040339716465553094e-08,-1.127164632554868984e-01,4.122106183600159240e-06
4.190000000000000000e+02,2.010473618275637753e-01,5.235337386546826677e-01,4.714918519676654471e-08,-1.127164533620045178e-01,2.374435770598973876e-06
4.200000000000000000e+02,2.010472483452734327e-01,5.235337388406215986e-01,4.462534676794133383e-08,-1.127164439719981759e-01,2.253601522318464614e-06
4.210000000000000000e+02,2.010471156503995382e-01,5.235337390083714126e-01,4.025994340917802187e-08,-1.127164414599434866e-01,6.028931258325594051e-07
4.220000000000000000e+02,2.010470509172235798e-01,5.235337391824458342e-01,4.177785900450812441e-08,-1.127164230685075430e-01,4.413944624814998461e-06
4.230000000000000000e+02,2.010468982982184516e-01,5.235337393393498795e-01,3.765698155787007516e-08,-1.127164184245748463e-01,1.114543846630246830e-06
4.240000000000000000e+02,2.010467948990557197e-01,5.235337394890514640e-01,3.592837301237852523e-08,-1.127164108130662284e-01,1.826762068943864554e-06
4.250000000000000000e+02,2.010466912805024819e-01,5.235337396349347694e-01,3.501199841462757965e-08,-1.127164003889576938e-01,2.501786047481039981e-06
4.260000000000000000e+02,2.010465874532845476e-01,5.235337397799100234e-01,3.479405911543418212e-08,-1.127163872989519200e-01,3.141601385714092359e-06
4.270000000000000000e+02,2.010464545511786716e-01,5.235337399140780335e-01,3.220033146611736054e-08,-1.127163812820370231e-01,1.444059576408804119e-06
4.280000000000000000e+02,2.010463414563234963e-01,5.235337400403980990e-01,3.031681233829457542e-08,-1.127163755704418124e-01,1.370782850319232436e-06
4.290000000000000000e+02,2.010462187677743151e-01,5.235337401552413450e-01,2.756239057687717945e-08,-1.127163733487686892e-01,5.332015489459481186e-07
4.300000000000000000e+02,2.010461444812487453e-01,5.235337402772491933e-01,2.928187988492882236e-08,-1.127163584357907533e-01,3.579114705868595911e-06
4.310000000000000000e+02,2.010460018558770379e-01,5.235337403882324159e-01,2.663597876332373902e-08,-1.127163538922476699e-01,1.090450341310202676e-06
4.320000000000000000e+02,2.010458696578178994e-01,5.235337404840737507e-01,2.300192307679921840e-08,-1.127163559787479341e-01,-5.007600625342066386e-07
4.330000000000000000e+02,2.010458053439998782e-01,5.235337405892089846e-01,2.523245065003661708e-08,-1.127163419506867353e-01,3.366734688715050323e-06
4.340000000000000000e+02,2.010456628134753565e-01,5.235337406841911179e-01,2.279570109497381580e-08,-1.127163382469854175e-01,8.888883163984744143e-07
4.350000000000000000e+02,2.010455884344920507e-01,5.235337407896359929e-01,2.530677668164757819e-08,-1.127163219303485286e-01,3.915992851783329162e-06
4.360000000000000000e+02,2.010454553679073275e-01,5.235337408910877288e-01,2.434841369047555315e-08,-1.127163128572038764e-01,2.177554716917820095e-06
4.370000000000000000e+02,2.010453421049906708e-01,5.235337409906782868e-01,2.390173426832013817e-08,-1.127163042504984170e-01,2.065609309631594313e-06
4.380000000000000000e+02,2.010452288847549562e-01,5.235337410881717446e-01,2.339841939830323766e-08,-1.127162960860523533e-01,1.959467053819141700e-06
4.390000000000000000e+02,2.010451637824640925e-01,5.235337412040261817e-01,2.780506002821947415e-08,-1.127162723407931499e-01,5.698862208142690218e-06
4.400000000000000000e+02,2.010449532486827395e-01,5.235337412885088249e-01,2.027583897116748222e-08,-1.127162818255356691e-01,-2.276338203243951742e-06
4.410000000000000000e+02,2.010449568184685953e-01,5.235337414056553396e-01,2.811516036009941996e-08,-1.127162524108791808e-01,7.059517557783737536e-06
4.420000000000000000e+02,2.010447074183040472e-01,5.235337414798881817e-01,1.781587006075413341e-08,-1.127162693215299910e-01,-4.058556195289303265e-06
4.430000000000000000e+02,2.010447404010643202e-01,5.235337415935009675e-01,2.726707820386350622e-08,-1.127162373465701029e-01,7.673990374304300553e-06
4.440000000000000000e+02,2.010445293081777884e-01,5.235337416833741875e-01,2.156956157697900418e-08,-1.127162390303310668e-01,-4.041026310457990586e-07
4.450000000000000000e+02,2.010444649843787235e-01,5.235337417834939888e-01,2.402874941391369323e-08,-1.127162246208613244e-01,3.458272737821508972e-06
4.460000000000000000e+02,2.010442936999159713e-01,5.235337418619105954e-01,1.881998257394110436e-08,-1.127162301560140911e-01,-1.328436662798434079e-06
4.470000000000000000e+02,2.010442777241184253e-01,5.235337419688875782e-01,2.567448590237998376e-08,-1.127162033978832967e-01,6.421951391280845685e-06
4.480000000000000000e+02,2.010440959168230957e-01,5.235337420604729841e-01,2.198049654853767462e-08,-1.127162004270894496e-01,7.129905237301494136e-07
4.490000000000000000e+02,2.010440504463933131e-01,5.235337421745864805e-01,2.738725103140850076e-08,-1.127161752052950189e-01,6.053230664922519015e-06
4.500000000000000000e+02,2.010438880015924801e-01,5.235337422794790196e-01,2.517420296816410735e-08,-1.127161672903348455e-01,1.899590442662345295e-06
4.510000000000000000e+02,2.010437941273267026e-01,5.235337423893868802e-01,2.637788706722700993e-08,-1.127161533812254812e-01,3.338186247586977157e-06
4.520000000000000000e+02,2.010436709878264394e-01,5.235337424968222741e-01,2.578448406714547953e-08,-1.127161433899288578e-01,2.397911189367630704e-06
4.530000000000000000e+02,2.010435769627695879e-01,5.235337426108911396e-01,2.737654047200472895e-08,-1.127161275124619194e-01,3.810592064299407513e-06
4.540000000000000000e+02,2.010434440883601126e-01,5.235337427197187532e-01,2.611862208663602449e-08,-1.127161188550997312e-01,2.077766924217549522e-06
4.550000000000000000e+02,2.010433501761088870e-01,5.235337428338411314e-01,2.738936621724370041e-08,-1.127161042420154746e-01,3.507140222658628952e-06
4.560000000000000000e+02,2.010431982177733334e-01,5.235337429333187798e-01,2.387462667363169114e-08,-1.127161031832529942e-01,2.541029946428093733e-07
4.570000000000000000e+02,2.010431336954639769e-01,5.235337430445629048e-01,2.669858407912508592e-08,-1.127160861735095332e-01,4.082338429614724240e-06
4.580000000000000000e+02,2.010429623776626151e-01,5.235337431353452864e-01,2.178777763969768290e-08,-1.127160892431394307e-01,-7.367111745417251700e-07
4.590000000000000000e+02,2.010428981819128991e-01,5.235337432350365416e-01,2.392589330219489335e-08,-1.127160761473109674e-01,3.142998830905339318e-06
4.600000000000000000e+02,2.010427655730272767e-01,5.235337433284033004e-01,2.240802158437964851e-08,-1.127160701275858323e-01,1.444734031179240859e-06
4.610000000000000000e+02,2.010426910836262404e-01,5.235337434344781160e-01,2.545794533014127319e-08,-1.127160516156347075e-01,4.442868270580572208e-06
4.620000000000000000e+02,2.010425388901271315e-01,5.235337435302146458e-01,2.297675519932638639e-08,-1.127160468615313049e-01,1.140984817712768108e-06
4.630000000000000000e+02,2.010424261317279304e-01,5.235337436207659900e-01,2.173231721973199731e-08,-1.127160423492824665e-01,1.082939722376378592e-06
4.640000000000000000e+02,2.010422942085713927e-01,5.235337436981674086e-01,1.857635008302817071e-08,-1.127160444666698152e-01,-5.081729630299738806e-07
4.650000000000000000e+02,2.010422395463460354e-01,5.235337437907879865e-01,2.222893985469586289e-08,-1.127160272689568393e-01,4.127451113906501315e-06
4.660000000000000000e+02,2.010420778941076347e-01,5.235337438690873535e-01,1.879184867078214793e-08,-1.127160269614872895e-01,7.379269130178502296e-08
4.670000000000000000e+02,2.010419942753080003e-01,5.235337439523111147e-01,1.997370174284322749e-08,-1.127160170652448251e-01,2.375098190588464207e-06
4.680000000000000000e+02,2.010418523781826172e-01,5.235337440238277962e-01,1.716399385829140656e-08,-1.127160172794968995e-01,-5.142049761072618302e-08
4.690000000000000000e+02,2.010417879861337298e-01,5.235337441087293264e-01,2.037635992300399593e-08,-1.127160014781451725e-01,3.792324415828841473e-06
4.700000000000000000e+02,2.010416360649546486e-01,5.235337441829452931e-01,1.781183075673286548e-08,-1.127159992947459888e-01,5.240158033935724018e-07
4.710000000000000000e+02,2.010415714888491578e-01,5.235337442724381507e-01,2.147829608476096630e-08,-1.127159812204458489e-01,4.337832032499729473e-06
4.720000000000000000e+02,2.010414290012438876e-01,5.235337443569680893e-01,2.028717224870774314e-08,-1.127159736821603114e-01,1.809188528863917990e-06
4.730000000000000000e+02,2.010413256715571917e-01,5.235337444440577581e-01,2.090150868476337750e-08,-1.127159633313606080e-01,2.484191930409302439e-06
4.740000000000000000e+02,2.010412125461967792e-01,5.235337445318567484e-01,2.107175776275703060e-08,-1.127159535143964081e-01,2.356071409485468175e-06
4.750000000000000000e+02,2.010410994673702822e-01,5.235337446198142786e-01,2.110980805595706786e-08,-1.127159442034242620e-01,2.234633314186316435e-06
4.760000000000000000e+02,2.010409576790879727e-01,5.235337446950696361e-01,1.806128528896531337e-08,-1.127159449721837486e-01,-1.845022782857233732e-07
4.770000000000000000e+02,2.010408933378606544e-01,5.235337447828408708e-01,2.106509856788976053e-08,-1.127159296962380736e-01,3.666226962101108965e-06
4.780000000000000000e+02,2.010407511123992463e-01,5.235337448632995105e-01,1.931008026266258551e-08,-1.127159248106777978e-01,1.172534466072021603e-06
4.790000000000000000e+02,2.010406671763934061e-01,5.235337449525914177e-01,2.143005985598227346e-08,-1.127159105746321222e-01,3.416650961716799227e-06
4.800000000000000000e+02,2.010404962984208566e-01,5.235337450210946209e-01,1.644076260691553619e-08,-1.127159162748251897e-01,-1.368046336675135890e-06
