# Time, SliderHeight, Motor1Pos, Motor1Vel, Motor2Pos, Motor2Vel
0.000000000000000000e+00,2.600000000000000089e-01,0.000000000000000000e+00,0.000000000000000000e+00,0.000000000000000000e+00,0.000000000000000000e+00
1.000000000000000000e+00,2.065080715127618205e-01,3.019636869430542339e-03,7.247128486633301891e-01,-2.170159105833814866e-03,-5.208381854001156164e-01
2.000000000000000000e+00,2.521430283530025629e-01,6.403654217720032918e-03,8.121641635894776279e-01,-4.552649265586041633e-03,-5.717976383405345420e-01
3.000000000000000000e+00,2.582833859487721484e-01,9.838726580142977823e-03,8.244173669815065830e-01,-7.003770786950478180e-03,-5.882691651274647437e-01
4.000000000000000000e+00,2.575453009770004575e-01,1.331545692086220055e-02,8.344152817726133708e-01,-9.496448938867406778e-03,-5.982427564600627523e-01
5.000000000000000000e+00,2.565862399328225907e-01,1.682415409147739599e-02,8.420873209476469334e-01,-1.199540590787884914e-02,-5.997496725627461389e-01
6.000000000000000000e+00,2.557969504056668564e-01,2.035538676315546205e-02,8.474958412027359111e-01,-1.451951794101593793e-02,-6.057868879529014761e-01
7.000000000000000000e+00,2.529790192514003166e-01,2.397609641790986179e-02,8.689703171410562144e-01,-1.710015058167430047e-02,-6.193518337580073974e-01
8.000000000000000000e+00,2.513040007666912379e-01,2.769636116004526791e-02,8.928635381124975234e-01,-1.975435998559496240e-02,-6.370102569409588078e-01
9.000000000000000000e+00,2.512369681581796965e-01,3.144273461320883090e-02,8.991296287592552838e-01,-2.243691366641333701e-02,-6.438128833964100739e-01
1.000000000000000000e+01,2.497423290656648753e-01,3.519364566879468886e-02,9.002186533406053570e-01,-2.511858111764566498e-02,-6.436001882957582687e-01
1.100000000000000000e+01,2.464916163544456917e-01,3.900991414138970520e-02,9.159044334228043649e-01,-2.785007812185404455e-02,-6.555592810100112633e-01
1.200000000000000000e+01,2.443800020007264873e-01,4.289331317677465977e-02,9.320157684923894292e-01,-3.065439107107139488e-02,-6.730351078121639130e-01
1.300000000000000000e+01,2.416387211691034820e-01,4.685793173969717007e-02,9.515084551014024727e-01,-3.353423760932848496e-02,-6.911631691817023970e-01
1.400000000000000000e+01,2.386953009701167916e-01,5.091531741017935736e-02,9.737725609157251716e-01,-3.648154347817116061e-02,-7.073534085222429324e-01
1.500000000000000000e+01,3.163464840251420940e-01,5.507257283384953128e-02,9.977413016808421853e-01,-3.949303695273410908e-02,-7.227584338951078546e-01
1.600000000000000000e+01,1.468988710913178841e-01,5.933426052917856880e-02,1.022805046878969115e+00,-4.256698729436408229e-02,-7.377480819911930165e-01
1.700000000000000000e+01,9.787887624674843079e-02,6.370369998147921986e-02,1.048665468552155700e+00,-4.570203639722595496e-02,-7.524117846868489945e-01
1.800000000000000000e+01,2.551355392038975323e-01,6.818363435030483366e-02,1.075184248518145980e+00,-4.889668604963674087e-02,-7.667159165785888408e-01
1.900000000000000000e+01,2.359284316073494980e-01,7.277660995442838954e-02,1.102314144989654965e+00,-5.214910947462385316e-02,-7.805816219969065051e-01
2.000000000000000000e+01,2.148774909476229289e-01,7.748515690929970445e-02,1.130051269169116690e+00,-5.545706434340483271e-02,-7.939091685074358695e-01
2.100000000000000000e+01,2.084372288095844572e-01,8.231185630668798325e-02,1.158407855373185580e+00,-5.881785013095130327e-02,-8.065885890111527123e-01
2.200000000000000000e+01,2.053506434408810533e-01,8.725634891619109268e-02,1.186678226280745152e+00,-6.221520534968237592e-02,-8.153652524954583258e-01
2.300000000000000000e+01,2.020225322560933456e-01,9.231481859720297445e-02,1.214032723442851402e+00,-6.559910067266243316e-02,-8.121348775152139599e-01
2.400000000000000000e+01,1.989084954854387355e-01,9.746681965767055311e-02,1.236480254512220434e+00,-6.891065171380431065e-02,-7.947722498740514840e-01
2.500000000000000000e+01,1.951079747315312696e-01,1.026785550947815762e-01,1.250816504906646864e+00,-7.206520633799211317e-02,-7.570931098050738273e-01
2.600000000000000000e+01,1.808808642157486712e-01,1.080193559777931772e-01,1.281792211922782920e+00,-7.490371425599325061e-02,-6.812419003202720980e-01
2.700000000000000000e+01,1.531585798977501689e-01,1.136631584414518337e-01,1.354512591278076883e+00,-7.725925736272475086e-02,-5.653303456155608364e-01
2.800000000000000000e+01,1.565321556021354865e-01,1.195816292855530621e-01,1.420433002584295501e+00,-7.940418082156346091e-02,-5.147816301212900791e-01
2.900000000000000000e+01,1.679039962668216757e-01,1.256239915826620201e-01,1.450166951306152585e+00,-8.147316482519000036e-02,-4.965561608703707441e-01
3.000000000000000000e+01,1.929954357378619867e-01,1.315466080479022193e-01,1.421427951657650013e+00,-8.367081529066870693e-02,-5.274361117148880229e-01
3.100000000000000000e+01,1.962338900022713717e-01,1.372872872020611812e-01,1.377762996998149303e+00,-8.593657044773883591e-02,-5.437812376968318429e-01
3.200000000000000000e+01,1.923474140916857089e-01,1.428549602137118846e-01,1.336241522796169257e+00,-8.814725301398045054e-02,-5.305638158979872898e-01
3.300000000000000000e+01,1.899767754649437090e-01,1.482636613629372546e-01,1.298088275814086812e+00,-9.024487969868734416e-02,-5.034304043296556896e-01
3.400000000000000000e+01,1.895758129717619034e-01,1.535340800497365377e-01,1.264900484831828376e+00,-9.224039578031191511e-02,-4.789238595898985262e-01
3.500000000000000000e+01,1.868631725692946888e-01,1.587012458922724412e-01,1.240119802208617061e+00,-9.411337234230482407e-02,-4.495143748782988169e-01
3.600000000000000000e+01,1.845712056846851579e-01,1.637842758601647242e-01,1.219927192294146368e+00,-9.584504219153279492e-02,-4.156007638147134475e-01
3.700000000000000000e+01,1.860458978456454859e-01,1.687836024793097633e-01,1.199838388594809402e+00,-9.748632138979179684e-02,-3.939070075821604622e-01
3.800000000000000000e+01,1.758292052661351579e-01,1.738644099435916746e-01,1.219393791427661133e+00,-9.903198764943280108e-02,-3.709599023138393514e-01
3.900000000000000000e+01,1.730923173143441018e-01,1.790732195494289247e-01,1.250114305400940484e+00,-1.005341071105982781e-01,-3.605086706797152041e-01
4.000000000000000000e+01,1.633081906782840598e-01,1.845614299576777695e-01,1.317170497979726074e+00,-1.020397258467195950e-01,-3.613484966691162259e-01
4.100000000000000000e+01,1.659672834747986658e-01,1.904459701782027503e-01,1.412289652925992733e+00,-1.038340221122474455e-01,-4.306311037266857267e-01
4.200000000000000000e+01,1.780105683658442794e-01,1.967375910363536040e-01,1.509989005956206665e+00,-1.062194648213153347e-01,-5.725062501762940848e-01
4.300000000000000000e+01,1.848092777521561092e-01,2.033430310523587359e-01,1.585305603841234756e+00,-1.091921562754664121e-01,-7.134459489962599044e-01
4.400000000000000000e+01,1.884147173153764565e-01,2.102711950896863358e-01,1.662759368958624417e+00,-1.128058006711073896e-01,-8.672746549538336014e-01
4.500000000000000000e+01,1.911456942780513091e-01,2.174535234382952709e-01,1.723758803666144201e+00,-1.169693313713286997e-01,-9.992473680531150926e-01
4.600000000000000000e+01,1.761627128577259449e-01,2.250223493191698954e-01,1.816518211409908323e+00,-1.214599298614244260e-01,-1.077743637622975204e+00
4.700000000000000000e+01,1.871652587410974622e-01,2.328310074432088650e-01,1.874077949769349827e+00,-1.263457780522081741e-01,-1.172603565788099322e+00
4.800000000000000000e+01,1.907266496765208097e-01,2.408041711446213262e-01,1.913559288338989139e+00,-1.315728634055692015e-01,-1.254500484806646110e+00
4.900000000000000000e+01,1.950873034663755945e-01,2.489159186876875318e-01,1.946819410335890677e+00,-1.371837228504364514e-01,-1.346606266768139992e+00
5.000000000000000000e+01,2.052526019288327119e-01,2.571023774309685317e-01,1.964750098387439525e+00,-1.433275909630026546e-01,-1.474528347015889196e+00
5.100000000000000000e+01,2.108418573510978111e-01,2.652943139212479151e-01,1.966064757667046026e+00,-1.499736491972502861e-01,-1.595053976219430014e+00
5.200000000000000000e+01,2.241469666470296274e-01,2.733281318782214697e-01,1.928116309673647111e+00,-1.572690749838464297e-01,-1.750902188783074243e+00
5.300000000000000000e+01,2.281623697291657316e-01,2.811636863144089671e-01,1.880533064685004252e+00,-1.651492822452096942e-01,-1.891249742727183492e+00
5.400000000000000000e+01,2.213798713518690398e-01,2.890666906230109912e-01,1.896721034064487110e+00,-1.734869394889758665e-01,-2.001037738503884889e+00
5.500000000000000000e+01,2.185040234902378142e-01,2.973078952010789755e-01,1.977889098736314244e+00,-1.827772842118878527e-01,-2.229682733498877578e+00
5.600000000000000000e+01,2.113656186374254786e-01,3.061579941909059466e-01,2.124023757558473502e+00,-1.939210693259910689e-01,-2.674508427384773679e+00
5.700000000000000000e+01,2.103885131685433452e-01,3.152848791357326097e-01,2.190452386758403147e+00,-2.071640859331848050e-01,-3.178323985726498435e+00
5.800000000000000000e+01,2.452208880185074991e-01,3.241746286698982127e-01,2.133539888199749157e+00,-2.211622926848678672e-01,-3.359569620403933587e+00
5.900000000000000000e+01,2.385968978035321042e-01,3.327726894750122622e-01,2.063534593227375868e+00,-2.359320938519432198e-01,-3.544752280098084185e+00
6.000000000000000000e+01,2.463198253345740552e-01,3.410046196699670906e-01,1.975663246789159944e+00,-2.510284620462471805e-01,-3.623128366632952346e+00
6.100000000000000000e+01,2.595455311389806008e-01,3.489802089381693340e-01,1.914141424368544619e+00,-2.659222308938456458e-01,-3.574504523423635671e+00
6.200000000000000000e+01,2.689131717888016415e-01,3.567757374389599612e-01,1.870926840189746754e+00,-2.802245042453485047e-01,-3.432545604360691449e+00
6.300000000000000000e+01,2.687892178804762722e-01,3.644408613154558330e-01,1.839629730359003901e+00,-2.938434769270071856e-01,-3.268553443598084751e+00
6.400000000000000000e+01,2.652776899320936632e-01,3.719310667850913021e-01,1.797649312712507719e+00,-3.067767700157090771e-01,-3.103990341288448196e+00
6.500000000000000000e+01,2.611431425495427394e-01,3.792882537905878926e-01,1.765724881319185480e+00,-3.190541935504845883e-01,-2.946581648346126237e+00
6.600000000000000000e+01,2.521652902928534501e-01,3.863850631771540978e-01,1.703234252775891022e+00,-3.308685248382126076e-01,-2.835439509054726859e+00
6.700000000000000000e+01,2.469266655483275397e-01,3.930715976766994135e-01,1.604768279890880223e+00,-3.422369562346251337e-01,-2.728423535139000489e+00
6.800000000000000000e+01,2.413521342840209138e-01,3.993410103272423406e-01,1.504659036130308047e+00,-3.532006743036369967e-01,-2.631292336562844891e+00
6.900000000000000000e+01,2.372114095657449906e-01,4.052181034759603784e-01,1.410502355692326626e+00,-3.637605997159475413e-01,-2.534382098954534257e+00
7.000000000000000000e+01,2.326982980250239530e-01,4.107230594285657399e-01,1.321189428625290985e+00,-3.739450477571243936e-01,-2.444267529882444556e+00
7.100000000000000000e+01,2.283235527303872359e-01,4.158685049886998719e-01,1.234906934432196124e+00,-3.837860855171938423e-01,-2.361849062416661038e+00
7.200000000000000000e+01,2.254512282368896225e-01,4.206428922541883830e-01,1.145852943717248218e+00,-3.932460933366292433e-01,-2.270401876664496665e+00
7.300000000000000000e+01,2.229253467238831166e-01,4.250705299372625756e-01,1.062633043937808663e+00,-4.022878548001236343e-01,-2.170022751238647629e+00
7.400000000000000000e+01,2.163264322888037161e-01,4.289706937308745971e-01,9.360393104668798259e-01,-4.109515822376298977e-01,-2.079294585001500550e+00
7.500000000000000000e+01,2.117095990774401915e-01,4.323414616437826208e-01,8.089842990979256854e-01,-4.192472883861203536e-01,-1.990969475637702768e+00
7.600000000000000000e+01,2.087102029723111596e-01,4.352052199231452034e-01,6.873019870470197246e-01,-4.271296699763184601e-01,-1.891771581647540668e+00
7.700000000000000000e+01,2.043035137162400872e-01,4.375830341029345871e-01,5.706754031494466473e-01,-4.346383845735352636e-01,-1.802091503332029498e+00
7.800000000000000000e+01,2.001404879235061385e-01,4.394404156787556359e-01,4.457715781970504887e-01,-4.417662831481183883e-01,-1.710695657899949262e+00
7.900000000000000000e+01,1.970324911739853579e-01,4.407849786087896238e-01,3.226951032081556980e-01,-4.484803151192562343e-01,-1.611367673073088369e+00
8.000000000000000000e+01,1.946755524377308255e-01,4.416565368239604439e-01,2.091739716410021543e-01,-4.547506813200381526e-01,-1.504887888187655287e+00
8.100000000000000000e+01,1.916899073946160548e-01,4.421236875353327100e-01,1.121161707293438364e-01,-4.605784038298190164e-01,-1.398653402347404651e+00
8.200000000000000000e+01,1.885668054835642482e-01,4.421939399270478632e-01,1.686057401163408576e-02,-4.659826415413195200e-01,-1.297017050760125301e+00
8.300000000000000000e+01,1.856741528571682343e-01,4.418746959949967357e-01,-7.661854369226396566e-02,-4.709750107795215301e-01,-1.198168617168487993e+00
8.400000000000000000e+01,1.901087909860396385e-01,4.415482936905715250e-01,-7.833655306205056235e-02,-4.755123518589332576e-01,-1.088961859058817483e+00
8.500000000000000000e+01,1.890896100543468239e-01,4.412634067481958633e-01,-6.837286617015216061e-02,-4.795953627839560918e-01,-9.799226220054751968e-01
8.600000000000000000e+01,1.871342546026458498e-01,4.410261177491727747e-01,-5.694935976553861662e-02,-4.832664486540742543e-01,-8.810606088283644555e-01
8.700000000000000000e+01,1.851918293318949305e-01,4.408262547974213796e-01,-4.796710842033214545e-02,-4.865669867491770884e-01,-7.921291428246792776e-01
8.800000000000000000e+01,1.834518757741959438e-01,4.406528273634098269e-01,-4.162258416277132833e-02,-4.895355398442788886e-01,-7.124527428244376015e-01
8.900000000000000000e+01,1.819851180092091902e-01,4.405016540955289384e-01,-3.628158429141593172e-02,-4.922057594346800902e-01,-6.408527016962913825e-01
9.000000000000000000e+01,1.806836842365454887e-01,4.403669034961567030e-01,-3.234014384933515257e-02,-4.946053688664256986e-01,-5.759062636189477002e-01
9.100000000000000000e+01,1.794847602101808381e-01,4.402391548922990894e-01,-3.065966492582728256e-02,-4.967589197998362183e-01,-5.168522240185277061e-01
9.200000000000000000e+01,1.783684003953726060e-01,4.401063176367880359e-01,-3.188094132264886194e-02,-4.986897008220956273e-01,-4.633874453422611728e-01
9.300000000000000000e+01,1.774980087519292538e-01,4.399763273335279279e-01,-3.119767278242458614e-02,-5.004223194659297436e-01,-4.158284745201935029e-01
9.400000000000000000e+01,1.766892060184862834e-01,4.398473912897808424e-01,-3.094465049929918943e-02,-5.019763297087441734e-01,-3.729624582754501594e-01
9.500000000000000000e+01,1.759234174819662988e-01,4.397109342595729164e-01,-3.274968724990624108e-02,-5.033668863397680049e-01,-3.337335914457065789e-01
9.600000000000000000e+01,1.752988923740379790e-01,4.395718270225041913e-01,-3.338573689649805554e-02,-5.046105016131856580e-01,-2.984676656202263634e-01
9.700000000000000000e+01,1.747458796714018991e-01,4.394331181361717520e-01,-3.329013271978809724e-02,-5.057225074344567917e-01,-2.668813971050777445e-01
9.800000000000000000e+01,1.742693773958081394e-01,4.392985109371938535e-01,-3.230572775469432723e-02,-5.067166846371018440e-01,-2.386025286348049113e-01
9.900000000000000000e+01,1.737963683504987200e-01,4.391606691971121634e-01,-3.308201761960562204e-02,-5.076030219831756396e-01,-2.127209630577005794e-01
1.000000000000000000e+02,1.733970582739593480e-01,4.390206256653098604e-01,-3.361044763254739109e-02,-5.083932571326517103e-01,-1.896564358742439949e-01
1.010000000000000000e+02,1.730216536527558469e-01,4.388744758795405931e-01,-3.507594858462415033e-02,-5.090969883842607624e-01,-1.688955003861835058e-01
1.020000000000000000e+02,1.727079107180086726e-01,4.387244934347902525e-01,-3.599578674007775786e-02,-5.097234979370243169e-01,-1.503622926632399992e-01
1.030000000000000000e+02,1.724236546883741727e-01,4.385704774714381804e-01,-3.696383120449731746e-02,-5.102804602771109366e-01,-1.336709616207917006e-01
1.040000000000000000e+02,1.721741932004580145e-01,4.384131949296776742e-01,-3.774781002252415585e-02,-5.107750089397227189e-01,-1.186916790268279648e-01
1.050000000000000000e+02,1.719521275174718256e-01,4.382529486254916340e-01,-3.845911300464700117e-02,-5.112134627786453223e-01,-1.052289213414303592e-01
1.060000000000000000e+02,1.717557164852137330e-01,4.380901541444122138e-01,-3.907067545906485473e-02,-5.116015266436793052e-01,-9.313532760816685407e-02
1.070000000000000000e+02,1.715816854554319815e-01,4.379251378297024377e-01,-3.960391553034627032e-02,-5.119443170182518266e-01,-8.226968989740007787e-02
1.080000000000000000e+02,1.714276333093695814e-01,4.377581874298346332e-01,-4.006809596827844155e-02,-5.122464327769826742e-01,-7.250778209540373331e-02
1.090000000000000000e+02,1.712914833591017427e-01,4.375895797998272663e-01,-4.046583120177339038e-02,-5.125120129070297459e-01,-6.373923121130281588e-02
1.100000000000000000e+02,1.711673052319795385e-01,4.374185329488423646e-01,-4.105124423638174119e-02,-5.127448361410155142e-01,-5.587757615657927557e-02
1.110000000000000000e+02,1.710601387888359692e-01,4.372455649803436151e-01,-4.151231243969721874e-02,-5.129483271801580369e-01,-4.883784939419237581e-02
1.120000000000000000e+02,1.709649461810482107e-01,4.370708024409731829e-01,-4.194300944890107241e-02,-5.131254132834770498e-01,-4.250066479656868651e-02
1.130000000000000000e+02,1.708798242280383517e-01,4.368941506064522584e-01,-4.239644028501655254e-02,-5.132786514980522963e-01,-3.677717149806474656e-02
1.140000000000000000e+02,1.708050576309458057e-01,4.367157805249025082e-01,-4.280881957194405257e-02,-5.134104266127581528e-01,-3.162602752941118950e-02
1.150000000000000000e+02,1.707552955176635523e-01,4.365396727578279013e-01,-4.226586409790435150e-02,-5.135237909281821223e-01,-2.720743570176353127e-02
1.160000000000000000e+02,1.707140960354742443e-01,4.363670017829331949e-01,-4.144103397473487826e-02,-5.136208477846895271e-01,-2.329364556176408488e-02
1.170000000000000000e+02,1.706787760607825499e-01,4.361978471139782432e-01,-4.059712054918574592e-02,-5.137033292560679865e-01,-1.979555313083053436e-02
1.180000000000000000e+02,1.706500928163983410e-01,4.360323995226365601e-01,-3.970742192200128751e-02,-5.137728478529068887e-01,-1.668446324133148959e-02
1.190000000000000000e+02,1.706271232146799877e-01,4.358707949406274151e-01,-3.878509968219345794e-02,-5.138308548347365612e-01,-1.392167563912164764e-02
1.200000000000000000e+02,1.706091869560426022e-01,4.357131378251047349e-01,-3.783770772544859523e-02,-5.138786444142053877e-01,-1.146949907252394624e-02
1.210000000000000000e+02,1.705956323358864268e-01,4.355594923851845990e-01,-3.687490558083395681e-02,-5.139173754222324808e-01,-9.295441926502577557e-03
1.220000000000000000e+02,1.705860155532902822e-01,4.354099164090715068e-01,-3.589823426713546067e-02,-5.139480967671095080e-01,-7.373122770473441306e-03
1.230000000000000000e+02,1.705797531777186460e-01,4.352644201828982373e-01,-3.491909428158336548e-02,-5.139717465058343260e-01,-5.675937293961883304e-03
1.240000000000000000e+02,1.705765413267100461e-01,4.351230308455776297e-01,-3.393344095694050822e-02,-5.139891629292407949e-01,-4.179941617544820354e-03
1.250000000000000000e+02,1.705758750450513395e-01,4.349857251384154910e-01,-3.295336971891194705e-02,-5.140011004990792109e-01,-2.865016761209500558e-03
1.260000000000000000e+02,1.705775165814618632e-01,4.348524940495159807e-01,-3.197546133588781425e-02,-5.140082322704603301e-01,-1.711625131474190514e-03
1.270000000000000000e+02,1.705810491221426139e-01,4.347232877449214161e-01,-3.100951310269017477e-02,-5.140111580325195106e-01,-7.021828942062782308e-04
1.280000000000000000e+02,1.705862907878524237e-01,4.345980613740700327e-01,-3.005432900433470042e-02,-5.140104235559429524e-01,1.762743783682472424e-04
1.290000000000000000e+02,1.705929729654513671e-01,4.344767626505271485e-01,-2.911169365028821315e-02,-5.140065081134193026e-01,9.397062056675547148e-04
1.300000000000000000e+02,1.706009102274145539e-01,4.343593385560372000e-01,-2.818178267759298070e-02,-5.139998430503683879e-01,1.599615132218864958e-03
1.310000000000000000e+02,1.706098481642539244e-01,4.342457175323121144e-01,-2.726904569401390754e-02,-5.139908046567390754e-01,2.169214471047739047e-03
1.320000000000000000e+02,1.706197011108538109e-01,4.341358292164282928e-01,-2.637319581211185551e-02,-5.139797494748786777e-01,2.653243646502760622e-03
1.330000000000000000e+02,1.706315316863480924e-01,4.340299917514809924e-01,-2.540099158734545129e-02,-5.139670103138288537e-01,3.057398651970295693e-03
1.340000000000000000e+02,1.706434398676538455e-01,4.339280265500267131e-01,-2.447164834902040842e-02,-5.139528390180111428e-01,3.401110996247072842e-03
1.350000000000000000e+02,1.706558072373807466e-01,4.338298324880111023e-01,-2.356657488374660700e-02,-5.139374860892630403e-01,3.684702899551489923e-03
1.360000000000000000e+02,1.706685276198954826e-01,4.337353185537851652e-01,-2.268334421421961192e-02,-5.139211710187736593e-01,3.915616917458311814e-03
1.370000000000000000e+02,1.706813862669582238e-01,4.336443551531490859e-01,-2.183121615266040566e-02,-5.139040853881486903e-01,4.100551349980436147e-03
1.380000000000000000e+02,1.706943993584614239e-01,4.335568435327163961e-01,-2.100278890384959032e-02,-5.138863956603689775e-01,4.245534667129486663e-03
1.390000000000000000e+02,1.707074897055882168e-01,4.334726769330458085e-01,-2.019998392093574555e-02,-5.138682576125815915e-01,4.353131468970919925e-03
1.400000000000000000e+02,1.707205831283046260e-01,4.333917473497113093e-01,-1.942310000027719710e-02,-5.138498054837544737e-01,4.428510918509140359e-03
1.410000000000000000e+02,1.707335952371988319e-01,4.333139396973360036e-01,-1.867383657007345293e-02,-5.138311541284942274e-01,4.476325262449584383e-03
1.420000000000000000e+02,1.707465558181360532e-01,4.332391682804740962e-01,-1.794514004685519165e-02,-5.138124009554824179e-01,4.500761522825254268e-03
1.430000000000000000e+02,1.707593275199907334e-01,4.331673082895086124e-01,-1.724639783172020324e-02,-5.137936395929969535e-01,4.502726996519774115e-03
1.440000000000000000e+02,1.707719755679845963e-01,4.330982771981065627e-01,-1.656746193648805238e-02,-5.137749423855587638e-01,4.487329785152328540e-03
1.450000000000000000e+02,1.707843878346163302e-01,4.330319649697815243e-01,-1.591493479801463912e-02,-5.137563744432369628e-01,4.456306157226892252e-03
1.460000000000000000e+02,1.707965968574930160e-01,4.329682785321600780e-01,-1.528474502915118036e-02,-5.137379943650935976e-01,4.411218754403605294e-03
1.470000000000000000e+02,1.708085894765694057e-01,4.329071281596417187e-01,-1.467608940441019784e-02,-5.137198548902844886e-01,4.353473954175382001e-03
1.480000000000000000e+02,1.708202572655563301e-01,4.328484092573280373e-01,-1.409253655527793747e-02,-5.137019856026565634e-01,4.288629030712654173e-03
1.490000000000000000e+02,1.708317074103835320e-01,4.327920396107395318e-01,-1.352871518124324629e-02,-5.136844310090651344e-01,4.213102461929820602e-03
1.500000000000000000e+02,1.708428785175125919e-01,4.327379333059155897e-01,-1.298551315774701745e-02,-5.136672192447512275e-01,4.130823435327952119e-03
1.510000000000000000e+02,1.708537549063069427e-01,4.326860070598272379e-01,-1.246229906120865580e-02,-5.136503696709669997e-01,4.043897708211973731e-03
1.520000000000000000e+02,1.708643385384445157e-01,4.326361799572838729e-01,-1.195850461040634700e-02,-5.136338997128390149e-01,3.952789950725578080e-03
1.530000000000000000e+02,1.708746478558099968e-01,4.325883791746140128e-01,-1.147218784076339294e-02,-5.136178250529802591e-01,3.857918366090818795e-03
1.540000000000000000e+02,1.708846157072274052e-01,4.325425093681909416e-01,-1.100875354153286675e-02,-5.136021598057411985e-01,3.759659337374451557e-03
1.550000000000000000e+02,1.708943195208466048e-01,4.324985085706085641e-01,-1.056019141976514107e-02,-5.135869107135693223e-01,3.659782121254733997e-03
1.560000000000000000e+02,1.709037225656049319e-01,4.324563031298080951e-01,-1.012930579211674363e-02,-5.135720838446605763e-01,3.558448538091025810e-03
1.570000000000000000e+02,1.709128469973962006e-01,4.324158267589367499e-01,-9.714329009129484341e-03,-5.135576846603765455e-01,3.455804228154560603e-03
1.580000000000000000e+02,1.709216614592740657e-01,4.323770078788984894e-01,-9.316531209180172607e-03,-5.135437121154458051e-01,3.353410783389471159e-03
1.590000000000000000e+02,1.709301894998702942e-01,4.323397820685079829e-01,-8.934194493717049351e-03,-5.135301652690494878e-01,3.251243135124644561e-03
1.600000000000000000e+02,1.709384018203059796e-01,4.323040794277718812e-01,-8.568633776668128227e-03,-5.135170373138171485e-01,3.150709255767014574e-03
1.610000000000000000e+02,1.709463888101158124e-01,4.322698489676309319e-01,-8.215310433833356366e-03,-5.135043340436362680e-01,3.048784843400696633e-03
1.620000000000000000e+02,1.709540642247898423e-01,4.322370269165530798e-01,-7.877292258681526868e-03,-5.134920427906117801e-01,2.949900725868138691e-03
1.630000000000000000e+02,1.709614870413658227e-01,4.322055618406620003e-01,-7.551618213855815394e-03,-5.134801581115764346e-01,2.852322968495221538e-03
1.640000000000000000e+02,1.709686414964488588e-01,4.321753955286376514e-01,-7.239914885837960348e-03,-5.134686751013399775e-01,2.755922456753668801e-03
1.650000000000000000e+02,1.709755481919836007e-01,4.321464815510289159e-01,-6.939354626091731419e-03,-5.134575833675010248e-01,2.662016121351917352e-03
1.660000000000000000e+02,1.709822083326562048e-01,4.321187662011294339e-01,-6.651683975876462353e-03,-5.134468794725794982e-01,2.568934781174450795e-03
1.670000000000000000e+02,1.709886075919824777e-01,4.320922011450171185e-01,-6.375613466952842305e-03,-5.134365482761817923e-01,2.479487135460481211e-03
1.680000000000000000e+02,1.709947982881625805e-01,4.320667428881850847e-01,-6.109981639692893714e-03,-5.134265877298682668e-01,2.390531115257264229e-03
1.690000000000000000e+02,1.710007269232358962e-01,4.320423403819491637e-01,-5.856601496619284232e-03,-5.134169831377187743e-01,2.305102115887926705e-03
1.700000000000000000e+02,1.710064258690199845e-01,4.320189536936724917e-01,-5.612805186400469069e-03,-5.134077187535114328e-01,2.223452209756429567e-03
1.710000000000000000e+02,1.710119155544871372e-01,4.319965470185353484e-01,-5.377602032917172016e-03,-5.133987805600590537e-01,2.145166428563264737e-03
1.720000000000000000e+02,1.710171489218430818e-01,4.319750764627499628e-01,-5.152933388498206861e-03,-5.133901423788616025e-01,2.073163487392299525e-03
1.730000000000000000e+02,1.710221941055101169e-01,4.319545145342904013e-01,-4.934862830293522233e-03,-5.133817809342100524e-01,2.006746716381689871e-03
1.740000000000000000e+02,1.710271383508065179e-01,4.319348236891022985e-01,-4.725802845151240959e-03,-5.133737127116994037e-01,1.936373402556721595e-03
1.750000000000000000e+02,1.710319184578346363e-01,4.319159585136647661e-01,-4.527642105007285110e-03,-5.133659474572969117e-01,1.863661056609420457e-03
1.760000000000000000e+02,1.710365472164832035e-01,4.318978899456935028e-01,-4.336456313107107767e-03,-5.133584825279403629e-01,1.791583045573581171e-03
1.770000000000000000e+02,1.710409945174783675e-01,4.318805800084536406e-01,-4.154384937570696108e-03,-5.133513136604511695e-01,1.720528197399920660e-03
1.780000000000000000e+02,1.710452649951039461e-01,4.318639943046005403e-01,-3.980568924745222538e-03,-5.133444338410719787e-01,1.651156650995838160e-03
1.790000000000000000e+02,1.710494389945884097e-01,4.318481026423799940e-01,-3.813998932924916440e-03,-5.133378605910040582e-01,1.577580016302928276e-03
1.800000000000000000e+02,1.710532355622831902e-01,4.318328748756581903e-01,-3.654664013230682351e-03,-5.133315100620515770e-01,1.524126948603643332e-03
1.810000000000000000e+02,1.710625552171410324e-01,4.318182845167986006e-01,-3.501686126297019232e-03,-5.133273452446979190e-01,9.995561648882711914e-04
1.820000000000000000e+02,1.710592757176257750e-01,4.318038981496343243e-01,-3.452728119432577070e-03,-5.133215173242970941e-01,1.398700896189073156e-03
1.830000000000000000e+02,1.710691188992967127e-01,4.317904890682173202e-01,-3.218179540074521394e-03,-5.133175056160925731e-01,9.628099690982806986e-04
1.840000000000000000e+02,1.710652985105760304e-01,4.317772610060310323e-01,-3.174734924713873419e-03,-5.133119519601186953e-01,1.332877433736192252e-03
1.850000000000000000e+02,1.710752001701007219e-01,4.317649422951283511e-01,-2.956490616648070700e-03,-5.133080681197809136e-01,9.321216810554692382e-04
1.860000000000000000e+02,1.710709715268702025e-01,4.317527907717864100e-01,-2.916365602070893331e-03,-5.133027933305457369e-01,1.265949416431938999e-03
1.870000000000000000e+02,1.710808185974938833e-01,4.317414828124630510e-01,-2.713910237606259254e-03,-5.132990689004108820e-01,8.938632323758073477e-04
1.880000000000000000e+02,1.710763014958121553e-01,4.317303307012623770e-01,-2.676506688156594579e-03,-5.132940717387792784e-01,1.199318791575032300e-03
1.890000000000000000e+02,1.710859256746504187e-01,4.317199456850192019e-01,-2.492403898367521672e-03,-5.132905326704907401e-01,8.493763892588092074e-04
1.900000000000000000e+02,1.710810903109472869e-01,4.317097171150333645e-01,-2.454856796601811910e-03,-5.132857300927438082e-01,1.152618659261829374e-03
1.910000000000000000e+02,1.710907157910726561e-01,4.317002191979342762e-01,-2.279500103785294003e-03,-5.132825340322891838e-01,7.670545090977091713e-04
1.920000000000000000e+02,1.710857959728037947e-01,4.316908080089368882e-01,-2.258685359366727208e-03,-5.132780250277357847e-01,1.082161092807668772e-03
1.930000000000000000e+02,1.710951030270002615e-01,4.316820983293917502e-01,-2.090323090833218819e-03,-5.132751201708600775e-01,6.971656501580034138e-04
1.940000000000000000e+02,1.710904756652013303e-01,4.316734541688806437e-01,-2.074598522667145221e-03,-5.132709989965154040e-01,9.890818427305083683e-04
1.950000000000000000e+02,1.710990471124179679e-01,4.316654603232996101e-01,-1.918522939441807528e-03,-5.132685753503057891e-01,5.816750903089686672e-04
1.960000000000000000e+02,1.710943152756060626e-01,4.316574589482645163e-01,-1.920330008428114800e-03,-5.132646809456359316e-01,9.346571207683692425e-04
1.970000000000000000e+02,1.711025506904949867e-01,4.316501294894795060e-01,-1.759070108397574935e-03,-5.132620384530873769e-01,6.341982116487819305e-04
1.980000000000000000e+02,1.711035535237876715e-01,4.316428586549417856e-01,-1.745000289051015351e-03,-5.132600356221690419e-01,4.806794204056901018e-04
1.990000000000000000e+02,1.710995521585068069e-01,4.316357939274624855e-01,-1.695534595037713173e-03,-5.132564581434857498e-01,8.585948840009241783e-04
2.000000000000000000e+02,1.711070397654575748e-01,4.316293555398516557e-01,-1.545213026596975198e-03,-5.132540154747439187e-01,5.862404980382916221e-04
2.010000000000000000e+02,1.711081882955376721e-01,4.316229582994738356e-01,-1.535337690679850885e-03,-5.132521385953160431e-01,4.504510627028495730e-04
2.020000000000000000e+02,1.711046021409255991e-01,4.316167602545377124e-01,-1.487530784675562085e-03,-5.132489826203813221e-01,7.574339843387709308e-04
2.030000000000000000e+02,1.711116285700025330e-01,4.316110741608608636e-01,-1.364662482441581252e-03,-5.132472946548177761e-01,4.051117352540722439e-04
2.040000000000000000e+02,1.711078470987915656e-01,4.316053498792271070e-01,-1.373827592100032406e-03,-5.132444833984420862e-01,6.747015301725007262e-04
2.050000000000000000e+02,1.711145004356774690e-01,4.316001907708746366e-01,-1.238186004588944520e-03,-5.132430689426228376e-01,3.394693966089760333e-04
2.060000000000000000e+02,1.711101642287897739e-01,4.315951056230191152e-01,-1.220435485328234598e-03,-5.132401298807279799e-01,7.053748547606985674e-04
2.070000000000000000e+02,1.711172600873752947e-01,4.315906317042720319e-01,-1.073740499298217682e-03,-5.132385853969209100e-01,3.706761136847562836e-04
2.080000000000000000e+02,1.711183538454970898e-01,4.315861993731026636e-01,-1.063759480646271106e-03,-5.132374867021084475e-01,2.636867549980460791e-04
2.090000000000000000e+02,1.711182251767525697e-01,4.315819594529581860e-01,-1.017580834676239500e-03,-5.132362651707639278e-01,2.931675226823891715e-04
2.100000000000000000e+02,1.711155255811242504e-01,4.315779935267570200e-01,-9.518222882848226176e-04,-5.132336223482381055e-01,6.342774062026016509e-04
2.110000000000000000e+02,1.711216965214507613e-01,4.315745515076889194e-01,-8.260845763495551454e-04,-5.132322634323449595e-01,3.261398143617840373e-04
2.120000000000000000e+02,1.711226724780468000e-01,4.315711076122178413e-01,-8.265349130615907156e-04,-5.132312601554084308e-01,2.407864647577023429e-04
2.130000000000000000e+02,1.711238467179825584e-01,4.315678170012855475e-01,-7.897466237457229565e-04,-5.132305643948235074e-01,1.669825403874023958e-04
2.140000000000000000e+02,1.711248156058713665e-01,4.315646583790525015e-01,-7.580693359352399076e-04,-5.132301443938823704e-01,1.008002258719431352e-04
2.150000000000000000e+02,1.711201829325626478e-01,4.315616235927157707e-01,-7.283487208153448852e-04,-5.132278055106511694e-01,5.613319754868063317e-04
2.160000000000000000e+02,1.711246634345559015e-01,4.315591455873560855e-01,-5.947212863190510287e-04,-5.132263207268010774e-01,3.563481240139033512e-04
2.170000000000000000e+02,1.711257755457674945e-01,4.315567005876874140e-01,-5.867999204749808949e-04,-5.132251045819722357e-01,2.918747589295243861e-04
2.180000000000000000e+02,1.711269382074397383e-01,4.315543806603431287e-01,-5.567825626321380597e-04,-5.132241304400424475e-01,2.337940631591855687e-04
2.190000000000000000e+02,1.711279164802236852e-01,4.315521673332862185e-01,-5.311984936559763183e-04,-5.132233652293178849e-01,1.836505738997922638e-04
2.200000000000000000e+02,1.711288507602645725e-01,4.315500678254934885e-01,-5.038818702520985425e-04,-5.132228016909231583e-01,1.352492147345990721e-04
2.210000000000000000e+02,1.711295786536170815e-01,4.315480469074517433e-01,-4.850203300180146670e-04,-5.132224117504970984e-01,9.358570226754320970e-05
2.220000000000000000e+02,1.711302860888014865e-01,4.315461145987134484e-01,-4.637540971853725750e-04,-5.132221920228130507e-01,5.273464415976918606e-05
2.230000000000000000e+02,1.711308491045768765e-01,4.315442501127276231e-01,-4.474766365945508735e-04,-5.132221228388385015e-01,1.660415389928545851e-05
2.240000000000000000e+02,1.711260914977539294e-01,4.315424585416796632e-01,-4.299770515046780791e-04,-5.132202045330627183e-01,4.603933861927253903e-04
2.250000000000000000e+02,1.711305748878481636e-01,4.315411277261080314e-01,-3.193957371932585189e-04,-5.132193843425428836e-01,1.968457247586767557e-04
2.260000000000000000e+02,1.711309913137975258e-01,4.315397093169847653e-01,-3.404181895872341419e-04,-5.132187470369845572e-01,1.529533340099002475e-04
2.270000000000000000e+02,1.711316626321132406e-01,4.315383610897940425e-01,-3.235745257740858111e-04,-5.132182533822559067e-01,1.184771348892832665e-04
2.280000000000000000e+02,1.711322491401957302e-01,4.315370760237748904e-01,-3.084158445923468870e-04,-5.132178848450783537e-01,8.844892261588785387e-05
2.290000000000000000e+02,1.711327390192257381e-01,4.315358418393389073e-01,-2.962042646339442596e-04,-5.132176250508601045e-01,6.235061238788491985e-05
2.300000000000000000e+02,1.711331964663135308e-01,4.315346653687349154e-01,-2.823529449555352440e-04,-5.132174635166290022e-01,3.876821545655931051e-05
2.310000000000000000e+02,1.711336011069081453e-01,4.315335348771527912e-01,-2.713179797033868617e-04,-5.132173984458048288e-01,1.561699779454658611e-05
2.320000000000000000e+02,1.711339219130390277e-01,4.315324398035086939e-01,-2.628176745827040832e-04,-5.132174161360283371e-01,-4.245653654942734624e-06
2.330000000000000000e+02,1.711342300726796384e-01,4.315313825643295464e-01,-2.537374029932856876e-04,-5.132175157835242585e-01,-2.391539901315004965e-05
2.340000000000000000e+02,1.711344505275441685e-01,4.315303414892467937e-01,-2.498580198650074717e-04,-5.132176930352567723e-01,-4.254041579362988944e-05
2.350000000000000000e+02,1.711292598406602139e-01,4.315293381452925403e-01,-2.408025490154706752e-04,-5.132158941484986636e-01,4.317328219458375026e-04
2.360000000000000000e+02,1.711329511690393990e-01,4.315287771374325954e-01,-1.346418863884391156e-04,-5.132151198516623491e-01,1.858312407167773115e-04
2.370000000000000000e+02,1.711331442018951543e-01,4.315281112606384473e-01,-1.598104305964706735e-04,-5.132144664267171974e-01,1.568219868406001442e-04
2.380000000000000000e+02,1.711335771774772918e-01,4.315274880977645333e-01,-1.495590897417853555e-04,-5.132139002903642888e-01,1.358727246983117663e-04
2.390000000000000000e+02,1.711339572585662827e-01,4.315269033761469641e-01,-1.403331882225637283e-04,-5.132134076297448777e-01,1.182385486483584092e-04
2.400000000000000000e+02,1.711342920238299314e-01,4.315263592126156733e-01,-1.305992475119175788e-04,-5.132129748024769622e-01,1.038785442928275216e-04
2.410000000000000000e+02,1.711346108894852280e-01,4.315258515505884795e-01,-1.218388865295758457e-04,-5.132126023198124720e-01,8.939583948711077440e-05
2.420000000000000000e+02,1.711348849546686923e-01,4.315253707777721992e-01,-1.153854759085004409e-04,-5.132122853043136201e-01,7.608371972537604109e-05
2.430000000000000000e+02,1.711351414332419607e-01,4.315249201655180777e-01,-1.081469409862979869e-04,-5.132120183454116358e-01,6.407013647818480693e-05
2.440000000000000000e+02,1.711353603618726849e-01,4.315245026596652989e-01,-1.002014046609900854e-04,-5.132117894962600069e-01,5.492379640083760686e-05
2.450000000000000000e+02,1.711355499244730516e-01,4.315241030265087319e-01,-9.591195757030013605e-05,-5.132116023765345147e-01,4.490873412272464421e-05
2.460000000000000000e+02,1.711357192699926033e-01,4.315237194774945717e-01,-9.205176340344919646e-05,-5.132114537004753840e-01,3.568225418619434510e-05
2.470000000000000000e+02,1.711358811281201986e-01,4.315233563645741732e-01,-8.714710089453445109e-05,-5.132113396958424278e-01,2.736111191075106313e-05
2.480000000000000000e+02,1.711360119706022143e-01,4.315230056821646731e-01,-8.416377828558341463e-05,-5.132112579364793703e-01,1.962224712832744833e-05
2.490000000000000000e+02,1.711361389253641119e-01,4.315226721476492777e-01,-8.004828369860881145e-05,-5.132112052228843257e-01,1.265126281747723150e-05
2.500000000000000000e+02,1.711362682401761370e-01,4.315223540451581519e-01,-7.634459787165969087e-05,-5.132111853572837168e-01,4.767744134087071079e-06
2.510000000000000000e+02,1.711363501030623846e-01,4.315220438698204597e-01,-7.444208105199788018e-05,-5.132111899267037813e-01,-1.096660816671907373e-06
2.520000000000000000e+02,1.711364210356104698e-01,4.315217408278591571e-01,-7.273007071224133640e-05,-5.132112172223221025e-01,-6.550948386413088871e-06
2.530000000000000000e+02,1.711364935489969596e-01,4.315214501665152191e-01,-6.975872254163647201e-05,-5.132112648975958313e-01,-1.144206570512029785e-05
2.540000000000000000e+02,1.711365419515301634e-01,4.315211646859574701e-01,-6.851533386219051515e-05,-5.132113318156727999e-01,-1.606033847983877747e-05
2.550000000000000000e+02,1.711365940214736592e-01,4.315208898287369310e-01,-6.596573293350172819e-05,-5.132114159433420753e-01,-2.019064063056652409e-05
2.560000000000000000e+02,1.711366113348656570e-01,4.315206126092046013e-01,-6.653268775651277091e-05,-5.132115172047427842e-01,-2.430273616247322370e-05
2.570000000000000000e+02,1.711366613563800876e-01,4.315203511466595976e-01,-6.275101079976284056e-05,-5.132116327406541778e-01,-2.772861873266768698e-05
2.580000000000000000e+02,1.711366494970055496e-01,4.315200800197754871e-01,-6.507045218042771648e-05,-5.132117637195003912e-01,-3.143492310394092654e-05
2.590000000000000000e+02,1.711366628323117145e-01,4.315198121157032829e-01,-6.429697732507436711e-05,-5.132119087503990151e-01,-3.480741566695783810e-05
2.600000000000000000e+02,1.711366826706670341e-01,4.315195530729852291e-01,-6.217025233639442421e-05,-5.132120661863533995e-01,-3.778462905820725376e-05
2.610000000000000000e+02,1.711366811708210922e-01,4.315192960439510617e-01,-6.168696820576254449e-05,-5.132122355272015213e-01,-4.064180354209688762e-05
2.620000000000000000e+02,1.711366747260413268e-01,4.315190408264921729e-01,-6.125219013275966370e-05,-5.132124160970632509e-01,-4.333676682829090183e-05
2.630000000000000000e+02,1.711366505857130071e-01,4.315187812771483777e-01,-6.229184250767095914e-05,-5.132126080433736526e-01,-4.606711450770325080e-05
2.640000000000000000e+02,1.711366559782519781e-01,4.315185237884600622e-01,-6.179728519121626925e-05,-5.132128169615935986e-01,-5.014037277406782357e-05
2.650000000000000000e+02,1.711366372108824585e-01,4.315182681539730947e-01,-6.135227686720833669e-05,-5.132130354684348861e-01,-5.244164191380408860e-05
2.660000000000000000e+02,1.711366140590808160e-01,4.315180141877021369e-01,-6.095190502870094772e-05,-5.132132629997948614e-01,-5.460752639782422927e-05
2.670000000000000000e+02,1.711365867486319137e-01,4.315177617222847872e-01,-6.059170016783900042e-05,-5.132134990312697820e-01,-5.664755398952703769e-05
2.680000000000000000e+02,1.711365104318951225e-01,4.315174986846972982e-01,-6.312902100155044533e-05,-5.132137381414649813e-01,-5.738644683638417354e-05
2.690000000000000000e+02,1.711364968812896792e-01,4.315172440146234911e-01,-6.112081772001549062e-05,-5.132139852519291834e-01,-5.930651139757882269e-05
2.700000000000000000e+02,1.711348693011826294e-01,4.315169972077018690e-01,-5.923366118350030464e-05,-5.132136428843478981e-01,8.216821951990667741e-05
2.710000000000000000e+02,1.711360752130091645e-01,4.315168645410281667e-01,-3.184000168254153701e-05,-5.132136421227292411e-01,1.827884885342769689e-07
2.720000000000000000e+02,1.711359409976804247e-01,4.315166735849051971e-01,-4.582946950751034854e-05,-5.132136684585028030e-01,-6.320585666285055792e-06
2.730000000000000000e+02,1.711359649315199183e-01,4.315164897755526807e-01,-4.411424460012045002e-05,-5.132137114215529206e-01,-1.031113201520632286e-05
2.740000000000000000e+02,1.711359676206392066e-01,4.315163123985507609e-01,-4.257048045600201713e-05,-5.132137632123239257e-01,-1.242978504619226902e-05
2.750000000000000000e+02,1.711359522520107812e-01,4.315161348491255433e-01,-4.261186205093922698e-05,-5.132138236884796756e-01,-1.451427738095787377e-05
2.760000000000000000e+02,1.711359659109508713e-01,4.315159631046027178e-01,-4.121868547724668512e-05,-5.132138982070652000e-01,-1.788446052662264184e-05
2.770000000000000000e+02,1.711359548982388235e-01,4.315157965848034349e-01,-3.996475182749349627e-05,-5.132139791916889848e-01,-1.943630969755548132e-05
2.780000000000000000e+02,1.711359432815394432e-01,4.315156288049991629e-01,-4.026715301942808748e-05,-5.132140731909631270e-01,-2.255982578581695335e-05
2.790000000000000000e+02,1.711359246632985776e-01,4.315154658523138731e-01,-3.910864446696230522e-05,-5.132141724935744831e-01,-2.383262672538271295e-05
2.800000000000000000e+02,1.711358919499314235e-01,4.315152953202340824e-01,-4.092769915578088044e-05,-5.132142845086761218e-01,-2.688362440363376116e-05
2.810000000000000000e+02,1.711358560048968080e-01,4.315151239270720862e-01,-4.113435887856108108e-05,-5.132144020735460721e-01,-2.821556878627926905e-05
2.820000000000000000e+02,1.711358324344595117e-01,4.315149577199641762e-01,-3.988970590064250845e-05,-5.132145242481910286e-01,-2.932191479692096653e-05
2.830000000000000000e+02,1.711351654213773832e-01,4.315147890584296042e-01,-4.047876829567400968e-05,-5.132144209120577116e-01,2.480067200305421241e-05
2.840000000000000000e+02,1.711357979112805017e-01,4.315146682628980823e-01,-2.899092756049463139e-05,-5.132145207658511676e-01,-2.396491042532257376e-05
2.850000000000000000e+02,1.711357571717322945e-01,4.315145237534179778e-01,-3.468227522420078818e-05,-5.132146377796944492e-01,-2.808332237510453877e-05
2.860000000000000000e+02,1.711339210708904268e-01,4.315143883370753941e-01,-3.249992222579081870e-05,-5.132140812096203097e-01,1.335768177965813183e-04
2.870000000000000000e+02,1.711352643349506597e-01,4.315143855009384022e-01,-6.806728730812620768e-07,-5.132139144975530476e-01,4.001089614555601440e-05
2.880000000000000000e+02,1.711351223852738412e-01,4.315143173829190659e-01,-1.634832463586505477e-05,-5.132137766268237700e-01,3.308897503949228717e-05
2.890000000000000000e+02,1.711351374497613043e-01,4.315142560798324589e-01,-1.471274077952938160e-05,-5.132136503803989003e-01,3.029914197930541050e-05
2.900000000000000000e+02,1.711351520013915384e-01,4.315142009100497722e-01,-1.324074785146783087e-05,-5.132135346876074422e-01,2.776626996057673531e-05
2.910000000000000000e+02,1.711351749122413668e-01,4.315141572217073840e-01,-1.048520217658351449e-05,-5.132134278032518537e-01,2.565224534182186829e-05
2.920000000000000000e+02,1.711351646499381929e-01,4.315141119441492923e-01,-1.086661394097503447e-05,-5.132133299352182876e-01,2.348832805460499877e-05
2.930000000000000000e+02,1.711351787459615970e-01,4.315140771585381230e-01,-8.348546684253027513e-06,-5.132132392806967314e-01,2.175708518262118205e-05
2.940000000000000000e+02,1.711351602576038633e-01,4.315140398931787691e-01,-8.943686241990857428e-06,-5.132131561991157831e-01,1.993957941771605014e-05
2.950000000000000000e+02,1.711351668173315133e-01,4.315140123182981124e-01,-6.617971363426487423e-06,-5.132130790244018304e-01,1.852193135930519402e-05
2.960000000000000000e+02,1.711351540629943158e-01,4.315139875039524231e-01,-5.955442963659184622e-06,-5.132130074618580506e-01,1.717501050158030880e-05
2.970000000000000000e+02,1.711351636597143178e-01,4.315139770971477273e-01,-2.497633120526670999e-06,-5.132129394843042425e-01,1.631461290864945178e-05
2.980000000000000000e+02,1.711351392006411343e-01,4.315139677354133951e-01,-2.246816239307810463e-06,-5.132128752731313082e-01,1.541068150530218645e-05
2.990000000000000000e+02,1.711351134612005276e-01,4.315139593140567831e-01,-2.021125590973703214e-06,-5.132128145799389474e-01,1.456636617192577079e-05
3.000000000000000000e+02,1.711350865477291872e-01,4.315139517388623114e-01,-1.818046670070714011e-06,-5.132127571757418849e-01,1.377700728630366464e-05
3.010000000000000000e+02,1.711350834840713042e-01,4.315139568482318499e-01,1.226248690475880498e-06,-5.132127012942323541e-01,1.341156229880234929e-05
3.020000000000000000e+02,1.711350479114665535e-01,4.315139614519526989e-01,1.104893000529558665e-06,-5.132126473503783037e-01,1.294652497048609802e-05
3.030000000000000000e+02,1.711350123531924505e-01,4.315139656003660340e-01,9.956191997266531777e-07,-5.132125953048425337e-01,1.249092858855134398e-05
3.040000000000000000e+02,1.711349767820208312e-01,4.315139693387883835e-01,8.972213699065967007e-07,-5.132125451156885898e-01,1.204539694600189698e-05
3.050000000000000000e+02,1.711349411749535920e-01,4.315139727080137266e-01,8.086140884294559137e-07,-5.132124967389172232e-01,1.161042512303386821e-05
3.060000000000000000e+02,1.711349055123099483e-01,4.315139757447652991e-01,7.288203819449389873e-07,-5.132124501289373475e-01,1.118639517492404838e-05
3.070000000000000000e+02,1.711349006444851661e-01,4.315139844429293770e-01,2.087559380494305731e-06,-5.132124109499018871e-01,9.402968522871260170e-06
3.080000000000000000e+02,1.711348725659847525e-01,4.315139982372079852e-01,3.310626860343882814e-06,-5.132123719181048704e-01,9.367631290993455828e-06
3.090000000000000000e+02,1.711348292330297505e-01,4.315140106570095613e-01,2.980752375964414395e-06,-5.132123333727398595e-01,9.250887603453684236e-06
3.100000000000000000e+02,1.711347867059438699e-01,4.315140218395723815e-01,2.683815073690837506e-06,-5.132122954097032563e-01,9.111128782866614981e-06
3.110000000000000000e+02,1.711347448802324478e-01,4.315140319084197484e-01,2.416523361860876435e-06,-5.132122581091873581e-01,8.952123823711666850e-06
3.120000000000000000e+02,1.711347036629668195e-01,4.315140409747310613e-01,2.175914718118425392e-06,-5.132122215375092278e-01,8.777202742535532770e-06
3.130000000000000000e+02,1.711346752754948630e-01,4.315140551001702685e-01,3.390105403223483887e-06,-5.132121849712325545e-01,8.775906411433116510e-06
3.140000000000000000e+02,1.711346440323747164e-01,4.315140737794459502e-01,4.483026167991788180e-06,-5.132121479811904141e-01,8.877610125013870714e-06
3.150000000000000000e+02,1.711345980593760308e-01,4.315140905961754592e-01,4.036015078170176375e-06,-5.132121109767785461e-01,8.881058854164968570e-06
3.160000000000000000e+02,1.711345532872228514e-01,4.315141057363857113e-01,3.633650455842108714e-06,-5.132120741165213662e-01,8.846461721807334500e-06
3.170000000000000000e+02,1.711345218099571408e-01,4.315141253291048251e-01,4.702252590153552708e-06,-5.132120367589314558e-01,8.965821579777215642e-06
3.180000000000000000e+02,1.711344757263213445e-01,4.315141429680765528e-01,4.233353217135050942e-06,-5.132119993251167411e-01,8.984115543133069129e-06
3.190000000000000000e+02,1.711344617228716392e-01,4.315141648092690185e-01,5.241886187471006780e-06,-5.132119676948813103e-01,7.591256496856088799e-06
3.200000000000000000e+02,1.711344133998333183e-01,4.315141844716655073e-01,4.718975163252256421e-06,-5.132119355547928308e-01,7.713621232746062468e-06
3.210000000000000000e+02,1.711343665604048714e-01,4.315142021729204691e-01,4.248301187291579884e-06,-5.132119031112105656e-01,7.786459739086284358e-06
3.220000000000000000e+02,1.711343331957261849e-01,4.315142240705265864e-01,5.255425472538723730e-06,-5.132118697657704898e-01,8.002905606724807226e-06
3.230000000000000000e+02,1.711342976775101499e-01,4.315142497454399484e-01,6.161979209965771622e-06,-5.132118352009465978e-01,8.295557732058819048e-06
3.240000000000000000e+02,1.711342482003147258e-01,4.315142728589017040e-01,5.547230817922254868e-06,-5.132117999257272967e-01,8.466052645583198479e-06
3.250000000000000000e+02,1.711342125950338910e-01,4.315142996283957699e-01,6.424678574070352092e-06,-5.132117634099084835e-01,8.763796506766398465e-06
3.260000000000000000e+02,1.711341631486220927e-01,4.315143237272776600e-01,5.783731648154286018e-06,-5.132117261736609537e-01,8.936699412763082992e-06
3.270000000000000000e+02,1.711341276085020513e-01,4.315143513839347911e-01,6.637597708853200547e-06,-5.132116876964613050e-01,9.234527910644008548e-06
3.280000000000000000e+02,1.711340783286104117e-01,4.315143762815363271e-01,5.975424367281953955e-06,-5.132116485068257683e-01,9.405512520638334705e-06
3.290000000000000000e+02,1.711340616944642679e-01,4.315144046565352887e-01,6.809999749639997617e-06,-5.132116145798284457e-01,8.142479369518471817e-06
3.300000000000000000e+02,1.711340233654842502e-01,4.315144361619477342e-01,7.561298989457308393e-06,-5.132115789089254365e-01,8.561016731486911476e-06
3.310000000000000000e+02,1.711339717115296921e-01,4.315144645236684284e-01,6.806812971508570791e-06,-5.132115420802050298e-01,8.838892900307202184e-06
3.320000000000000000e+02,1.711339222676369065e-01,4.315144900557768004e-01,6.127706005988408123e-06,-5.132115044093259471e-01,9.041010992645996013e-06
3.330000000000000000e+02,1.711338867374080919e-01,4.315145190025508892e-01,6.947225785352729078e-06,-5.132114653944097604e-01,9.363579876418900853e-06
3.340000000000000000e+02,1.711338376923420557e-01,4.315145450614618627e-01,6.254138633466635356e-06,-5.132114255804797187e-01,9.555343211914508398e-06
3.350000000000000000e+02,1.711337906337630221e-01,4.315145685210077242e-01,5.630291007642657661e-06,-5.132113852462815151e-01,9.680207558937949837e-06
3.360000000000000000e+02,1.711337572316805333e-01,4.315145956024433183e-01,6.499544545607449997e-06,-5.132113438567587060e-01,9.933485465286048062e-06
3.370000000000000000e+02,1.711337101924333415e-01,4.315146199825187767e-01,5.851218108832145522e-06,-5.132113019271159482e-01,1.006311425014598875e-05
3.380000000000000000e+02,1.711337075369973593e-01,4.315146538535046816e-01,8.129036621535925557e-06,-5.132112646427088309e-01,8.948257705295020454e-06
3.390000000000000000e+02,1.711336371691356828e-01,4.315146843454352732e-01,7.318063341314354442e-06,-5.132112195799223286e-01,1.081506875654578797e-05
3.400000000000000000e+02,1.711336200615631298e-01,4.315147177565096248e-01,8.018657840838429996e-06,-5.132111795546147048e-01,9.606073838444563961e-06
3.410000000000000000e+02,1.711335697119315824e-01,4.315147478339249054e-01,7.218579670501634892e-06,-5.132111383946416083e-01,9.878393536599513401e-06
3.420000000000000000e+02,1.711335334624015103e-01,4.315147808723264200e-01,7.929216368431721165e-06,-5.132110956532697221e-01,1.025792925749519855e-05
3.430000000000000000e+02,1.711334959635386621e-01,4.315148165761117927e-01,8.568908492112319237e-06,-5.132110511465405311e-01,1.068161501577880982e-05
3.440000000000000000e+02,1.711334691480324022e-01,4.315148606408124032e-01,1.057552814728899784e-05,-5.132110039458455120e-01,1.132816680700057916e-05
3.450000000000000000e+02,1.711334148007895573e-01,4.315149003084008950e-01,9.520221241765729008e-06,-5.132109550116247254e-01,1.174421299859143744e-05
3.460000000000000000e+02,1.711333635667362796e-01,4.315149360181926297e-01,8.570350021861251243e-06,-5.132109047902333465e-01,1.205313392031081119e-05
3.470000000000000000e+02,1.711333457178752515e-01,4.315149741264153738e-01,9.145973459763523698e-06,-5.132108593827645615e-01,1.089779251962420033e-05
3.480000000000000000e+02,1.711333066707731720e-01,4.315150143938867866e-01,9.664193135872567523e-06,-5.132108118931897334e-01,1.139749795277241265e-05
3.490000000000000000e+02,1.711332553823040059e-01,4.315150506435269651e-01,8.699913637291999089e-06,-5.132107630042853641e-01,1.173333704309948378e-05
3.500000000000000000e+02,1.711332300299180376e-01,4.315150951999310314e-01,1.069353697007207090e-05,-5.132107115610357040e-01,1.234637993111923281e-05
3.510000000000000000e+02,1.711331774752175849e-01,4.315151353104684784e-01,9.626528988262145458e-06,-5.132106585225476580e-01,1.272923711877389017e-05
3.520000000000000000e+02,1.711331586269024263e-01,4.315151773801397805e-01,1.009672110944840024e-05,-5.132106100443656338e-01,1.163476368497523387e-05
3.530000000000000000e+02,1.711331188110951085e-01,4.315152212136594834e-01,1.052004472805406581e-05,-5.132105592784662607e-01,1.218381584035792563e-05
3.540000000000000000e+02,1.711330671806891857e-01,4.315152606734563023e-01,9.470351230624224641e-06,-5.132105069498732464e-01,1.255886232255832903e-05
3.550000000000000000e+02,1.711330491770101658e-01,4.315153021573223668e-01,9.956127859231666692e-06,-5.132104592066336624e-01,1.145837750547691882e-05
3.560000000000000000e+02,1.711330101054151509e-01,4.315153454634846897e-01,1.039347895272091862e-05,-5.132104091941557256e-01,1.200299469206333510e-05
3.570000000000000000e+02,1.711329706292106512e-01,4.315153904101274307e-01,1.078719425408711177e-05,-5.132103568542049077e-01,1.256158820140043399e-05
3.580000000000000000e+02,1.711329308735929644e-01,4.315154368335988866e-01,1.114163315003033686e-05,-5.132103021464321513e-01,1.312986546946290039e-05
3.590000000000000000e+02,1.711328796438491839e-01,4.315154786250011143e-01,1.002993653787918650e-05,-5.132102458235945353e-01,1.351748102623025252e-05
3.600000000000000000e+02,1.711328734474715507e-01,4.315155281695282619e-01,1.189068651917217834e-05,-5.132101932803457833e-01,1.261037968988038986e-05
3.610000000000000000e+02,1.711328204296584388e-01,4.315155727700843991e-01,1.070413347435792036e-05,-5.132101387655723101e-01,1.308354562238612238e-05
3.620000000000000000e+02,1.711327933452773120e-01,4.315156248438127840e-01,1.249769480780460095e-05,-5.132100812270545820e-01,1.380924426420637822e-05
3.630000000000000000e+02,1.711327403736289665e-01,4.315156717213787796e-01,1.125061584527526040e-05,-5.132100217144892618e-01,1.428301568681280585e-05
3.640000000000000000e+02,1.711327133632339625e-01,4.315157258451141065e-01,1.298969647699317137e-05,-5.132099591971451824e-01,1.500416256971086596e-05
3.650000000000000000e+02,1.711326718545792824e-01,4.315157805299497662e-01,1.312436055978728308e-05,-5.132098939656404291e-01,1.565556115171721401e-05
3.660000000000000000e+02,1.711326501959385682e-01,4.315158357193042415e-01,1.324544507669834890e-05,-5.132098325759867352e-01,1.473351689491414859e-05
3.670000000000000000e+02,1.711325972854036148e-01,4.315158854016400425e-01,1.192376059213086348e-05,-5.132097691114908544e-01,1.523147902099012594e-05
3.680000000000000000e+02,1.711325482542920828e-01,4.315159301271550563e-01,1.073412359945527175e-05,-5.132097041270948790e-01,1.559625502880429250e-05
3.690000000000000000e+02,1.711325246158182933e-01,4.315159823142383777e-01,1.252489999557459265e-05,-5.132096365525065096e-01,1.621790121081351937e-05
3.700000000000000000e+02,1.711325168535779706e-01,4.315160412171004101e-01,1.413668688842633241e-05,-5.132095723534111364e-01,1.540778288961009430e-05
3.710000000000000000e+02,1.711324743582332553e-01,4.315161002038809257e-01,1.415682732097774509e-05,-5.132095051062688373e-01,1.613931413863789886e-05
3.720000000000000000e+02,1.711324327011931323e-01,4.315161592664533696e-01,1.417501738853847895e-05,-5.132094349332726457e-01,1.684151908570721164e-05
3.730000000000000000e+02,1.711323918674795275e-01,4.315162183974927124e-01,1.419144944575198811e-05,-5.132093619521200800e-01,1.751547661297010654e-05
3.740000000000000000e+02,1.711323626182266744e-01,4.315162835519906759e-01,1.563707951063593896e-05,-5.132092854986139985e-01,1.834884145603174257e-05
3.750000000000000000e+02,1.711323289743549025e-01,4.315163422046756625e-01,1.407664439788541968e-05,-5.132092132528394135e-01,1.733898590788369946e-05
3.760000000000000000e+02,1.711323003384841168e-01,4.315164069285354342e-01,1.553372634057408364e-05,-5.132091375440583914e-01,1.817010744759072196e-05
3.770000000000000000e+02,1.711322478365542576e-01,4.315164651942994811e-01,1.398378337435210640e-05,-5.132090595594710480e-01,1.871630097490142283e-05
3.780000000000000000e+02,1.711322210932487708e-01,4.315165295703631831e-01,1.545025529464746854e-05,-5.132089783881385037e-01,1.948111980732276962e-05
3.790000000000000000e+02,1.711322008690654428e-01,4.315165934843527284e-01,1.533935749186130217e-05,-5.132089009131428625e-01,1.859399894087173936e-05
3.800000000000000000e+02,1.711321607334106154e-01,4.315166569828781107e-01,1.523964608914079844e-05,-5.132088205283956706e-01,1.929233933751747424e-05
3.810000000000000000e+02,1.711321322185610228e-01,4.315167260692733264e-01,1.658073484988455991e-05,-5.132087366150375196e-01,2.013920595887260830e-05
3.820000000000000000e+02,1.711321108376150923e-01,4.315167942233718579e-01,1.635698364110375698e-05,-5.132086561149483694e-01,1.932002138452207401e-05
3.830000000000000000e+02,1.711320698022547881e-01,4.315168615387717233e-01,1.615569597069597114e-05,-5.132085724739169352e-01,2.007384753942414979e-05
3.840000000000000000e+02,1.711320302154770989e-01,4.315169280995026502e-01,1.597457542336666003e-05,-5.132084858962998597e-01,2.077862808785116173e-05
3.850000000000000000e+02,1.711319919898811048e-01,4.315169939811846489e-01,1.581160367530794162e-05,-5.132083965706593087e-01,2.143815373841407597e-05
3.860000000000000000e+02,1.711319852310897727e-01,4.315170652126966155e-01,1.709556287446659833e-05,-5.132083103820652692e-01,2.068526257952581674e-05
3.870000000000000000e+02,1.711319448796157494e-01,4.315171352986253983e-01,1.682062290685675627e-05,-5.132082210329030891e-01,2.144379893637849154e-05
3.880000000000000000e+02,1.711319163360823792e-01,4.315172103152483118e-01,1.800398949587255789e-05,-5.132081279768553328e-01,2.233345147126010726e-05
3.890000000000000000e+02,1.711318860048946788e-01,4.315172897704135924e-01,1.906923966980876242e-05,-5.132080309531125151e-01,2.328569827172603584e-05
3.900000000000000000e+02,1.711318743132142495e-01,4.315173732203781420e-01,2.002799149700232542e-05,-5.132079362421021473e-01,2.273064247919126527e-05
3.910000000000000000e+02,1.711318301006351239e-01,4.315174543051341072e-01,1.946034143747613174e-05,-5.132078376960677035e-01,2.365104827139374971e-05
3.920000000000000000e+02,1.711317884323612371e-01,4.315175332612325443e-01,1.894946362394846797e-05,-5.132077356782375199e-01,2.448427924630663168e-05
3.930000000000000000e+02,1.711317791632648577e-01,4.315176162623955425e-01,1.992027912139743512e-05,-5.132076362272924852e-01,2.386822681817950926e-05
3.940000000000000000e+02,1.711317373527335151e-01,4.315176969435737253e-01,1.936348276303605356e-05,-5.132075331804311080e-01,2.473124672545103789e-05
3.950000000000000000e+02,1.711317077958894040e-01,4.315177814983767735e-01,2.029315272889378535e-05,-5.132074261093754197e-01,2.569705336550220427e-05
3.960000000000000000e+02,1.711316974781945111e-01,4.315178695394887298e-01,2.112986687138669226e-05,-5.132073213448444804e-01,2.514348742285491906e-05
3.970000000000000000e+02,1.711316754085048519e-01,4.315179547569208407e-01,2.045218370797508136e-05,-5.132072192709036251e-01,2.449774581367167441e-05
3.980000000000000000e+02,1.711316440947769635e-01,4.315180433948327399e-01,2.127309886130630880e-05,-5.132071127468349481e-01,2.556577647046331481e-05
3.990000000000000000e+02,1.711316025443163913e-01,4.315181291503754624e-01,2.058133025402256966e-05,-5.132070024489292503e-01,2.647149736450661624e-05
4.000000000000000000e+02,1.711315938004545067e-01,4.315182182725749160e-01,2.138932787137379682e-05,-5.132068944925846088e-01,2.590952271375195390e-05
4.010000000000000000e+02,1.711315719706225646e-01,4.315183163873491101e-01,2.354754580188402529e-05,-5.132067812270182383e-01,2.718373593350595236e-05
4.020000000000000000e+02,1.711315370193135788e-01,4.315184166353980832e-01,2.405953175069964326e-05,-5.132066628925129326e-01,2.840028128001999979e-05
4.030000000000000000e+02,1.711315135943407006e-01,4.315185128417187155e-01,2.308951694559904428e-05,-5.132065467891963051e-01,2.786479599659368443e-05
4.040000000000000000e+02,1.711314811550503912e-01,4.315186113721641847e-01,2.364730691451210091e-05,-5.132064258991125838e-01,2.901362010084864145e-05
4.050000000000000000e+02,1.711314694547869664e-01,4.315187119942419658e-01,2.414929867007149531e-05,-5.132063067167057513e-01,2.860377763022694216e-05
4.060000000000000000e+02,1.711314359435513743e-01,4.315188144996732200e-01,2.460130350322293393e-05,-5.132061825037171898e-01,2.981111724654390103e-05
4.070000000000000000e+02,1.711314235870613765e-01,4.315189187000087467e-01,2.500808052507898739e-05,-5.132060598023054920e-01,2.944833880672635714e-05
4.080000000000000000e+02,1.711313896137025559e-01,4.315190244266101649e-01,2.537438433427124094e-05,-5.132059319161675903e-01,3.069267308400600827e-05
4.090000000000000000e+02,1.711313562854008818e-01,4.315191315274742312e-01,2.570420737469316874e-05,-5.132057989358275174e-01,3.191528161190111126e-05
4.100000000000000000e+02,1.711313445941510247e-01,4.315192398650036232e-01,2.600100705357362408e-05,-5.132056674493057358e-01,3.155676523337131253e-05
4.110000000000000000e+02,1.711313026956751138e-01,4.315193433547331869e-01,2.483753509705060550e-05,-5.132055315774369797e-01,3.260924851009666876e-05
4.120000000000000000e+02,1.711313120489409700e-01,4.315194603652333094e-01,2.808252003070529901e-05,-5.132053960731350895e-01,3.252103246537637097e-05
4.130000000000000000e+02,1.711312756858519024e-01,4.315195776236411263e-01,2.814201788266389547e-05,-5.132052548409791193e-01,3.389571741995556870e-05
4.140000000000000000e+02,1.711312408781621164e-01,4.315196951056776697e-01,2.819568877580615570e-05,-5.132051081029196382e-01,3.521713428369517123e-05
4.150000000000000000e+02,1.711312287748425753e-01,4.315198127887019952e-01,2.824392584109104582e-05,-5.132049625619998778e-01,3.492982075292751253e-05
4.160000000000000000e+02,1.711312168807960221e-01,4.315199306525417389e-01,2.828732154457565926e-05,-5.132048181503684470e-01,3.465879153190183680e-05
4.170000000000000000e+02,1.711311922188975265e-01,4.315200546414095784e-01,2.975732827762738171e-05,-5.132046675387752499e-01,3.614678236131612873e-05
4.180000000000000000e+02,1.711311494069181205e-01,4.315201722208867885e-01,2.821907452942928136e-05,-5.132045120259440818e-01,3.732307947343124196e-05
4.190000000000000000e+02,1.711311576344848595e-01,4.315203019155544051e-01,3.112672023323109397e-05,-5.132043565190710366e-01,3.732164952863555203e-05
4.200000000000000000e+02,1.711311433104235613e-01,4.315204305921969130e-01,3.088239420210029724e-05,-5.132042015456965700e-01,3.719360987519699645e-05
4.210000000000000000e+02,1.711311085866819570e-01,4.315205583532172873e-01,3.066264488827121436e-05,-5.132040406810268740e-01,3.860752073924414966e-05
4.220000000000000000e+02,1.711311056108104633e-01,4.315206912513881443e-01,3.189556100511497448e-05,-5.132038799635089132e-01,3.857220431918306910e-05
4.230000000000000000e+02,1.711311079700399418e-01,4.315208347352145202e-01,3.443611833109093851e-05,-5.132037181737483245e-01,3.882954255156796663e-05
4.240000000000000000e+02,1.711310679587124406e-01,4.315209758251050132e-01,3.386157372211741454e-05,-5.132035495262555758e-01,4.047539827086805492e-05
4.250000000000000000e+02,1.711310531466464224e-01,4.315211147599662955e-01,3.334436670246930469e-05,-5.132033810033578280e-01,4.044549547005624890e-05
4.260000000000000000e+02,1.711310184244606569e-01,4.315212517557961425e-01,3.287899915937697945e-05,-5.132032062940102835e-01,4.193024340867099956e-05
4.270000000000000000e+02,1.711310233919042800e-01,4.315213989292036589e-01,3.532161780784037086e-05,-5.132030307584094508e-01,4.212854420973042159e-05
4.280000000000000000e+02,1.711309867138167407e-01,4.315215433413348012e-01,3.465891146977109760e-05,-5.132028486352255836e-01,4.370956413940410709e-05
4.290000000000000000e+02,1.711309756893222567e-01,4.315216852677624670e-01,3.406234264076549211e-05,-5.132026669264702079e-01,4.361010127781961081e-05
4.300000000000000000e+02,1.711309880028168695e-01,4.315218428415082963e-01,3.781769899968930769e-05,-5.132024834926673940e-01,4.402411267626980102e-05
4.310000000000000000e+02,1.711309490793926635e-01,4.315219966158984066e-01,3.690585362409122593e-05,-5.132022929243622578e-01,4.573639324250471176e-05
4.320000000000000000e+02,1.711309505303302558e-01,4.315221588934252117e-01,3.894660642694155014e-05,-5.132021007796975232e-01,4.611471953227897971e-05
4.330000000000000000e+02,1.711309189764131378e-01,4.315223228641324460e-01,3.935296973506585341e-05,-5.132019006935885086e-01,4.802066615698641610e-05
4.340000000000000000e+02,1.711309111578672992e-01,4.315224883588115734e-01,3.971872298824442881e-05,-5.132016993477673816e-01,4.832299706441812597e-05
4.350000000000000000e+02,1.711308969345899655e-01,4.315226492637659339e-01,3.861718904103339652e-05,-5.132014974439513821e-01,4.845691583637697585e-05
4.360000000000000000e+02,1.711308766608584941e-01,4.315228179614144510e-01,4.048743564605926647e-05,-5.132012873513914775e-01,5.042221438951925260e-05
4.370000000000000000e+02,1.711308705089078508e-01,4.315229877117747193e-01,4.074008645861096106e-05,-5.132010760226565216e-01,5.071889638231550588e-05
4.380000000000000000e+02,1.711308710063889627e-01,4.315231643714101950e-01,4.239831251493861980e-05,-5.132008626433276488e-01,5.121103893038191632e-05
4.390000000000000000e+02,1.711308398265177222e-01,4.315233412895949638e-01,4.246036434934009668e-05,-5.132006410035698796e-01,5.319354187738982578e-05
4.400000000000000000e+02,1.711308626397513855e-01,4.315235244012621818e-01,4.394680012968526817e-05,-5.132004236311936696e-01,5.216937028472364056e-05
4.410000000000000000e+02,1.711308530480704915e-01,4.315237071266470603e-01,4.385409236645086337e-05,-5.132002041090398814e-01,5.268531689984223175e-05
4.420000000000000000e+02,1.711308276963701136e-01,4.315238954668814131e-01,4.520165623826187491e-05,-5.131999752949915061e-01,5.491537161474213045e-05
4.430000000000000000e+02,1.711308248597479265e-01,4.315240888611893144e-01,4.641463389118026181e-05,-5.131997435955142350e-01,5.560787454776233143e-05
4.440000000000000000e+02,1.711308150609119061e-01,4.315242808434376354e-01,4.607573960147227167e-05,-5.131995094819440384e-01,5.618725684259346075e-05
4.450000000000000000e+02,1.711308128313494270e-01,4.315244775164628899e-01,4.720152605816209645e-05,-5.131992723988085814e-01,5.689995250575649089e-05
4.460000000000000000e+02,1.711307859933752507e-01,4.315246784127909629e-01,4.821511873965975874e-05,-5.131990255857986627e-01,5.923512237174140000e-05
4.470000000000000000e+02,1.711307779313042954e-01,4.315248771490689528e-01,4.769670672319695735e-05,-5.131987763634936472e-01,5.981335321631522364e-05
4.480000000000000000e+02,1.711307824501268338e-01,4.315250858644378851e-01,5.009168854191622369e-05,-5.131985234620805025e-01,6.069633916335063280e-05
4.490000000000000000e+02,1.711307827814218252e-01,4.315253035625373212e-01,5.224754386214074386e-05,-5.131982661913776500e-01,6.174496867474860574e-05
4.500000000000000000e+02,1.711307750366772851e-01,4.315255233849803473e-01,5.275738633203852718e-05,-5.131980047525165345e-01,6.274532667991290791e-05
4.510000000000000000e+02,1.711307633983897847e-01,4.315257391583539603e-01,5.178560966349685107e-05,-5.131977399196523404e-01,6.355988740043630187e-05
4.520000000000000000e+02,1.711307645692844437e-01,4.315259632105514220e-01,5.377252739382572022e-05,-5.131974706249071705e-01,6.463073884502583324e-05
4.530000000000000000e+02,1.711307585797256503e-01,4.315261887534980745e-01,5.413030719336139093e-05,-5.131971971330178128e-01,6.563805343661056186e-05
4.540000000000000000e+02,1.711307576622528859e-01,4.315264216002609454e-01,5.588322308363405128e-05,-5.131969187179710179e-01,6.681961122622634202e-05
4.550000000000000000e+02,1.711307505958693798e-01,4.315266550601848938e-01,5.603038174388013596e-05,-5.131966357467384610e-01,6.791309582682768611e-05
4.560000000000000000e+02,1.711307489157870565e-01,4.315268950340180876e-01,5.759371997159147571e-05,-5.131963475829437460e-01,6.915931073707357057e-05
4.570000000000000000e+02,1.711307419591473755e-01,4.315271349100217035e-01,5.757024086870159764e-05,-5.131960546719591676e-01,7.029863629345303646e-05
4.580000000000000000e+02,1.711307405609009125e-01,4.315273806599717599e-01,5.897998801744014575e-05,-5.131957564457915177e-01,7.157428024302673122e-05
4.590000000000000000e+02,1.711307132057055813e-01,4.315276316984258953e-01,6.024922898958234017e-05,-5.131954461432389758e-01,7.447261262210299096e-05
4.600000000000000000e+02,1.711307358957137037e-01,4.315278874966725908e-01,6.139157920365398760e-05,-5.131951368049485485e-01,7.424118970508742331e-05
4.610000000000000000e+02,1.711307318692529833e-01,4.315281475800196720e-01,6.242000329965144770e-05,-5.131948214978190315e-01,7.567371108327324253e-05
4.620000000000000000e+02,1.711307277114647585e-01,4.315284115209990223e-01,6.334583503789253554e-05,-5.131945001115584271e-01,7.713270253495321891e-05
4.630000000000000000e+02,1.711307211626220126e-01,4.315286729732472626e-01,6.274853957704282573e-05,-5.131941733543634587e-01,7.842172679123631147e-05
4.640000000000000000e+02,1.711307255359328927e-01,4.315289500705871140e-01,6.650336156399099690e-05,-5.131938393322758030e-01,8.016530103334639195e-05
4.650000000000000000e+02,1.711307167794397510e-01,4.315292233662728072e-01,6.559096456694561716e-05,-5.131934993593568750e-01,8.159350054610131522e-05
4.660000000000000000e+02,1.711307167730992396e-01,4.315295051637078050e-01,6.763138440590129241e-05,-5.131931524551340829e-01,8.325701345813891975e-05
4.670000000000000000e+02,1.711307382710369474e-01,4.315297886519957049e-01,6.803718909853243197e-05,-5.131928054585894738e-01,8.327917071037572636e-05
4.680000000000000000e+02,1.711307343521186464e-01,4.315300736630498513e-01,6.840265299714715877e-05,-5.131924517416448506e-01,8.489206671827788831e-05
4.690000000000000000e+02,1.711307336539711621e-01,4.315303660069588210e-01,7.016253815107832974e-05,-5.131920906825185869e-01,8.665419029055984016e-05
4.700000000000000000e+02,1.711307314363146037e-01,4.315306649519765059e-01,7.174680424624909302e-05,-5.131917219706744193e-01,8.849084258700173162e-05
4.710000000000000000e+02,1.711307292378464739e-01,4.315309758010671404e-01,7.460378174996668509e-05,-5.131913445932144713e-01,9.057059038551773110e-05
4.720000000000000000e+02,1.711307478260083170e-01,4.315312854420732536e-01,7.431384146354587383e-05,-5.131909659517076561e-01,9.087396162962016683e-05
4.730000000000000000e+02,1.711307429918333955e-01,4.315315999581432749e-01,7.548385680536588249e-05,-5.131905789359977321e-01,9.288377037045130748e-05
4.740000000000000000e+02,1.711307654176937310e-01,4.315319248239239402e-01,7.796778736269118024e-05,-5.131901891986121456e-01,9.353697254526438076e-05
4.750000000000000000e+02,1.711307567938551155e-01,4.315322530451431438e-01,7.877309261003388535e-05,-5.131897902662500011e-01,9.574376692008758404e-05
4.760000000000000000e+02,1.711307495711483773e-01,4.315325783258633918e-01,7.806737286469464206e-05,-5.131893830217799657e-01,9.773867280352647883e-05
4.770000000000000000e+02,1.711307735774081906e-01,4.315329188445143349e-01,8.172447623263643442e-05,-5.131889722226793404e-01,9.859178415912827470e-05
4.780000000000000000e+02,1.711307645589822124e-01,4.315332611570811272e-01,8.215501603048258031e-05,-5.131885517940021346e-01,1.009028825374438178e-04
4.790000000000000000e+02,1.711307565205066605e-01,4.315336170084240197e-01,8.540432228798628084e-05,-5.131881204366927074e-01,1.035257542591984159e-04
4.800000000000000000e+02,1.711307736863031392e-01,4.315339731233142628e-01,8.546757366268926471e-05,-5.131876855096132450e-01,1.043824990585906135e-04
