# Time, SliderHeight, Motor1Pos, Motor1Vel, Motor2Pos, Motor2Vel
0.000000000000000000e+00,2.600000000000000089e-01,0.000000000000000000e+00,0.000000000000000000e+00,0.000000000000000000e+00,0.000000000000000000e+00
1.000000000000000000e+00,-1.221167105547907861e-01,9.165519475936889301e-03,2.199724674224853516e+00,-1.092273723343096213e-02,-2.621456936023430995e+00
2.000000000000000000e+00,-8.362618000114319106e-02,2.307974755764007416e-02,3.339414739608764560e+00,-2.519129432513751016e-02,-3.424453702009571110e+00
3.000000000000000000e+00,8.527268699428139365e-02,3.871568554639816251e-02,3.752625117301941149e+00,-3.900197730164860904e-02,-3.314563914362664399e+00
4.000000000000000000e+00,2.434576464646970029e-01,5.464913708567619571e-02,3.824028369426727636e+00,-5.294207493967846567e-02,-3.345623433127165480e+00
5.000000000000000000e+00,3.011915284522463931e-01,7.032570477664470965e-02,3.762376245832442567e+00,-6.729840671005228592e-02,-3.445519624889716859e+00
6.000000000000000000e+00,3.045814899241288676e-01,8.568742188519239134e-02,3.686812106051444715e+00,-8.233662264095391314e-02,-3.609171823416390978e+00
7.000000000000000000e+00,2.972245261232261959e-01,1.007190613094508663e-01,3.607593461822032666e+00,-9.801696004928825423e-02,-3.763280978000241639e+00
8.000000000000000000e+00,2.893585857852470355e-01,1.154095412621086864e-01,3.525715188637877695e+00,-1.142865788308359692e-01,-3.904708507571452714e+00
9.000000000000000000e+00,2.640377714658672104e-01,1.300494028326141249e-01,3.513566776921305479e+00,-1.312767371976527875e-01,-4.077638008036036155e+00
1.000000000000000000e+01,2.321505871952982136e-01,1.450761514779568273e-01,3.606419674882251236e+00,-1.491774844160271285e-01,-4.296179332409841400e+00
1.100000000000000000e+01,2.201489536696632221e-01,1.605923257359838929e-01,3.723881821926497526e+00,-1.677698996288237432e-01,-4.462179651071188857e+00
1.200000000000000000e+01,2.039017083904488548e-01,1.767789377649703342e-01,3.884786886956748564e+00,-1.869657101267225841e-01,-4.606994519495724028e+00
1.300000000000000000e+01,2.148354013022370224e-01,1.933679390442441803e-01,3.981360307025722189e+00,-2.062483463979615794e-01,-4.627832705097360666e+00
1.400000000000000000e+01,2.423501769962949637e-01,2.098468370877567823e-01,3.954935530443023595e+00,-2.251925485942255500e-01,-4.546608527103350283e+00
1.500000000000000000e+01,2.504509618917391545e-01,2.259620750823197188e-01,3.867657118695106533e+00,-2.434506122560196606e-01,-4.381935278830589198e+00
1.600000000000000000e+01,2.531526196049297961e-01,2.415272407125154952e-01,3.735639751246983664e+00,-2.607773115653648777e-01,-4.158407834242850321e+00
1.700000000000000000e+01,2.539708265115351304e-01,2.563740502945232036e-01,3.563234299681854900e+00,-2.770487262856374255e-01,-3.905139532865416374e+00
1.800000000000000000e+01,2.470945299231205872e-01,2.704558275179547722e-01,3.379626533623582230e+00,-2.921444445320085515e-01,-3.622972379129071552e+00
1.900000000000000000e+01,7.783764125372661935e-01,2.836821468505098531e-01,3.174316639813226093e+00,-3.060573192955359234e-01,-3.339089943246564829e+00
2.000000000000000000e+01,4.034257136139175470e-01,2.961494021266252719e-01,2.992141266267695165e+00,-3.191318618525240680e-01,-3.137890213677157814e+00
2.100000000000000000e+01,2.291806223473044635e-02,3.080858730658487254e-01,2.864753025413630638e+00,-3.316170460524416330e-01,-2.996444207980218710e+00
2.200000000000000000e+01,9.100275566482302070e-02,3.196353683108127397e-01,2.771878858791369193e+00,-3.435581839597847131e-01,-2.865873097762336119e+00
2.300000000000000000e+01,3.244680834404983782e-01,3.307210537106426984e-01,2.660564495959196307e+00,-3.549012228735348162e-01,-2.722329339300024298e+00
2.400000000000000000e+01,2.369389860119739677e-01,3.413250505009858826e-01,2.544959229682368207e+00,-3.656960324906443072e-01,-2.590754308106274717e+00
2.500000000000000000e+01,2.239030577390323518e-01,3.513710432480238177e-01,2.411038259289107977e+00,-3.761882737773716845e-01,-2.518137908814565673e+00
2.600000000000000000e+01,2.181746934487174827e-01,3.608996272082599654e-01,2.286860150456669238e+00,-3.863111953130833331e-01,-2.429501168570799230e+00
2.700000000000000000e+01,2.171098087494982287e-01,3.698815047837100134e-01,2.155650618108012395e+00,-3.960109293153236121e-01,-2.327936160537670496e+00
2.800000000000000000e+01,2.121786239799748897e-01,3.784383303130986476e-01,2.053638127053269535e+00,-4.052711907765838006e-01,-2.222462750702448808e+00
2.900000000000000000e+01,2.107748201082432216e-01,3.865325718830806556e-01,1.942617976795682821e+00,-4.140473554230697517e-01,-2.106279515156632254e+00
3.000000000000000000e+01,2.133144766280145321e-01,3.940071406775173535e-01,1.793896510664807042e+00,-4.228755238841325759e-01,-2.118760430655078242e+00
3.100000000000000000e+01,2.063663115497570699e-01,4.010884412698128565e-01,1.699512142150922278e+00,-4.323599899484003029e-01,-2.276271855424255808e+00
3.200000000000000000e+01,2.246347561830888684e-01,4.078280671374939770e-01,1.617510208243472913e+00,-4.413197574736339446e-01,-2.150344206056077123e+00
3.300000000000000000e+01,2.251479129661857204e-01,4.139790187119533615e-01,1.476228377870252295e+00,-4.495161259462420178e-01,-1.967128433425931355e+00
3.400000000000000000e+01,2.211537323981670466e-01,4.194815263486883494e-01,1.320601832816391319e+00,-4.569149415353778165e-01,-1.775715741392595248e+00
3.500000000000000000e+01,2.163724068804849243e-01,4.243333197118234201e-01,1.164430407152413416e+00,-4.635793598904568436e-01,-1.599460405218965597e+00
3.600000000000000000e+01,2.127865729096140024e-01,4.285122416342356799e-01,1.002941261378947235e+00,-4.695698128233904423e-01,-1.437708703904057472e+00
3.700000000000000000e+01,2.082078966575596490e-01,4.320449228815786968e-01,8.478434993623245042e-01,-4.749718284091854481e-01,-1.296483740590800959e+00
3.800000000000000000e+01,2.006126890811789354e-01,4.349281009196537262e-01,6.919627291380097134e-01,-4.798339225782308759e-01,-1.166902600570907556e+00
3.900000000000000000e+01,1.959047239360410253e-01,4.372523918294278777e-01,5.578298183457911508e-01,-4.842100636303443006e-01,-1.050273852507224603e+00
4.000000000000000000e+01,1.918029621988934785e-01,4.390900517591865282e-01,4.410383831420707779e-01,-4.881487455493228045e-01,-9.452836605548426974e-01
4.100000000000000000e+01,1.881245574574519075e-01,4.404822276612250231e-01,3.341222164892401203e-01,-4.916936367624416548e-01,-8.507738911485285271e-01
4.200000000000000000e+01,1.852197058175684974e-01,4.414986389798040700e-01,2.439387164589686408e-01,-4.948840746170354854e-01,-7.657050851025237748e-01
4.300000000000000000e+01,1.837003347698840661e-01,4.422998146345122894e-01,1.922821571299659915e-01,-4.977554865675634099e-01,-6.891388681266955585e-01
4.400000000000000000e+01,1.820407556116648284e-01,4.429411753532204732e-01,1.539265724899668009e-01,-5.003397632835030473e-01,-6.202264118254999792e-01
4.500000000000000000e+01,1.804274272252406885e-01,4.434404788479429649e-01,1.198328387334020306e-01,-5.026656182883131319e-01,-5.582052011544232917e-01
4.600000000000000000e+01,1.793795109591364012e-01,4.438635305820604060e-01,1.015324161881871745e-01,-5.047588937531066744e-01,-5.023861115504559827e-01
4.700000000000000000e+01,1.782951998634684787e-01,4.442291852467089575e-01,8.775711951565767777e-02,-5.066428476318853846e-01,-4.521489309068854601e-01
4.800000000000000000e+01,1.772909583121013433e-01,4.445438620417859754e-01,7.552243081848694639e-02,-5.083384061227862460e-01,-4.069340378161964700e-01
4.900000000000000000e+01,1.764069293736876820e-01,4.448143336447668017e-01,6.491318471539830881e-02,-5.098644147250614989e-01,-3.662420645460504054e-01
5.000000000000000000e+01,1.756367193806802618e-01,4.450486862605147476e-01,5.624462777950300224e-02,-5.112378284275737039e-01,-3.296192886029188918e-01
5.100000000000000000e+01,1.749401847388999398e-01,4.452505973528623207e-01,4.845866216341753602e-02,-5.124739007598346774e-01,-2.966573597426260256e-01
5.200000000000000000e+01,1.743196112781665308e-01,4.454232693508982099e-01,4.144127952861875047e-02,-5.135863658588695202e-01,-2.669916237683626625e-01
5.300000000000000000e+01,1.737666057723487034e-01,4.455695904012667574e-01,3.511705208845271320e-02,-5.145875904084653563e-01,-2.402938919030009335e-01
5.400000000000000000e+01,1.732733989346816328e-01,4.456921479150188770e-01,2.941380330050601816e-02,-5.154886925031015865e-01,-2.162645027127009789e-01
5.500000000000000000e+01,1.728332141980336023e-01,4.457932705621003855e-01,2.426943529955670475e-02,-5.162996843882742271e-01,-1.946380524414313140e-01
5.600000000000000000e+01,1.724401223304567743e-01,4.458750541454624683e-01,1.962806000690519442e-02,-5.170295770849295813e-01,-1.751742471972880244e-01
5.700000000000000000e+01,1.720888859179479091e-01,4.459393848877613031e-01,1.543937815172301449e-02,-5.176864805119194557e-01,-1.576568224775594940e-01
5.800000000000000000e+01,1.717749182555640686e-01,4.459879663498518831e-01,1.165955090173652516e-02,-5.182776995566747980e-01,-1.418925707412771464e-01
5.900000000000000000e+01,1.714940816069435991e-01,4.460223198155747193e-01,8.244831773476672676e-03,-5.188097966969545949e-01,-1.277033136671489044e-01
6.000000000000000000e+01,1.712427791033168945e-01,4.460438144403862659e-01,5.158709954771184894e-03,-5.192886841232063899e-01,-1.149329823004338058e-01
6.100000000000000000e+01,1.710178355584726362e-01,4.460536824641973541e-01,2.368325714665157032e-03,-5.197196828068330055e-01,-1.034396840703907389e-01
6.200000000000000000e+01,1.708164033490332800e-01,4.460530269424632932e-01,-1.573252161759567357e-04,-5.201075816220970260e-01,-9.309571566335193837e-02
6.300000000000000000e+01,1.706360075167677737e-01,4.460428465855582614e-01,-2.443285657204980442e-03,-5.204566905558345447e-01,-8.378614409701538868e-02
6.400000000000000000e+01,1.704744132014944513e-01,4.460240402328191078e-01,-4.513524657402186169e-03,-5.207708885961983558e-01,-7.540752968731503914e-02
6.500000000000000000e+01,1.703296185101978444e-01,4.459974108791844305e-01,-6.391044872326565388e-03,-5.210536668325257414e-01,-6.786677671858357130e-02
6.600000000000000000e+01,1.701998476251196657e-01,4.459636752596345399e-01,-8.096548691979073287e-03,-5.213081672452204440e-01,-6.108009904672622586e-02
6.700000000000000000e+01,1.700835593218282538e-01,4.459234843961161765e-01,-9.645807244412555465e-03,-5.215372176166456208e-01,-5.497208914205339164e-02
6.800000000000000000e+01,1.699793071507841868e-01,4.458774122874524237e-01,-1.105730607929800678e-02,-5.217433629509283799e-01,-4.947488022784909262e-02
6.900000000000000000e+01,1.698858958761664817e-01,4.458259874535130951e-01,-1.234196014544020580e-02,-5.219288937517828630e-01,-4.452739220506296558e-02
7.000000000000000000e+01,1.698021788338194282e-01,4.457696796017164842e-01,-1.351388443118928771e-02,-5.220958714725518757e-01,-4.007465298455534231e-02
7.100000000000000000e+01,1.697271057001145944e-01,4.457088935873456115e-01,-1.458864344900812765e-02,-5.222461514212439759e-01,-3.606718768609905312e-02
7.200000000000000000e+01,1.696599015413631506e-01,4.456440235824776219e-01,-1.556880116831616846e-02,-5.223814033750668884e-01,-3.246046891748857743e-02
7.300000000000000000e+01,1.695996272668612026e-01,4.455753885791950419e-01,-1.647240078781253905e-02,-5.225031301335074652e-01,-2.921442202573877253e-02
7.400000000000000000e+01,1.695479152679983115e-01,4.455039968865739941e-01,-1.713400622905015755e-02,-5.226126842161039621e-01,-2.629297982316484983e-02
7.500000000000000000e+01,1.695023347674911862e-01,4.454304102758432360e-01,-1.766078657538328392e-02,-5.227112828904408870e-01,-2.366368184084892065e-02
7.600000000000000000e+01,1.694615110507723676e-01,4.453548363178847502e-01,-1.813774991003259257e-02,-5.228000216973440750e-01,-2.129731365676271540e-02
7.700000000000000000e+01,1.694251453955760156e-01,4.452774677869568709e-01,-1.856844742269105064e-02,-5.228798866235568887e-01,-1.916758229108615416e-02
7.800000000000000000e+01,1.693927641997657607e-01,4.451984722194275435e-01,-1.895893620703326815e-02,-5.229517650571484655e-01,-1.725082406197863544e-02
7.900000000000000000e+01,1.693639490042695983e-01,4.451179944375635023e-01,-1.931466764736456190e-02,-5.230164556473808624e-01,-1.552574165578082289e-02
8.000000000000000000e+01,1.693383428091622123e-01,4.450361647814047861e-01,-1.963911747808656794e-02,-5.230746771785900195e-01,-1.397316749020324766e-02
8.100000000000000000e+01,1.693156038321647627e-01,4.449530945965229911e-01,-1.993684437163479456e-02,-5.231270765566783387e-01,-1.257585074118333299e-02
8.200000000000000000e+01,1.692955012473366383e-01,4.448689019753259144e-01,-2.020622908730374673e-02,-5.231742359969577816e-01,-1.131826566706383916e-02
8.300000000000000000e+01,1.692777251291611718e-01,4.447836812800516348e-01,-2.045296686582976503e-02,-5.232166794932092690e-01,-1.018643910035712738e-02
8.400000000000000000e+01,1.692620470847156500e-01,4.446975174367144290e-01,-2.067932240092674318e-02,-5.232548786398356633e-01,-9.167795190321421234e-03
8.500000000000000000e+01,1.692482204757717323e-01,4.446104749577982074e-01,-2.089019493988653747e-02,-5.232892578717993626e-01,-8.251015671287885087e-03
8.600000000000000000e+01,1.692361013320536345e-01,4.445226238254674778e-01,-2.108427175937378426e-02,-5.233201991805667141e-01,-7.425914104159124507e-03
8.700000000000000000e+01,1.692255138674279291e-01,4.444340270236702417e-01,-2.126323243133665733e-02,-5.233480463584573306e-01,-6.683322693742691119e-03
8.800000000000000000e+01,1.692162689712947421e-01,4.443447293170307288e-01,-2.143144959347643291e-02,-5.233731088185589186e-01,-6.014990424367902370e-03
8.900000000000000000e+01,1.692082915225541495e-01,4.442547888751042784e-01,-2.158570606235078043e-02,-5.233956650326503368e-01,-5.413491381929869117e-03
9.000000000000000000e+01,1.692013582687928730e-01,4.441642282481682025e-01,-2.173455046466089141e-02,-5.234159656253325466e-01,-4.872142243735858198e-03
9.100000000000000000e+01,1.691954311425727109e-01,4.440730856128655146e-01,-2.187423247263843226e-02,-5.234342361587465131e-01,-4.384928019362673533e-03
9.200000000000000000e+01,1.691904033715928013e-01,4.439813953281750436e-01,-2.200566832571572082e-02,-5.234506796388190830e-01,-3.946435217427465662e-03
9.300000000000000000e+01,1.691861678483359832e-01,4.438891823567131523e-01,-2.213111315085925651e-02,-5.234654787708844514e-01,-3.551791695685876417e-03
9.400000000000000000e+01,1.691826128580875555e-01,4.437964572439055955e-01,-2.225402707381097037e-02,-5.234787979897432830e-01,-3.196612526117015556e-03
9.500000000000000000e+01,1.691797296033886178e-01,4.437032473620290962e-01,-2.237037165036515063e-02,-5.234907852867162203e-01,-2.876951273504996850e-03
9.600000000000000000e+01,1.691774095425115643e-01,4.436095654252036335e-01,-2.248366483811237507e-02,-5.235015738539918750e-01,-2.589256146154493739e-03
9.700000000000000000e+01,1.691756197144290153e-01,4.435154288366017217e-01,-2.259278126445752807e-02,-5.235112835645399088e-01,-2.330330531538849642e-03
9.800000000000000000e+01,1.691742704218941462e-01,4.434208413381496849e-01,-2.270099962849015870e-02,-5.235200223040331613e-01,-2.097297478385949480e-03
9.900000000000000000e+01,1.691733411630767236e-01,4.433258122580456262e-01,-2.280697922496744204e-02,-5.235278871695770997e-01,-1.887567730547923955e-03
1.000000000000000000e+02,1.691727890682711843e-01,4.432303499916679379e-01,-2.291094393064386364e-02,-5.235349655485667109e-01,-1.698810957493455216e-03
1.010000000000000000e+02,1.691725776941153669e-01,4.431344620948570734e-01,-2.301309523460082218e-02,-5.235413360896573609e-01,-1.528929861742734514e-03
1.020000000000000000e+02,1.691726210179224643e-01,4.430381374864760802e-01,-2.311790601143305299e-02,-5.235470695766388793e-01,-1.376036875567056544e-03
1.030000000000000000e+02,1.691729551319260949e-01,4.429413840748951392e-01,-2.322081877942983388e-02,-5.235522297149222126e-01,-1.238433188010775723e-03
1.040000000000000000e+02,1.691735281381883393e-01,4.428442030171828581e-01,-2.332345385095014462e-02,-5.235568738393772126e-01,-1.114589869210698457e-03
1.050000000000000000e+02,1.691743020409275378e-01,4.427465893942365560e-01,-2.342726950711515599e-02,-5.235610535513867125e-01,-1.003130882290714744e-03
1.060000000000000000e+02,1.691752606107258250e-01,4.426485387788637871e-01,-2.353214768946055441e-02,-5.235648152921953402e-01,-9.028177940627254983e-04
1.070000000000000000e+02,1.691763693899268339e-01,4.425500412261269556e-01,-2.363941265684222498e-02,-5.235682008589230829e-01,-8.125360146555275385e-04
1.080000000000000000e+02,1.691776529129232209e-01,4.424510997065110862e-01,-2.374596470780866025e-02,-5.235712478689780180e-01,-7.312824131898684786e-04
1.090000000000000000e+02,1.691790554914786304e-01,4.423517049725237960e-01,-2.385473615694966645e-02,-5.235739901780275263e-01,-6.581541718713450513e-04
1.100000000000000000e+02,1.691805537046832952e-01,4.422518427409574682e-01,-2.396693557592267237e-02,-5.235764582561720504e-01,-5.923387546832117358e-04
1.110000000000000000e+02,1.691821600549207605e-01,4.421515061173896810e-01,-2.408078965627025864e-02,-5.235786795265021665e-01,-5.331048792145532235e-04
1.120000000000000000e+02,1.691838990293814127e-01,4.420507008177692598e-01,-2.419327190890508891e-02,-5.235806786697991821e-01,-4.797943912918280077e-04
1.130000000000000000e+02,1.691856658522735979e-01,4.419494021841277043e-01,-2.431167207397200852e-02,-5.235824778987665518e-01,-4.318149521634970104e-04
1.140000000000000000e+02,1.691875066270386585e-01,4.418475999452223801e-01,-2.443253733727780014e-02,-5.235840972048371178e-01,-3.886334569465342038e-04
1.150000000000000000e+02,1.691894295869339759e-01,4.417452908173993831e-01,-2.455419067752463019e-02,-5.235855545803006494e-01,-3.497701112530031279e-04
1.160000000000000000e+02,1.691947068178870917e-01,4.416435745312984884e-01,-2.441190866421606015e-02,-5.235868662182178168e-01,-3.147931001282656569e-04
1.170000000000000000e+02,1.691999511548736568e-01,4.415425646562173290e-01,-2.424237001947427209e-02,-5.235880466923432675e-01,-2.833137901162640173e-04
1.180000000000000000e+02,1.692051255015579736e-01,4.414422441952342568e-01,-2.407691063593465214e-02,-5.235891091190562063e-01,-2.549824111053204190e-04
1.190000000000000000e+02,1.692102955233678596e-01,4.413426038115842442e-01,-2.391369207600303401e-02,-5.235900653030978180e-01,-2.294841699948525727e-04
1.200000000000000000e+02,1.692154394211088653e-01,4.412436291417142775e-01,-2.375392076879335318e-02,-5.235909258687353462e-01,-2.065357529961282736e-04
1.210000000000000000e+02,1.692205773243404821e-01,4.411453132188911108e-01,-2.359582147755867609e-02,-5.235917003778091106e-01,-1.858821776955380868e-04
1.220000000000000000e+02,1.692256876725490577e-01,4.410476438125903731e-01,-2.344065751217572560e-02,-5.235923974359755206e-01,-1.672939599251629570e-04
1.230000000000000000e+02,1.692307555274956965e-01,4.409506039548756196e-01,-2.328956585153419898e-02,-5.235930247883252564e-01,-1.505645639312190814e-04
1.240000000000000000e+02,1.692358027953529132e-01,4.408541843350686218e-01,-2.314070875368479802e-02,-5.235935894054399853e-01,-1.355081075376230707e-04
1.250000000000000000e+02,1.692408272500773581e-01,4.407583765735588188e-01,-2.299386276235005494e-02,-5.235940975608432968e-01,-1.219572967840988137e-04
1.260000000000000000e+02,1.692457939136821632e-01,4.406631612077678839e-01,-2.285168778982572119e-02,-5.235945549007062771e-01,-1.097615671046276706e-04
1.270000000000000000e+02,1.692507284091865072e-01,4.405685266818397117e-01,-2.271228622275734549e-02,-5.235949665065828817e-01,-9.878541039305459238e-05
1.280000000000000000e+02,1.692556124576097276e-01,4.404744566350394241e-01,-2.257681123207300189e-02,-5.235953369518718814e-01,-8.890686935454793671e-05
1.290000000000000000e+02,1.692604863268992732e-01,4.403809482636344974e-01,-2.244200913718641735e-02,-5.235956703526319922e-01,-8.001618241848541520e-05
1.300000000000000000e+02,1.692653099027022212e-01,4.402879871233367215e-01,-2.231067367146622599e-02,-5.235959704133160697e-01,-7.201456417584378386e-05
1.310000000000000000e+02,1.692701078996327879e-01,4.401955661747511961e-01,-2.218102766052077249e-02,-5.235962404679317395e-01,-6.481310775798405878e-05
1.320000000000000000e+02,1.692748266351853659e-01,4.401036612010291171e-01,-2.205719369329629462e-02,-5.235964835170858755e-01,-5.833179698190153636e-05
1.330000000000000000e+02,1.692795483280428726e-01,4.400122742488644101e-01,-2.193286851952304037e-02,-5.235967022613245980e-01,-5.249861728265928446e-05
1.340000000000000000e+02,1.692842104568177408e-01,4.399213892788882418e-01,-2.181239279427904521e-02,-5.235968991311393816e-01,-4.724875555330228813e-05
1.350000000000000000e+02,1.692888406950942559e-01,4.398309978161331069e-01,-2.169395106123773315e-02,-5.235970763139726758e-01,-4.252387999845474070e-05
1.360000000000000000e+02,1.692934559422598628e-01,4.397410981935926944e-01,-2.157590940970433718e-02,-5.235972357785226849e-01,-3.827149199937222580e-05
1.370000000000000000e+02,1.692979670045181295e-01,4.396516591086389592e-01,-2.146538038890044575e-02,-5.235973792966176488e-01,-3.444434279912683705e-05
1.380000000000000000e+02,1.693024971484534680e-01,4.395626881516935258e-01,-2.135302966690533905e-02,-5.235975084629030940e-01,-3.099990851995640899e-05
1.390000000000000000e+02,1.693069788594742942e-01,4.394741742727424350e-01,-2.124333094826181406e-02,-5.235976247125599947e-01,-2.789991766915388718e-05
1.400000000000000000e+02,1.693114038362069362e-01,4.393861015663086400e-01,-2.113744954410945801e-02,-5.235977293372512387e-01,-2.510992590365483987e-05
1.410000000000000000e+02,1.693158303050418811e-01,4.392984735988562650e-01,-2.103071218857533592e-02,-5.235978234994733693e-01,-2.259893331379375859e-05
1.420000000000000000e+02,1.693201294538495549e-01,4.392112518569515900e-01,-2.093321805712068315e-02,-5.235979082454732536e-01,-2.033903998266965068e-05
1.430000000000000000e+02,1.693244823043504321e-01,4.391244553226846259e-01,-2.083116822406472571e-02,-5.235979845168732272e-01,-1.830513598531116165e-05
1.440000000000000000e+02,1.693287434601959129e-01,4.390380593566851064e-01,-2.073503183989001269e-02,-5.235980531611331701e-01,-1.647462238605001421e-05
1.450000000000000000e+02,1.693330032653387052e-01,4.389520656253775299e-01,-2.063849551381169781e-02,-5.235981149409670854e-01,-1.482716014744482407e-05
1.460000000000000000e+02,1.693372010341897826e-01,4.388664577471506623e-01,-2.054589077444158446e-02,-5.235981705428176536e-01,-1.334444413332000861e-05
1.470000000000000000e+02,1.693413646711705300e-01,4.387812269390188313e-01,-2.045539395163543245e-02,-5.235982205844831316e-01,-1.200999971978417774e-05
1.480000000000000000e+02,1.693454945166200654e-01,4.386963652962949101e-01,-2.036679425373710828e-02,-5.235982656219820841e-01,-1.080899974833947864e-05
1.490000000000000000e+02,1.693496099172203118e-01,4.386118716652249727e-01,-2.027847145678096999e-02,-5.235983061557311080e-01,-9.728099773450009125e-06
1.500000000000000000e+02,1.693536401909597200e-01,4.385277211655725926e-01,-2.019611991657123060e-02,-5.235983426361052739e-01,-8.755289796838637678e-06
1.510000000000000000e+02,1.693576864751503153e-01,4.384439212074473513e-01,-2.011198995006058948e-02,-5.235983754684420122e-01,-7.879760816735723164e-06
1.520000000000000000e+02,1.693616849456939522e-01,4.383604605785544339e-01,-2.003055093430284456e-02,-5.235984050175450655e-01,-7.091784735152475053e-06
1.530000000000000000e+02,1.693656275287999946e-01,4.382773232273640129e-01,-1.995296428569703906e-02,-5.235984316117378023e-01,-6.382606261661959046e-06
1.540000000000000000e+02,1.693695723114732876e-01,4.381945125888927484e-01,-1.987455323310350491e-02,-5.235984555465112988e-01,-5.744345636021032836e-06
1.550000000000000000e+02,1.693734608125493091e-01,4.381120138732621516e-01,-1.979969175134588602e-02,-5.235984770878073791e-01,-5.169911072034516355e-06
1.560000000000000000e+02,1.693773031550848962e-01,4.380298137695815552e-01,-1.972802488334047047e-02,-5.235984964749739179e-01,-4.652919966155748778e-06
1.570000000000000000e+02,1.693811374552731952e-01,4.379479122189783857e-01,-1.965637214476201669e-02,-5.235985139234238250e-01,-4.187627969089352303e-06
1.580000000000000000e+02,1.693849597774529370e-01,4.378663091684672493e-01,-1.958473212266876110e-02,-5.235985296270286860e-01,-3.768865171371112667e-06
1.590000000000000000e+02,1.693887015773644367e-01,4.377849807285034700e-01,-1.951882559130968878e-02,-5.235985437602730386e-01,-3.391978654772628042e-06
1.600000000000000000e+02,1.693924117552767228e-01,4.377039173194257060e-01,-1.945521817866335823e-02,-5.235985564801930447e-01,-3.052780790237851302e-06
1.610000000000000000e+02,1.693961405567491196e-01,4.376231282009322432e-01,-1.938938843843374463e-02,-5.235985679281209837e-01,-2.747502710090964393e-06
1.620000000000000000e+02,1.693998281785087379e-01,4.375426038253580341e-01,-1.932585013780352759e-02,-5.235985782312561065e-01,-2.472752439543463344e-06
1.630000000000000000e+02,1.694034660194042863e-01,4.374623296393401750e-01,-1.926580464428618439e-02,-5.235985875040777282e-01,-2.225477196558983710e-06
1.640000000000000000e+02,1.694069577118951508e-01,4.373822567820651042e-01,-1.921748574601967255e-02,-5.235985958496172099e-01,-2.002929477590059256e-06
1.650000000000000000e+02,1.694103289219381636e-01,4.373023412788006326e-01,-1.917972078347851897e-02,-5.235986033606027101e-01,-1.802636530098987724e-06
1.660000000000000000e+02,1.694136778827562417e-01,4.372225733546101223e-01,-1.914430180571713089e-02,-5.235986101204896936e-01,-1.622372878083736406e-06
1.670000000000000000e+02,1.694169980048597368e-01,4.371429442120507436e-01,-1.911099421425622308e-02,-5.235986162043879677e-01,-1.460135590512675097e-06
1.680000000000000000e+02,1.694202918455404994e-01,4.370634459334237776e-01,-1.907958687046784965e-02,-5.235986216798964588e-01,-1.314122031894145158e-06
1.690000000000000000e+02,1.694235625912304533e-01,4.369840773532649991e-01,-1.904845923810816882e-02,-5.235986206473896010e-01,2.478016464099019252e-07
1.700000000000000000e+02,1.694268260473876242e-01,4.369048314621920559e-01,-1.901901385751037302e-02,-5.235986197181333734e-01,2.230214819427647368e-07
1.710000000000000000e+02,1.694300338631038183e-01,4.368256900308318813e-01,-1.899394352644723921e-02,-5.235986188818028131e-01,2.007193323089737687e-07
1.720000000000000000e+02,1.694332629952783331e-01,4.367466604946065867e-01,-1.896708869406672077e-02,-5.235986181291053532e-01,1.806473989271446921e-07
1.730000000000000000e+02,1.694364526893996636e-01,4.366677316640027451e-01,-1.894291934492331464e-02,-5.235986174516775726e-01,1.625826599103213709e-07
1.740000000000000000e+02,1.694396458939363415e-01,4.365889053893871607e-01,-1.891830590774557994e-02,-5.235986168419926035e-01,1.463243931274543744e-07
1.750000000000000000e+02,1.694427872651386724e-01,4.365101654546965082e-01,-1.889758432576060798e-02,-5.235986162932760868e-01,1.316919538305648009e-07
1.760000000000000000e+02,1.694459211892389294e-01,4.364315091864027774e-01,-1.887750439049940346e-02,-5.235986157994312329e-01,1.185227575920066534e-07
1.770000000000000000e+02,1.694490106992980472e-01,4.363529222574017985e-01,-1.886086296023892911e-02,-5.235986153549708755e-01,1.066704809308610807e-07
1.780000000000000000e+02,1.694521147546000084e-01,4.362744096546932182e-01,-1.884302465005527685e-02,-5.235986149549565205e-01,9.600343234902815291e-08
1.790000000000000000e+02,1.694551753013718021e-01,4.361959579851833468e-01,-1.882840068236380990e-02,-5.235986145949436121e-01,8.640308799018491087e-08
1.800000000000000000e+02,1.694582188337349360e-01,4.361175611555523357e-01,-1.881523911144133976e-02,-5.235986142709320168e-01,7.776277808734624426e-08
1.810000000000000000e+02,1.694612622889689890e-01,4.360392196422767652e-01,-1.880196318613692325e-02,-5.235986139793216143e-01,6.998649987820377202e-08
1.820000000000000000e+02,1.694642526823374185e-01,4.359609159927921307e-01,-1.879287587631229064e-02,-5.235986137168722188e-01,6.298785016470115578e-08
1.830000000000000000e+02,1.694672516613934532e-01,4.358826523811837883e-01,-1.878326678599551852e-02,-5.235986134806678294e-01,5.668906479627106292e-08
1.840000000000000000e+02,1.694702360518231254e-01,4.358044248036641588e-01,-1.877461860470974742e-02,-5.235986132680838789e-01,5.102015950038427418e-08
1.850000000000000000e+02,1.694731748980825292e-01,4.357262177358953714e-01,-1.876969626450231479e-02,-5.235986130767582569e-01,4.591814470343759001e-08
1.860000000000000000e+02,1.694761443810522406e-01,4.356480410478313359e-01,-1.876240513536586718e-02,-5.235986129045652193e-01,4.132632953143274392e-08
1.870000000000000000e+02,1.694790662960029004e-01,4.355698797805725997e-01,-1.875870414209268588e-02,-5.235986127495915188e-01,3.719369678676892651e-08
1.880000000000000000e+02,1.694819524052251503e-01,4.354917204711096779e-01,-1.875823427109591518e-02,-5.235986126101151994e-01,3.347432793515605232e-08
1.890000000000000000e+02,1.694848405982371797e-01,4.354135629236630112e-01,-1.875781138719867860e-02,-5.235986124845865008e-01,3.012689638121446601e-08
1.900000000000000000e+02,1.694877102646185352e-01,4.353354010015664799e-01,-1.875886130316617439e-02,-5.235986123716106500e-01,2.711420759771906647e-08
1.910000000000000000e+02,1.694905650445555079e-01,4.352572291818205819e-01,-1.876123673901154004e-02,-5.235986122699323175e-01,2.440278714811025396e-08
1.920000000000000000e+02,1.694934065513374888e-01,4.351790424937257984e-01,-1.876480514274670233e-02,-5.235986121784218517e-01,2.196250721298263075e-08
1.930000000000000000e+02,1.694962362364310637e-01,4.351008364636525516e-01,-1.876944721758322734e-02,-5.235986120960623991e-01,1.976625605287666236e-08
1.940000000000000000e+02,1.694990214747206236e-01,4.350225951444052219e-01,-1.877791661936045742e-02,-5.235986120219389139e-01,1.778962913721386484e-08
1.950000000000000000e+02,1.695018215079998058e-01,4.349443220649012454e-01,-1.878553908095970809e-02,-5.235986119552278328e-01,1.601066555133329471e-08
1.960000000000000000e+02,1.695045788719772850e-01,4.348660025197728096e-01,-1.879669083082324832e-02,-5.235986118951878598e-01,1.440959956011409805e-08
1.970000000000000000e+02,1.695073542874642736e-01,4.347876411555823828e-01,-1.880672740569977117e-02,-5.235986118411518619e-01,1.296864023361367829e-08
1.980000000000000000e+02,1.695100899678471107e-01,4.347092242728427536e-01,-1.882005185751234669e-02,-5.235986117925194305e-01,1.167177617428796915e-08
1.990000000000000000e+02,1.695128124220721677e-01,4.346307455024798760e-01,-1.883490488709327337e-02,-5.235986117487502201e-01,1.050459795512175725e-08
2.000000000000000000e+02,1.695155216512531371e-01,4.345521991123271199e-01,-1.885113363666546596e-02,-5.235986117093579528e-01,9.454136887017286581e-09
2.010000000000000000e+02,1.695181854143821554e-01,4.344735680225055297e-01,-1.887146155717900342e-02,-5.235986116739049789e-01,8.508722426999563450e-09
2.020000000000000000e+02,1.695208971717223345e-01,4.343948666634465106e-01,-1.888832617416591475e-02,-5.235986116419972802e-01,7.657851160670758460e-09
2.030000000000000000e+02,1.695235586540199679e-01,4.343160782202158954e-01,-1.890922637535297213e-02,-5.235986116132803625e-01,6.892066365194557019e-09
2.040000000000000000e+02,1.695262179684632609e-01,4.342371994803018720e-01,-1.893089757937094220e-02,-5.235986115874351476e-01,6.202860361565159901e-09
2.050000000000000000e+02,1.695288723208841497e-01,4.341582275524438206e-01,-1.895326268593633401e-02,-5.235986115641744210e-01,5.582575142314238594e-09
2.060000000000000000e+02,1.695314886485153050e-01,4.340791479135782116e-01,-1.897911332774348744e-02,-5.235986115432397225e-01,5.024317668738405675e-09
2.070000000000000000e+02,1.695340749120203272e-01,4.339999474929479573e-01,-1.900810095126770002e-02,-5.235986115243985717e-01,4.521884829182464221e-09
2.080000000000000000e+02,1.695366857646331271e-01,4.339206324082649502e-01,-1.903562032391504025e-02,-5.235986115074414693e-01,4.069697284416056728e-09
2.090000000000000000e+02,1.695392798999109663e-01,4.338411962445410941e-01,-1.906467929372012912e-02,-5.235986114921801216e-01,3.662726847838644118e-09
2.100000000000000000e+02,1.695418459830772273e-01,4.337616272678225804e-01,-1.909655441244328608e-02,-5.235986114784448864e-01,3.296454510218009402e-09
2.110000000000000000e+02,1.695443893026295501e-01,4.336819149175509258e-01,-1.913096406519309775e-02,-5.235986114660832191e-01,2.966808828484296552e-09
2.120000000000000000e+02,1.695469298767690591e-01,4.336020556496880674e-01,-1.916622428709136017e-02,-5.235986114549576742e-01,2.670128866836204859e-09
2.130000000000000000e+02,1.695494837965364765e-01,4.335220522350641259e-01,-1.920081950974994456e-02,-5.235986114449446838e-01,2.403115740931210069e-09
2.140000000000000000e+02,1.695519975050903683e-01,4.334418892860328332e-01,-1.923910776751558763e-02,-5.235986114359330035e-01,2.162804072622826097e-09
2.150000000000000000e+02,1.695544811496501048e-01,4.333615529537125366e-01,-1.928071975687783643e-02,-5.235986114278224912e-01,1.946523551447063466e-09
2.160000000000000000e+02,1.695569896118121200e-01,4.332810486555031537e-01,-1.932103157025322204e-02,-5.235986114205229969e-01,1.751871348730382901e-09
2.170000000000000000e+02,1.695594816971993657e-01,4.332003693461357052e-01,-1.936303424818897057e-02,-5.235986114139534742e-01,1.576683516948366466e-09
2.180000000000000000e+02,1.695619123883987944e-01,4.331194908034746716e-01,-1.941085023865341333e-02,-5.235986114080408704e-01,1.419014885334339982e-09
2.190000000000000000e+02,1.695643961904760300e-01,4.330384269903849170e-01,-1.945531514154641081e-02,-5.235986114027195715e-01,1.277112432173866443e-09
2.200000000000000000e+02,1.695668327591485225e-01,4.329571606711224430e-01,-1.950391662299777451e-02,-5.235986113979304024e-01,1.149401312812051390e-09
2.210000000000000000e+02,1.695692706088633706e-01,4.328756882544466111e-01,-1.955338000220230299e-02,-5.235986113936201836e-01,1.034461164154600613e-09
2.220000000000000000e+02,1.695716899643961162e-01,4.327940005477763918e-01,-1.960504960085929227e-02,-5.235986113897409533e-01,9.310159412850809834e-10
2.230000000000000000e+02,1.695740954150227464e-01,4.327120892777888139e-01,-1.965870479702402918e-02,-5.235986113862496349e-01,8.379144492761779071e-10
2.240000000000000000e+02,1.695764723865139934e-01,4.326299410380287092e-01,-1.971557754241981888e-02,-5.235986113831074817e-01,7.541228051258603508e-10
2.250000000000000000e+02,1.695788606379708408e-01,4.325475556836154700e-01,-1.977248505917339472e-02,-5.235986113802795217e-01,6.787111277878500994e-10
2.260000000000000000e+02,1.695812223692401421e-01,4.324649211632275447e-01,-1.983228489309940556e-02,-5.235986113777343354e-01,6.108399619533776690e-10
2.270000000000000000e+02,1.695835819425857427e-01,4.323820325911399975e-01,-1.989325730100599543e-02,-5.235986113754437232e-01,5.497556270216445370e-10
2.280000000000000000e+02,1.695859388085949881e-01,4.322988855702004640e-01,-1.995528502549470673e-02,-5.235986113733821501e-01,4.947808723795096982e-10
2.290000000000000000e+02,1.695882772527879112e-01,4.322154701825072221e-01,-2.001969304638340566e-02,-5.235986113715267454e-01,4.453030998441565448e-10
2.300000000000000000e+02,1.695905851259911501e-01,4.321317715414842997e-01,-2.008767384550536050e-02,-5.235986113698568589e-01,4.007733458068935570e-10
2.310000000000000000e+02,1.695929026802479589e-01,4.320477881701422773e-01,-2.015600912208803316e-02,-5.235986113683539500e-01,3.606961769682326608e-10
2.320000000000000000e+02,1.695951923882396684e-01,4.319635068182617332e-01,-2.022752445133457755e-02,-5.235986113670013653e-01,3.246262926291221924e-10
2.330000000000000000e+02,1.695974960431728684e-01,4.318789274815740820e-01,-2.029904080502964447e-02,-5.235986113657840058e-01,2.921641634517091750e-10
2.340000000000000000e+02,1.695997756478846152e-01,4.317940382353087636e-01,-2.037341910367640799e-02,-5.235986113646884377e-01,2.629476175625898538e-10
2.350000000000000000e+02,1.696020216497408362e-01,4.317088223867077135e-01,-2.045180366425602969e-02,-5.235986113637023376e-01,2.366539262761511032e-10
2.360000000000000000e+02,1.696042748910080999e-01,4.316232768332176062e-01,-2.053093283762574828e-02,-5.235986113628149363e-01,2.129876477186923062e-10
2.370000000000000000e+02,1.696065322195831060e-01,4.315373987825404933e-01,-2.061073216250575157e-02,-5.235986113620162419e-01,1.916899809918856115e-10
2.380000000000000000e+02,1.696087433883164131e-01,4.314511678402148109e-01,-2.069542615816910222e-02,-5.235986113612973725e-01,1.725212117067469382e-10
2.390000000000000000e+02,1.696109714464592855e-01,4.313645835326185285e-01,-2.078023382311444678e-02,-5.235986113606504455e-01,1.552683255871397327e-10
2.400000000000000000e+02,1.696131763397001335e-01,4.312776335125628746e-01,-2.086800481336226198e-02,-5.235986113600681335e-01,1.397421205215292170e-10
2.410000000000000000e+02,1.696153997871787944e-01,4.311903185885069267e-01,-2.095558177343281869e-02,-5.235986113595441083e-01,1.257666802249312612e-10
2.420000000000000000e+02,1.696175522488833354e-01,4.311026096857414336e-01,-2.105013666371702633e-02,-5.235986113590724855e-01,1.131899840910239783e-10
2.430000000000000000e+02,1.696197376609722418e-01,4.310145104393505178e-01,-2.114381913381979325e-02,-5.235986113586480473e-01,1.018709510507254221e-10
2.440000000000000000e+02,1.696219104729677629e-01,4.309260121999808901e-01,-2.123957744870930142e-02,-5.235986113582660195e-01,9.168447087590247697e-11
2.450000000000000000e+02,1.696240266917017903e-01,4.308370952622856409e-01,-2.134006504685581618e-02,-5.235986053974577281e-01,1.430593990488111546e-06
2.460000000000000000e+02,1.696261654722793777e-01,4.307477538123815619e-01,-2.144194797698428107e-02,-5.235986000327302881e-01,1.287534591482562895e-06
2.470000000000000000e+02,1.696282716265360424e-01,4.306579706968446941e-01,-2.154794772884693899e-02,-5.235985952044756031e-01,1.158781132820784648e-06
2.480000000000000000e+02,1.696304052125313377e-01,4.305677483589870347e-01,-2.165336108584492089e-02,-5.235985908590463644e-01,1.042903020499583577e-06
2.490000000000000000e+02,1.696325079128469249e-01,4.304770711163958263e-01,-2.176253822189000084e-02,-5.235985869481600830e-01,9.386127185655634470e-07
2.500000000000000000e+02,1.696345906735121645e-01,4.303859248548996819e-01,-2.187510275907600388e-02,-5.235985834283624074e-01,8.447514479163427932e-07
2.510000000000000000e+02,1.696366746581488005e-01,4.302943028322087637e-01,-2.198928544581502109e-02,-5.235985802605445105e-01,7.602763036088018193e-07
2.520000000000000000e+02,1.696387596484175697e-01,4.302021989802622959e-01,-2.210492446715095136e-02,-5.235985774095083256e-01,6.842486741501216710e-07
2.530000000000000000e+02,1.696407789638792463e-01,4.301095839959476197e-01,-2.222759623552362021e-02,-5.235985748435757481e-01,6.158238057032770069e-07
2.540000000000000000e+02,1.696428182428459663e-01,4.300164553483212249e-01,-2.235087543033076329e-02,-5.235985725342364727e-01,5.542414237904737438e-07
2.550000000000000000e+02,1.696448694210580255e-01,4.299228107595340354e-01,-2.247470130892814666e-02,-5.235985704558311360e-01,4.988172811956727629e-07
2.560000000000000000e+02,1.696468646215589238e-01,4.298286243376638893e-01,-2.260474124883637623e-02,-5.235985685852663218e-01,4.489355531427485142e-07
2.570000000000000000e+02,1.696488887385559641e-01,4.297338966218388068e-01,-2.273465179802514405e-02,-5.235985669017579891e-01,4.040419975872882309e-07
2.580000000000000000e+02,1.696508640721155203e-01,4.296386042554160567e-01,-2.287016794146535040e-02,-5.235985653866005451e-01,3.636377976656764120e-07
2.590000000000000000e+02,1.696528406403695621e-01,4.295427381383461474e-01,-2.300786809678223577e-02,-5.235985640229587901e-01,3.272740189556960598e-07
2.600000000000000000e+02,1.696548165267772468e-01,4.294462900805845473e-01,-2.314753386278800562e-02,-5.235985627956811772e-01,2.945466168902680570e-07
2.610000000000000000e+02,1.696567425409505336e-01,4.293492348296977235e-01,-2.329326021283773321e-02,-5.235985616911313922e-01,2.650919540636871840e-07
2.620000000000000000e+02,1.696586843602998218e-01,4.292515675398889674e-01,-2.344014955410278489e-02,-5.235985606970365858e-01,2.385827592712169443e-07
2.630000000000000000e+02,1.696606020559008332e-01,4.291532719290122588e-01,-2.359094661041138963e-02,-5.235985598023512599e-01,2.147244838145024511e-07
2.640000000000000000e+02,1.696624877185953228e-01,4.290543273826716852e-01,-2.374669112173366167e-02,-5.235985589971344778e-01,1.932520360011100239e-07
2.650000000000000000e+02,1.696643840274145998e-01,4.289547272688399304e-01,-2.390402731961849270e-02,-5.235985582724392851e-01,1.739268332569876482e-07
2.660000000000000000e+02,1.696662709405080127e-01,4.288544596582278823e-01,-2.406422654688489260e-02,-5.235985576202136782e-01,1.565341486965862356e-07
2.670000000000000000e+02,1.696681197444080136e-01,4.287535018935464404e-01,-2.422986352354338999e-02,-5.235985570332105654e-01,1.408807341828502636e-07
2.680000000000000000e+02,1.696699416852935627e-01,4.286518335832353865e-01,-2.440039447465558106e-02,-5.235985565049078305e-01,1.267926594068044570e-07
2.690000000000000000e+02,1.696717943963454711e-01,4.285494542562839348e-01,-2.457103846835239844e-02,-5.235985560294353913e-01,1.141133937776703526e-07
2.700000000000000000e+02,1.696736016317837437e-01,4.284463396469244678e-01,-2.474750624627342424e-02,-5.235985556015101405e-01,1.027020551649251794e-07
2.710000000000000000e+02,1.696753973479013522e-01,4.283424738764306516e-01,-2.492778491852121539e-02,-5.235985552163774370e-01,9.243184923040563897e-08
2.720000000000000000e+02,1.696771663215963233e-01,4.282378366934842528e-01,-2.511292390713837711e-02,-5.235985548697580372e-01,8.318866430591343001e-08
2.730000000000000000e+02,1.696789168025011896e-01,4.281324098718988780e-01,-2.530243718048730273e-02,-5.235985545578005773e-01,7.486979866764644675e-08
2.740000000000000000e+02,1.696806713238901143e-01,4.280261829685713115e-01,-2.549445679861994316e-02,-5.235985542770388301e-01,6.738281963688917556e-08
2.750000000000000000e+02,1.696824130013787069e-01,4.279191406242440765e-01,-2.569016263853374227e-02,-5.235985540243532910e-01,6.064453768191741288e-08
2.760000000000000000e+02,1.696841140088229949e-01,4.278112570946565607e-01,-2.589204710099846096e-02,-5.235985537969363168e-01,5.458008480621066090e-08
2.770000000000000000e+02,1.696857867787066321e-01,4.277025092099742132e-01,-2.609949232375941355e-02,-5.235985535922610401e-01,4.912207742472987095e-08
2.780000000000000000e+02,1.696874727037972763e-01,4.275928880382748876e-01,-2.630908120783815099e-02,-5.235985534080532799e-01,4.420987080422893309e-08
2.790000000000000000e+02,1.696890995096661525e-01,4.274823616989706920e-01,-2.652632143300159839e-02,-5.235985532422662292e-01,3.978888460129337902e-08
2.800000000000000000e+02,1.696907215604901431e-01,4.273709134204615734e-01,-2.674758684219114349e-02,-5.235985530930579168e-01,3.580999539886493903e-08
2.810000000000000000e+02,1.696923383720299050e-01,4.272585281083073894e-01,-2.697247491700549213e-02,-5.235985529587704468e-01,3.222899592611080369e-08
2.820000000000000000e+02,1.696939367714497549e-01,4.271451862170475566e-01,-2.720205390235586052e-02,-5.235985528379116793e-01,2.900609657763935208e-08
2.830000000000000000e+02,1.696954900330445160e-01,4.270308582348386617e-01,-2.743871573013745291e-02,-5.235985527291387998e-01,2.610548623428957517e-08
2.840000000000000000e+02,1.696970469390973457e-01,4.269155295219504986e-01,-2.767889109315913032e-02,-5.235985526312432192e-01,2.349493717239452072e-08
2.850000000000000000e+02,1.696985361489134481e-01,4.267991630607680387e-01,-2.792795068379438916e-02,-5.235985525431372523e-01,2.114544303957114328e-08
2.860000000000000000e+02,1.697000317704464301e-01,4.266817434168311274e-01,-2.818071454485871277e-02,-5.235985524638417932e-01,1.903089985586211202e-08
2.870000000000000000e+02,1.697016351898151532e-01,4.265632924619125466e-01,-2.842822918046072900e-02,-5.235985523924758800e-01,1.712780887803634953e-08
2.880000000000000000e+02,1.697031660725707158e-01,4.264437821968919407e-01,-2.868246360494408620e-02,-5.235985463677821361e-01,1.445926501522023326e-06
2.890000000000000000e+02,1.697047255166365121e-01,4.263231993434900002e-01,-2.893988481647102526e-02,-5.235985409455577999e-01,1.301333851793053880e-06
2.900000000000000000e+02,1.697084922902787063e-01,4.262022770093149560e-01,-2.902136020201195876e-02,-5.235985360655558418e-01,1.171200467599656133e-06
2.910000000000000000e+02,1.697140509702451394e-01,4.260817286353945632e-01,-2.893160974089293083e-02,-5.235985316735540795e-01,1.054080420742877026e-06
2.920000000000000000e+02,1.697191702088911014e-01,4.259615168257033790e-01,-2.885083432588553265e-02,-5.235985277207525490e-01,9.486723783523931099e-07
2.930000000000000000e+02,1.697243143753289774e-01,4.258416496470698309e-01,-2.876812287205687477e-02,-5.235985241632311604e-01,8.538051416302502134e-07
2.940000000000000000e+02,1.697293733772016755e-01,4.257221045573170715e-01,-2.869082154066226673e-02,-5.235985209614618663e-01,7.684246282700918086e-07
2.950000000000000000e+02,1.697343680713961078e-01,4.256028612684860102e-01,-2.861838931945737130e-02,-5.235985180798694572e-01,6.915821652207688357e-07
2.960000000000000000e+02,1.697393567200982667e-01,4.254839194028068317e-01,-2.854604776300017493e-02,-5.235985154864363222e-01,6.224239476313045695e-07
2.970000000000000000e+02,1.697442783875879879e-01,4.253652607388933582e-01,-2.847807933923895626e-02,-5.235985131523465119e-01,5.601815522117151928e-07
2.980000000000000000e+02,1.697491643328619404e-01,4.252468748379624186e-01,-2.841261622343082757e-02,-5.235985110516656604e-01,5.041633967386245554e-07
2.990000000000000000e+02,1.697539797432869313e-01,4.251287403841801926e-01,-2.835226890772890584e-02,-5.235985091610528830e-01,4.537470563155553594e-07
3.000000000000000000e+02,1.697587712917626723e-01,4.250108501142252915e-01,-2.829366478917227229e-02,-5.235985074595014277e-01,4.083723496388328255e-07
3.010000000000000000e+02,1.697635353600701891e-01,4.248931974911084319e-01,-2.823662954804761691e-02,-5.235985059281050846e-01,3.675351149116441756e-07
3.020000000000000000e+02,1.697682389391863833e-01,4.247757647106102374e-01,-2.818386731956134400e-02,-5.235985045498483537e-01,3.307816026450700533e-07
3.030000000000000000e+02,1.697733807402636852e-01,4.246587026419387234e-01,-2.809489648115936697e-02,-5.235985033094173735e-01,2.977034410424420820e-07
3.040000000000000000e+02,1.697791171427827928e-01,4.245422424348127000e-01,-2.795044971024029587e-02,-5.235985021930295025e-01,2.679330974979678132e-07
3.050000000000000000e+02,1.697846767607927854e-01,4.244263656263290163e-01,-2.781043403609072956e-02,-5.235985011882803297e-01,2.411397885299555065e-07
3.060000000000000000e+02,1.697901372173427348e-01,4.243110436789457318e-01,-2.767726737198427864e-02,-5.235985002840061187e-01,2.170258085219978368e-07
3.070000000000000000e+02,1.697955642627763106e-01,4.241962687902686713e-01,-2.754597328249052887e-02,-5.235984994701593509e-01,1.953232274100682748e-07
3.080000000000000000e+02,1.698009517614997577e-01,4.240820339381430326e-01,-2.741636451014927561e-02,-5.235984987376972599e-01,1.757909050821914335e-07
3.090000000000000000e+02,1.698062844071638322e-01,4.239683268421650109e-01,-2.728970303471988518e-02,-5.235984980784813558e-01,1.582118149555161637e-07
3.100000000000000000e+02,1.698115684606720521e-01,4.238551364499711926e-01,-2.716569412651103840e-02,-5.235984974851870533e-01,1.423906332135868881e-07
3.110000000000000000e+02,1.698167724799461153e-01,4.237424408935055453e-01,-2.704693355175002978e-02,-5.235984969512221809e-01,1.281515699639123435e-07
3.120000000000000000e+02,1.698219599740976860e-01,4.236302383729110832e-01,-2.692860494266824042e-02,-5.235984964706538181e-01,1.153364130416446236e-07
3.130000000000000000e+02,1.698270714977312690e-01,4.235185093869230921e-01,-2.681495663712185271e-02,-5.235984960381422360e-01,1.038027722213314693e-07
3.140000000000000000e+02,1.698321379722187718e-01,4.234072423448677625e-01,-2.670409009328311364e-02,-5.235984956488818343e-01,9.342249437491233975e-08
3.150000000000000000e+02,1.698371946956612477e-01,4.232964446965321037e-01,-2.659143560055676411e-02,-5.235984893380829508e-01,1.514591719418624859e-06
3.160000000000000000e+02,1.698421469693804087e-01,4.231860814234731372e-01,-2.648718553415329788e-02,-5.235984836583640334e-01,1.363132546136682982e-06
3.170000000000000000e+02,1.698470906943101988e-01,4.230761508114145308e-01,-2.638334689406817909e-02,-5.235984785466170077e-01,1.226819292093579296e-06
3.180000000000000000e+02,1.698519781840089060e-01,4.229666393965786364e-01,-2.628273956061865854e-02,-5.235984739460446402e-01,1.104137363440239712e-06
3.190000000000000000e+02,1.698568014096551448e-01,4.228575291011010817e-01,-2.618647091461578230e-02,-5.235984698055294873e-01,9.937236267064816517e-07
3.200000000000000000e+02,1.698616368473059024e-01,4.227488274967618476e-01,-2.608838504141619205e-02,-5.235984660790659051e-01,8.943512630495567084e-07
3.210000000000000000e+02,1.698663860232065559e-01,4.226405115958405401e-01,-2.599581622111245965e-02,-5.235984627252486812e-01,8.049161370447835848e-07
3.220000000000000000e+02,1.698711200582475322e-01,4.225325785907822485e-01,-2.590392121399132108e-02,-5.235984597068131796e-01,7.244245237149334147e-07
3.230000000000000000e+02,1.698757804818329664e-01,4.224250080733941148e-01,-2.581692417315872498e-02,-5.235984569902212282e-01,6.519820716261569705e-07
3.240000000000000000e+02,1.698804151612407776e-01,4.223177935972314834e-01,-2.573147427903687418e-02,-5.235984545452884165e-01,5.867838648211619719e-07
3.250000000000000000e+02,1.698850378379773429e-01,4.222109353209586580e-01,-2.564598630547942557e-02,-5.235984523448489192e-01,5.281054773772408796e-07
3.260000000000000000e+02,1.698899195543123186e-01,4.221045287548051972e-01,-2.553757587683590929e-02,-5.235984503644534049e-01,4.752949293099226346e-07
3.270000000000000000e+02,1.698950432666439525e-01,4.219986777393710531e-01,-2.540424370419191308e-02,-5.235984485820973644e-01,4.277654370754395497e-07
3.280000000000000000e+02,1.699000478364082189e-01,4.218933624823711925e-01,-2.527566167996386434e-02,-5.235984469779769723e-01,3.849888921613941467e-07
3.290000000000000000e+02,1.699049536363447244e-01,4.217885532498201195e-01,-2.515421581226017639e-02,-5.235984455342685973e-01,3.464900027924678607e-07
3.300000000000000000e+02,1.699098934162511787e-01,4.216842650043821639e-01,-2.502917890510668666e-02,-5.235984442349310708e-01,3.118410018164517722e-07
3.310000000000000000e+02,1.699147260211232302e-01,4.215804694892039683e-01,-2.491092364276958210e-02,-5.235984430655272748e-01,2.806569011880480455e-07
3.320000000000000000e+02,1.699195451831339299e-01,4.214771651149753495e-01,-2.479304981486984624e-02,-5.235984420130639361e-01,2.525912100859763944e-07
3.330000000000000000e+02,1.699243242883615168e-01,4.213743444908527036e-01,-2.467694978943768200e-02,-5.235984410658468535e-01,2.273320900700187834e-07
3.340000000000000000e+02,1.699290509673291871e-01,4.212719950046122652e-01,-2.456387669770121462e-02,-5.235984402133515569e-01,2.045988800551645884e-07
3.350000000000000000e+02,1.699337312781122600e-01,4.211701053052527288e-01,-2.445352784629005807e-02,-5.235984394461057345e-01,1.841389929112037955e-07
3.360000000000000000e+02,1.699383684229959224e-01,4.210686651768728583e-01,-2.434563081117291014e-02,-5.235984387555845387e-01,1.657250932966591316e-07
3.370000000000000000e+02,1.699429822286708525e-01,4.209676713856260188e-01,-2.423850989924547505e-02,-5.235984381341154403e-01,1.491525845360627326e-07
3.380000000000000000e+02,1.699474862332408520e-01,4.208670971791923510e-01,-2.413780954408694529e-02,-5.235984316143287298e-01,1.564748800828140321e-06
3.390000000000000000e+02,1.699520357597461839e-01,4.207669542432708187e-01,-2.403430462117305683e-02,-5.235984257465207126e-01,1.408273919786667952e-06
3.400000000000000000e+02,1.699565092427546831e-01,4.206672232926680910e-01,-2.393542814465198648e-02,-5.235984204654935414e-01,1.267446527418412079e-06
3.410000000000000000e+02,1.699609576755858331e-01,4.205678988916392025e-01,-2.383785624693456756e-02,-5.235984157125690430e-01,1.140701875317869511e-06
3.420000000000000000e+02,1.699653608858922305e-01,4.204689701875491403e-01,-2.374288898161624334e-02,-5.235984114349370167e-01,1.026631687333069350e-06
3.430000000000000000e+02,1.699697412326914847e-01,4.203704333734908927e-01,-2.364883537398209529e-02,-5.235984075850681485e-01,9.239685188605459867e-07
3.440000000000000000e+02,1.699740636959129747e-01,4.202722731023191827e-01,-2.355846508121304736e-02,-5.235984041201862116e-01,8.315716659057702673e-07
3.450000000000000000e+02,1.699783710843983942e-01,4.201744874825322218e-01,-2.346854874887326428e-02,-5.235984010017924462e-01,7.484144994047704476e-07
3.460000000000000000e+02,1.699826086764150423e-01,4.200770569303849400e-01,-2.338333251534362861e-02,-5.235983981952381239e-01,6.735730490465103258e-07
3.470000000000000000e+02,1.699868395803850185e-01,4.199799817019002623e-01,-2.329805483631862406e-02,-5.235983956693391894e-01,6.062157454485971804e-07
3.480000000000000000e+02,1.699910566380622434e-01,4.198832620274988159e-01,-2.321272185634846649e-02,-5.235983933960300929e-01,5.455941710029108750e-07
3.490000000000000000e+02,1.699951926081034459e-01,4.197868742727012270e-01,-2.313306115142664890e-02,-5.235983913500519282e-01,4.910347527147940606e-07
3.500000000000000000e+02,1.699993306936904147e-01,4.196908210083339363e-01,-2.305278344814975025e-02,-5.235983895086716577e-01,4.419312767751591416e-07
3.510000000000000000e+02,1.700034104678556368e-01,4.195950866667473855e-01,-2.297624198077618043e-02,-5.235983878514293144e-01,3.977381502183711547e-07
3.520000000000000000e+02,1.700074936261311565e-01,4.194996751184503214e-01,-2.289877159129270409e-02,-5.235983863599112942e-01,3.579643340572765886e-07
3.530000000000000000e+02,1.700115218334796729e-01,4.194045719655072890e-01,-2.282475670633309084e-02,-5.235983850175450760e-01,3.221679016411535309e-07
3.540000000000000000e+02,1.700154893434712988e-01,4.193097582893117736e-01,-2.275528228692101987e-02,-5.235983838094154796e-01,2.899511123274894960e-07
3.550000000000000000e+02,1.700195042103479492e-01,4.192152528259048827e-01,-2.268131121765247504e-02,-5.235983827220987985e-01,2.609560021180839945e-07
3.560000000000000000e+02,1.700233967864190898e-01,4.191210187935432985e-01,-2.261616776678553042e-02,-5.235983817435138077e-01,2.348604017894896569e-07
3.570000000000000000e+02,1.700273318413246526e-01,4.190270707723737775e-01,-2.254752508068368425e-02,-5.235983808627873159e-01,2.113743620576831160e-07
3.580000000000000000e+02,1.700312033904994302e-01,4.189333920822060908e-01,-2.248288564024213121e-02,-5.235983800701334845e-01,1.902369262627722860e-07
3.590000000000000000e+02,1.700350609532213786e-01,4.188399796317979762e-01,-2.241898809794616240e-02,-5.235983793567450251e-01,1.712132342636717093e-07
3.600000000000000000e+02,1.700388841402081519e-01,4.187468246785668868e-01,-2.235718877545610217e-02,-5.235983787146953894e-01,1.540919112495044824e-07
3.610000000000000000e+02,1.700426776748722724e-01,4.186539193541886084e-01,-2.229727785079081703e-02,-5.235983781368507284e-01,1.386827200982448520e-07
3.620000000000000000e+02,1.700464263687359590e-01,4.185612565771712479e-01,-2.223906648416915793e-02,-5.235983716563260559e-01,1.555325922863773675e-06
3.630000000000000000e+02,1.700501691078901700e-01,4.184688299741721185e-01,-2.218238471978571658e-02,-5.235983658238538840e-01,1.399793330670442538e-06
3.640000000000000000e+02,1.700538882940592911e-01,4.183766338091828851e-01,-2.212707959741598909e-02,-5.235983605746289404e-01,1.259813998540752980e-06
3.650000000000000000e+02,1.700575685190451880e-01,4.182846569593314801e-01,-2.207444396433454192e-02,-5.235983558503264357e-01,1.133832599968953427e-06
3.660000000000000000e+02,1.700612484472405206e-01,4.181929013349620639e-01,-2.202134984866253864e-02,-5.235983515984541370e-01,1.020449339882816642e-06
3.670000000000000000e+02,1.700648565371145060e-01,4.181013448135263988e-01,-2.197356514455827206e-02,-5.235983477717691681e-01,9.184044046819647076e-07
3.680000000000000000e+02,1.700685076994173095e-01,4.180100032475180249e-01,-2.192197584201636962e-02,-5.235983443277526517e-01,8.265639654791804029e-07
3.690000000000000000e+02,1.700720844170738044e-01,4.179188551413941521e-01,-2.187554546972945990e-02,-5.235983412281377536e-01,7.439075691702227237e-07
3.700000000000000000e+02,1.700756725188712071e-01,4.178279049910242904e-01,-2.182803608877213752e-02,-5.235983384384843564e-01,6.695168115684779056e-07
3.710000000000000000e+02,1.700791954453485799e-01,4.177371330008329831e-01,-2.178527764591108376e-02,-5.235983359277963656e-01,6.025651301167282253e-07
3.720000000000000000e+02,1.700827173921441726e-01,4.176465392361958795e-01,-2.174250351291150130e-02,-5.235983336681770961e-01,5.423086184310343209e-07
3.730000000000000000e+02,1.700862151167230885e-01,4.175561177954864589e-01,-2.170114577026359404e-02,-5.235983316345197425e-01,4.880777559743364102e-07
3.740000000000000000e+02,1.700896924849168435e-01,4.174658633672408969e-01,-2.166106277893085907e-02,-5.235983298042281575e-01,4.392699794497311030e-07
3.750000000000000000e+02,1.700931509849248069e-01,4.173757711711418295e-01,-2.162212706378151272e-02,-5.235983281569657199e-01,3.953429814504464096e-07
3.760000000000000000e+02,1.700965753808632019e-01,4.172858309444390512e-01,-2.158565440867341728e-02,-5.235983266744295150e-01,3.558086829505666227e-07
3.770000000000000000e+02,1.700999541586443176e-01,4.171960274901929111e-01,-2.155282901907627779e-02,-5.235983253401469417e-01,3.202278140288976018e-07
3.780000000000000000e+02,1.701033434234895392e-01,4.171063650125511613e-01,-2.151899463401461821e-02,-5.235983241392926368e-01,2.882050323146520828e-07
3.790000000000000000e+02,1.701067188860526380e-01,4.170168413347823955e-01,-2.148568266450909953e-02,-5.235983230585237180e-01,2.593845289981853395e-07
3.800000000000000000e+02,1.701100668005968430e-01,4.169274485373637429e-01,-2.145427138048059887e-02,-5.235983220858317910e-01,2.334460749659422003e-07
3.810000000000000000e+02,1.701133915556799769e-01,4.168381794927246697e-01,-2.142457071338020255e-02,-5.235983212104090567e-01,2.101014687270013245e-07
3.820000000000000000e+02,1.701166785918021285e-01,4.167490218255872070e-01,-2.139784011298970917e-02,-5.235983204225285181e-01,1.890913230948342217e-07
3.830000000000000000e+02,1.701199655921463438e-01,4.166599822795946650e-01,-2.136949103821404392e-02,-5.235983137529716114e-01,1.600693664773902318e-06
3.840000000000000000e+02,1.701232152646589002e-01,4.165710430821680244e-01,-2.134540738239108087e-02,-5.235983077503704175e-01,1.440624299031214404e-06
3.850000000000000000e+02,1.701264877632994443e-01,4.164822120798441496e-01,-2.131944055772592300e-02,-5.235983023480292875e-01,1.296561870511699768e-06
3.860000000000000000e+02,1.701296892937208538e-01,4.163934665321838424e-01,-2.129893143847636297e-02,-5.235982974859222372e-01,1.166905683449769593e-06
3.870000000000000000e+02,1.701328865632231735e-01,4.163048038541851681e-01,-2.127904271967782229e-02,-5.235982931100259252e-01,1.050215114196169549e-06
3.880000000000000000e+02,1.701360903109314371e-01,4.162162276798109795e-01,-2.125828184980924768e-02,-5.235982891717192445e-01,9.451936026715643005e-07
3.890000000000000000e+02,1.701392643827824569e-01,4.161277293586987946e-01,-2.123959706692832988e-02,-5.235982856272431984e-01,8.506742424897338191e-07
3.900000000000000000e+02,1.701424155201639310e-01,4.160393011055223966e-01,-2.122278076233550387e-02,-5.235982824372148459e-01,7.656068171819261392e-07
3.910000000000000000e+02,1.701455458901579565e-01,4.159509359134882511e-01,-2.120764608820156077e-02,-5.235982795661893174e-01,6.890461369274258552e-07
3.920000000000000000e+02,1.701486739332569720e-01,4.158626334369465716e-01,-2.119259437000706528e-02,-5.235982769822663530e-01,6.201415241831976250e-07
3.930000000000000000e+02,1.701517481406030763e-01,4.157743754834191674e-01,-2.118190884658097475e-02,-5.235982746567355850e-01,5.581273729378869502e-07
3.940000000000000000e+02,1.701548294688595975e-01,4.156861635610690775e-01,-2.117086136402288737e-02,-5.235982725637579049e-01,5.023146347812639930e-07
3.950000000000000000e+02,1.701579275150377490e-01,4.155980049877075477e-01,-2.115805760677111694e-02,-5.235982706800780262e-01,4.520831703983325102e-07
3.960000000000000000e+02,1.701609557461287447e-01,4.155098765470422451e-01,-2.115082575966862471e-02,-5.235982689847661353e-01,4.068748533141878317e-07
3.970000000000000000e+02,1.701639807661177728e-01,4.154217752258035912e-01,-2.114431709727557576e-02,-5.235982674589854113e-01,3.661873678487740266e-07
3.980000000000000000e+02,1.701670134103819010e-01,4.153337042725133710e-01,-2.113702878964749537e-02,-5.235982660857827486e-01,3.295686304833052595e-07
3.990000000000000000e+02,1.701700177097603683e-01,4.152456546899123135e-01,-2.113189982425642960e-02,-5.235982648499003522e-01,2.966117667503927953e-07
4.000000000000000000e+02,1.701729839997725424e-01,4.151576124200024864e-01,-2.113014477835449198e-02,-5.235982637376062065e-01,2.669505892203814134e-07
4.010000000000000000e+02,1.701759676817030664e-01,4.150695826919792997e-01,-2.112713472556746949e-02,-5.235982627365415309e-01,2.402555296815523452e-07
4.020000000000000000e+02,1.701788938470549795e-01,4.149815523307250897e-01,-2.112728670100903067e-02,-5.235982558751187677e-01,1.646741452159859536e-06
4.030000000000000000e+02,1.701818429549190326e-01,4.148935213995629812e-01,-2.112742347890604264e-02,-5.235982496998383695e-01,1.482067305746651126e-06
4.040000000000000000e+02,1.701847580871297672e-01,4.148054780345548087e-01,-2.113040760196269879e-02,-5.235982441420860001e-01,1.333860576161517516e-06
4.050000000000000000e+02,1.701876793657578768e-01,4.147174234790851899e-01,-2.113309331271382221e-02,-5.235982391401088343e-01,1.200474519447252226e-06
4.060000000000000000e+02,1.701905692767153588e-01,4.146293469312712920e-01,-2.113837147533945138e-02,-5.235982346383294406e-01,1.080427067390058562e-06
4.070000000000000000e+02,1.701934351242928023e-01,4.145412386694185547e-01,-2.114598284465161321e-02,-5.235982305867279418e-01,9.723843620072362257e-07
4.080000000000000000e+02,1.701963124752272905e-01,4.144531018649309506e-01,-2.115283307703162002e-02,-5.235982269402865708e-01,8.751459260138805835e-07
4.090000000000000000e+02,1.701991632877662974e-01,4.143649274511429503e-01,-2.116185930912403701e-02,-5.235982236584894034e-01,7.876313330478039296e-07
4.100000000000000000e+02,1.702019943860149931e-01,4.142767072680556550e-01,-2.117284394095617431e-02,-5.235982207048719417e-01,7.088682011532217549e-07
4.110000000000000000e+02,1.702048408869280272e-01,4.141884458925989554e-01,-2.118273010960522798e-02,-5.235982180466162150e-01,6.379813820178462263e-07
4.120000000000000000e+02,1.702076479336754045e-01,4.141001295626163814e-01,-2.119591919581241199e-02,-5.235982156541860721e-01,5.741832445915061214e-07
4.130000000000000000e+02,1.702104422299810793e-01,4.140117518526316154e-01,-2.121065039634781671e-02,-5.235982135009988880e-01,5.167649211175393608e-07
4.140000000000000000e+02,1.702132233823359375e-01,4.139233069797158548e-01,-2.122676949977983854e-02,-5.235982115631304668e-01,4.650884288017937177e-07
4.150000000000000000e+02,1.702159929840020847e-01,4.138347897392332664e-01,-2.124413771581720733e-02,-5.235982098190488099e-01,4.185795866892289758e-07
4.160000000000000000e+02,1.702187360441758390e-01,4.137461894865471224e-01,-2.126406064467454421e-02,-5.235982082493754186e-01,3.767216270049745453e-07
4.170000000000000000e+02,1.702215069234396805e-01,4.136575145228777450e-01,-2.128199128064653736e-02,-5.235982068366693554e-01,3.390494655767030440e-07
4.180000000000000000e+02,1.702242311486122928e-01,4.135687484774656086e-01,-2.130385089891937908e-02,-5.235982055652338429e-01,3.051445200806320073e-07
4.190000000000000000e+02,1.702269219051734672e-01,4.134798766166269957e-01,-2.132924660126442676e-02,-5.235982044209418484e-01,2.746300676988519410e-07
4.200000000000000000e+02,1.702296475790544550e-01,4.133909154823690590e-01,-2.135067222189943742e-02,-5.235981974306146425e-01,1.677678534489001333e-06
4.210000000000000000e+02,1.702323154858927101e-01,4.133018382392468770e-01,-2.137853834931832675e-02,-5.235981911393201571e-01,1.509910681604671232e-06
4.220000000000000000e+02,1.702350105379083489e-01,4.132126505376824133e-01,-2.140504837546994624e-02,-5.235981854771550870e-01,1.358919613960142042e-06
4.230000000000000000e+02,1.702377034939895062e-01,4.131233515025909409e-01,-2.143176842195601908e-02,-5.235981803812065349e-01,1.223027652310249448e-06
4.240000000000000000e+02,1.702403311336661562e-01,4.130339165045382455e-01,-2.146439953264154057e-02,-5.235981757948527937e-01,1.100724887023544623e-06
4.250000000000000000e+02,1.702430238989465217e-01,4.129443651002849824e-01,-2.149233702078310118e-02,-5.235981716671345154e-01,9.906523971819864116e-07
4.260000000000000000e+02,1.702456297597056967e-01,4.128546672071998214e-01,-2.152749434043330773e-02,-5.235981679521880539e-01,8.915871585781790442e-07
4.270000000000000000e+02,1.702482566227129235e-01,4.127648255532370691e-01,-2.156199695106717287e-02,-5.235981646087362051e-01,8.024284434290654752e-07
4.280000000000000000e+02,1.702508585356095339e-01,4.126748366330909579e-01,-2.159734083506268179e-02,-5.235981556391651193e-01,2.152697073677131290e-06
4.290000000000000000e+02,1.702534928507268286e-01,4.125847032524509461e-01,-2.163201135360678928e-02,-5.235981475665510976e-01,1.937427367688962341e-06
4.300000000000000000e+02,1.702560710886575901e-01,4.124944040945794921e-01,-2.167179788914495170e-02,-5.235981403011984447e-01,1.743684631183778804e-06
4.310000000000000000e+02,1.702586568277286438e-01,4.124039378558063684e-01,-2.171189730555232386e-02,-5.235981337623810683e-01,1.569316167472808119e-06
4.320000000000000000e+02,1.702612109616717384e-01,4.123132914418993211e-01,-2.175513933769266176e-02,-5.235981278774454184e-01,1.412384550405303875e-06
4.330000000000000000e+02,1.702637579518193334e-01,4.122224590285138435e-01,-2.179977921251727638e-02,-5.235981225810033557e-01,1.271146094808775132e-06
4.340000000000000000e+02,1.702663300261150481e-01,4.121314472946688290e-01,-2.184281612280878498e-02,-5.235981178142055104e-01,1.144031485293457259e-06
4.350000000000000000e+02,1.702688880729176790e-01,4.120402503305523045e-01,-2.188727138796984703e-02,-5.235981135240874718e-01,1.029628336968432821e-06
4.360000000000000000e+02,1.702713889181407536e-01,4.119488449359400839e-01,-2.193729470693692174e-02,-5.235981096629812592e-01,9.266655040865254430e-07
4.370000000000000000e+02,1.702739113228536882e-01,4.118572340724883096e-01,-2.198660722843112994e-02,-5.235981061879856346e-01,8.339989550708082466e-07
4.380000000000000000e+02,1.702764126541364831e-01,4.117654084847585105e-01,-2.203814105514909083e-02,-5.235981030604895947e-01,7.505990601109905811e-07
4.390000000000000000e+02,1.702789163726811106e-01,4.116733658033206456e-01,-2.209024354509290036e-02,-5.235981002457431588e-01,6.755391550662383782e-07
4.400000000000000000e+02,1.702813715812798445e-01,4.115810860142941063e-01,-2.214714936636539080e-02,-5.235980977124713442e-01,6.079852406370481573e-07
4.410000000000000000e+02,1.702838726862912211e-01,4.114885809075088385e-01,-2.220122562845891837e-02,-5.235980954325266667e-01,5.471867171162938325e-07
4.420000000000000000e+02,1.702863215319411205e-01,4.113958372519538886e-01,-2.225847733319061272e-02,-5.235980874201120461e-01,1.922979519394466189e-06
4.430000000000000000e+02,1.702887851603619995e-01,4.113028491001837761e-01,-2.231715642482298700e-02,-5.235980802089388320e-01,1.730681568608277501e-06
4.440000000000000000e+02,1.702912265734906339e-01,4.112096051390332074e-01,-2.237855067613911744e-02,-5.235980737188830059e-01,1.557613411441171785e-06
4.450000000000000000e+02,1.702936672058868173e-01,4.111161011471178295e-01,-2.244095805969734125e-02,-5.235980678778326958e-01,1.401852071558546619e-06
4.460000000000000000e+02,1.702960894891532018e-01,4.110223273647272135e-01,-2.250570777374780521e-02,-5.235980626208874833e-01,1.261666864112523457e-06
4.470000000000000000e+02,1.702984983934241470e-01,4.109282750081220681e-01,-2.257256558524020629e-02,-5.235980578896367588e-01,1.135500179120266275e-06
4.480000000000000000e+02,1.703008798693645132e-01,4.108339302114724645e-01,-2.264275119590616892e-02,-5.235980536315111289e-01,1.021950161610783247e-06
4.490000000000000000e+02,1.703033058285725321e-01,4.107393043373894215e-01,-2.271020977992896372e-02,-5.235980497991979954e-01,9.197551465135219760e-07
4.500000000000000000e+02,1.703065535251523932e-01,4.106446937145177833e-01,-2.270654948919178726e-02,-5.235980463501161974e-01,8.277796313235422895e-07
4.510000000000000000e+02,1.703125797362452232e-01,4.105511458594844898e-01,-2.245148520799708849e-02,-5.235980432459426126e-01,7.450016681972174105e-07
4.520000000000000000e+02,1.703178742081875030e-01,4.104585425745767013e-01,-2.222478837787186454e-02,-5.235980404521863862e-01,6.705015022222465405e-07
4.530000000000000000e+02,1.703231443517608523e-01,4.103668788097490361e-01,-2.199930355863963238e-02,-5.235980319773412273e-01,2.033962827616890993e-06
4.540000000000000000e+02,1.703283741382907168e-01,4.102761440594961950e-01,-2.177634006068582609e-02,-5.235980243499805953e-01,1.830566543800129523e-06
4.550000000000000000e+02,1.703335161466343339e-01,4.101863169479343929e-01,-2.155850677483247754e-02,-5.235980174853560598e-01,1.647509888808561747e-06
4.560000000000000000e+02,1.703385966432716392e-01,4.100973841972327394e-01,-2.134386016839415548e-02,-5.235980113071939668e-01,1.482758899989152053e-06
4.570000000000000000e+02,1.703436333113689805e-01,4.100093398178079052e-01,-2.113065106195485474e-02,-5.235980057468481164e-01,1.334483009761742002e-06
4.580000000000000000e+02,1.703485931661663511e-01,4.099221664981059776e-01,-2.092159672846390789e-02,-5.235980007425368177e-01,1.201034709462965800e-06
4.590000000000000000e+02,1.703534691337312557e-01,4.098358426972638635e-01,-2.071771220210202533e-02,-5.235979962386566600e-01,1.080931238330841033e-06
4.600000000000000000e+02,1.703583016469808753e-01,4.097503609494338450e-01,-2.051561947920573295e-02,-5.235979921851645624e-01,9.728381146813450532e-07
4.610000000000000000e+02,1.703631208184596957e-01,4.096657264562818535e-01,-2.031227835648060157e-02,-5.235979885370216635e-01,8.755543044407434005e-07
4.620000000000000000e+02,1.703677738281701159e-01,4.095818962155914345e-01,-2.011925776570585092e-02,-5.235979792932284882e-01,2.218510349459594757e-06
4.630000000000000000e+02,1.703724565459153462e-01,4.094988792090835661e-01,-1.992408156188969423e-02,-5.235979709738146637e-01,1.996659313492359059e-06
4.640000000000000000e+02,1.703770652901670790e-01,4.094166596784492573e-01,-1.973268735223406359e-02,-5.235979634863422438e-01,1.796993381852592801e-06
4.650000000000000000e+02,1.703816123183463371e-01,4.093352234412104274e-01,-1.954469693732315341e-02,-5.235979567476171104e-01,1.617294043719438286e-06
4.660000000000000000e+02,1.703861175943940653e-01,4.092545636936012476e-01,-1.935833942620841797e-02,-5.235979506827644903e-01,1.455564640784346304e-06
4.670000000000000000e+02,1.703905489001831530e-01,4.091746623913035119e-01,-1.917631255145919519e-02,-5.235979452243970655e-01,1.310008177914739328e-06
4.680000000000000000e+02,1.703949472446466273e-01,4.090955152153598062e-01,-1.899532222648932234e-02,-5.235979403118663500e-01,1.179007359871464523e-06
4.690000000000000000e+02,1.703992938598643814e-01,4.090171123182440027e-01,-1.881669530779546060e-02,-5.235979358905887837e-01,1.061106622892566029e-06
4.700000000000000000e+02,1.704035614586369984e-01,4.089394329162535646e-01,-1.864305647769976329e-02,-5.235979319114389963e-01,9.549959614778077135e-07
4.710000000000000000e+02,1.704077893973593993e-01,4.088624761854497414e-01,-1.846961539291753010e-02,-5.235979223697396767e-01,2.290007841294321139e-06
4.720000000000000000e+02,1.704119787298396249e-01,4.087862294633586302e-01,-1.829921330186795592e-02,-5.235979137822103224e-01,2.061007057784069093e-06
4.730000000000000000e+02,1.704161323914425430e-01,4.087106873142182240e-01,-1.813011579370276891e-02,-5.235979060534338148e-01,1.854906353428615066e-06
4.740000000000000000e+02,1.704202178544106105e-01,4.086358329249137333e-01,-1.796505343308302249e-02,-5.235978990975349578e-01,1.669415717356589228e-06
4.750000000000000000e+02,1.704242593840626652e-01,4.085616571241063033e-01,-1.780219219377915385e-02,-5.235978928372260199e-01,1.502474144872248090e-06
4.760000000000000000e+02,1.704282735240173485e-01,4.084881576180555141e-01,-1.763988145218403289e-02,-5.235978872029479758e-01,1.352226730571295482e-06
4.770000000000000000e+02,1.704322115125708192e-01,4.084153144610015440e-01,-1.748235769295141892e-02,-5.235978821320976806e-01,1.217004057715259772e-06
4.780000000000000000e+02,1.704361476651366225e-01,4.083431335436184528e-01,-1.732342017194715353e-02,-5.235978775683324260e-01,1.095303650799778911e-06
4.790000000000000000e+02,1.704400098576407951e-01,4.082715963256549063e-01,-1.716893231124710581e-02,-5.235978734609437746e-01,9.857732849441177659e-07
4.800000000000000000e+02,1.704438079656148408e-01,4.082006920813492923e-01,-1.701701863334463549e-02,-5.235978638038294442e-01,2.317707432044742525e-06
