# Time, SliderHeight, Motor1Pos, Motor1Vel, Motor2Pos, Motor2Vel
0.000000000000000000e+00,2.600000000000000089e-01,0.000000000000000000e+00,0.000000000000000000e+00,0.000000000000000000e+00,0.000000000000000000e+00
1.000000000000000000e+00,2.469005614153788331e-01,1.461422443389892491e-03,3.507413864135742188e-01,-9.479117490864952646e-04,-2.274988197807588652e-01
2.000000000000000000e+00,2.575480709398635382e-01,2.919360399246216133e-03,3.499051094055176114e-01,-1.332664646423350509e-03,-9.234069536084527074e-02
3.000000000000000000e+00,2.590403529230549395e-01,4.405585885047913486e-03,3.566941165924072954e-01,-1.749079348078255627e-03,-9.993952839717724912e-02
4.000000000000000000e+00,2.579616330930346590e-01,5.917824470996857315e-03,3.629372606277465607e-01,-2.081658310599155889e-03,-7.981895100501605611e-02
5.000000000000000000e+00,2.576348111184593170e-01,7.429108468294144153e-03,3.627081593513488689e-01,-2.356548503832137879e-03,-6.597364637591564274e-02
6.000000000000000000e+00,2.569273035382643178e-01,8.929692608952523314e-03,3.601401937580108736e-01,-2.601768033538297102e-03,-5.885268712947819281e-02
7.000000000000000000e+00,2.559351450129397909e-01,1.039998790875673422e-02,3.528708719530104787e-01,-2.788851303025798641e-03,-4.489998467700039020e-02
8.000000000000000000e+00,2.547754158126206980e-01,1.182939762999653949e-02,3.430583330975532363e-01,-2.916980500379277082e-03,-3.075100736483483282e-02
9.000000000000000000e+00,2.533542810139284840e-01,1.321734328684246590e-02,3.331069576430225054e-01,-2.995508810989243233e-03,-1.884679454639184154e-02
1.000000000000000000e+01,2.517191857154564838e-01,1.456577783480616888e-02,3.236242915112886864e-01,-3.029837352952550935e-03,-8.238850071193876135e-03
1.100000000000000000e+01,2.499125555043314184e-01,1.587628608037828723e-02,3.145219789373081554e-01,-3.022789077855684257e-03,1.691586023248027766e-03
1.200000000000000000e+01,2.479358622263369005e-01,1.715092615863501521e-02,3.059136187816144381e-01,-2.977440121350641809e-03,1.088374956121014592e-02
1.300000000000000000e+01,2.457952536648208286e-01,1.839142522139089811e-02,2.977197750614118954e-01,-2.896339203069134369e-03,1.946422038756178904e-02
1.400000000000000000e+01,1.784106144936481453e-01,1.959874165883127711e-02,2.897559449856907388e-01,-2.781609152391125751e-03,2.753521216272205446e-02
1.500000000000000000e+01,1.835355412649229412e-01,2.077374398258743232e-02,2.820005577014770282e-01,-2.635341395110996684e-03,3.510426174723102477e-02
1.600000000000000000e+01,1.683440469836134379e-01,2.191972916913704009e-02,2.750364447719055860e-01,-2.456922688339155045e-03,4.282048962524197255e-02
1.700000000000000000e+01,2.461855523968655979e-01,2.303940223814866101e-02,2.687215365627886876e-01,-2.247226414952260224e-03,5.032710561285472228e-02
1.800000000000000000e+01,2.313226583987757212e-01,2.413472681571269748e-02,2.628778986153686437e-01,-2.009700156118034847e-03,5.700630212021413901e-02
1.900000000000000000e+01,2.258147661049672850e-01,2.520637942186640390e-02,2.571966254768897064e-01,-1.746207706717698305e-03,6.323818785608077697e-02
2.000000000000000000e+01,2.246923381662787600e-01,2.625526098302563213e-02,2.517315746782146091e-01,-1.466536081210287248e-03,6.712119012177866773e-02
2.100000000000000000e+01,2.246166238927718994e-01,2.728169953260674643e-02,2.463452518994675988e-01,-1.175868024114347290e-03,6.976033370302558989e-02
2.200000000000000000e+01,2.246647792383458242e-01,2.828400546532768706e-02,2.405534238530256386e-01,-8.690626403158106632e-04,7.363329211164880428e-02
2.300000000000000000e+01,2.246627117114096128e-01,2.925682555766819307e-02,2.334768221617217199e-01,-5.332795418913948218e-04,8.058794362185979498e-02
2.400000000000000000e+01,2.247902440588631645e-01,3.020038446150462644e-02,2.264541369207443144e-01,-1.703079157193219517e-04,8.711319028129749231e-02
2.500000000000000000e+01,2.249365017079374141e-01,3.111667846322722572e-02,2.199105604134238556e-01,2.161558690312033286e-04,9.275130834012607073e-02
2.600000000000000000e+01,2.250613041940023595e-01,3.200670551832542066e-02,2.136064932235666736e-01,6.253361714984175630e-04,9.820327259213142146e-02
2.700000000000000000e+01,2.251515265399527399e-01,3.287221017270100520e-02,2.077211170501397086e-01,1.056952144184635477e-03,1.035878334446922733e-01
2.800000000000000000e+01,2.251099518170625591e-01,3.371807653588039522e-02,2.030079271630536863e-01,1.511823927471293155e-03,1.091692279887978290e-01
2.900000000000000000e+01,2.250181254740648562e-01,3.454647109278089628e-02,1.988146936561204781e-01,1.993038037433732691e-03,1.154913863909854677e-01
3.000000000000000000e+01,2.248035477839021024e-01,3.536023774946581155e-02,1.953039976043802195e-01,2.505375073460914224e-03,1.229608886465235335e-01
3.100000000000000000e+01,2.246353653846709653e-01,3.615901539388435837e-02,1.917066346604509863e-01,3.051552042756387750e-03,1.310824726309136323e-01
3.200000000000000000e+01,2.245059708104705232e-01,3.694286645534955449e-02,1.881242547516466801e-01,3.631165168062578177e-03,1.391071500734857025e-01
3.300000000000000000e+01,2.243934976111445212e-01,3.771200209229522149e-02,1.845925528669605520e-01,4.243249056608698784e-03,1.469001332510689040e-01
3.400000000000000000e+01,2.244907934875281508e-01,3.846245194318533012e-02,1.801079642136267367e-01,4.883507544581588630e-03,1.536620371134935215e-01
3.500000000000000000e+01,2.256573457003267780e-01,3.917013272469926921e-02,1.698433875633457713e-01,5.530115026542464784e-03,1.551857956706103880e-01
3.600000000000000000e+01,2.263632306886987633e-01,3.984199759187816159e-02,1.612475681229337821e-01,6.168405915826268189e-03,1.531898134281128310e-01
3.700000000000000000e+01,2.268825462046618335e-01,4.048452492176182055e-02,1.542065591720782891e-01,6.795742952684957414e-03,1.505608888460853445e-01
3.800000000000000000e+01,2.273085797338402492e-01,4.110055310062537409e-02,1.478467629272527117e-01,7.415528234841583036e-03,1.487484677175902603e-01
3.900000000000000000e+01,2.273910136264449544e-01,4.169843024748675492e-02,1.434905152467307321e-01,8.037106033712569653e-03,1.491786717290370101e-01
4.000000000000000000e+01,2.274814330623856629e-01,4.228018008190593396e-02,1.396199602606022216e-01,8.667020445715187954e-03,1.511794588806282813e-01
4.100000000000000000e+01,2.276048213708962153e-01,4.284582985164188396e-02,1.357559447366284699e-01,9.308014052619705339e-03,1.538384656570841169e-01
4.200000000000000000e+01,2.277382414677372180e-01,4.339580939121435998e-02,1.319950894973947186e-01,9.960498843312116241e-03,1.565963497661785331e-01
4.300000000000000000e+01,2.278724196958736292e-01,4.393040422377905013e-02,1.283027598155252746e-01,1.062458931629674252e-02,1.593817135163101417e-01
4.400000000000000000e+01,2.280023373829097588e-01,4.445036007825874103e-02,1.247894050751265638e-01,1.129988784356176883e-02,1.620716465436064235e-01
4.500000000000000000e+01,2.281245837639537533e-01,4.495653884554155072e-02,1.214829041478743127e-01,1.198602464189212242e-02,1.646728315992848080e-01
4.600000000000000000e+01,2.283280284979160579e-01,4.545065202038928859e-02,1.185871619634576157e-01,1.267761837276603666e-02,1.659824954097394167e-01
4.700000000000000000e+01,2.285234735628063896e-01,4.593406709454952996e-02,1.160196177984587490e-01,1.337188222690139858e-02,1.666233249924869986e-01
4.800000000000000000e+01,2.287978639286928906e-01,4.640747836884713540e-02,1.136187058314244991e-01,1.406373908785757236e-02,1.660456466294818467e-01
4.900000000000000000e+01,2.292376416902431602e-01,4.687217232560696167e-02,1.115265496223589725e-01,1.474184249048714028e-02,1.627448166310961897e-01
5.000000000000000000e+01,2.296026166935434820e-01,4.732950349408491381e-02,1.097594804347089698e-01,1.540352068623466152e-02,1.588027669794052077e-01
5.100000000000000000e+01,2.299439975698566174e-01,4.777982668334514182e-02,1.080775654224554183e-01,1.604887841493853051e-02,1.548858548889284481e-01
5.200000000000000000e+01,2.302786988832282999e-01,4.822335989367131787e-02,1.064479704782816394e-01,1.667812318014456549e-02,1.510187436494484503e-01
5.300000000000000000e+01,2.306303366717789294e-01,4.866144373451738309e-02,1.051401218030551532e-01,1.728899197480835911e-02,1.466085107193108583e-01
5.400000000000000000e+01,2.309614134845775213e-01,4.909437280329060488e-02,1.039029765055737020e-01,1.788171904719954713e-02,1.422544973738852914e-01
5.500000000000000000e+01,2.312986442754025873e-01,4.952289503530839937e-02,1.028453356842700533e-01,1.845527543035344054e-02,1.376535319569340554e-01
5.600000000000000000e+01,2.315900602089353832e-01,4.994652128174550954e-02,1.016702991449069809e-01,1.901235307398071311e-02,1.336986344705450858e-01
5.700000000000000000e+01,2.318819827306078385e-01,5.036504972728964719e-02,1.004468269305925227e-01,1.955397399890315344e-02,1.299890219813852887e-01
5.800000000000000000e+01,2.322356533792668820e-01,5.077903187531442042e-02,9.935571552594557598e-02,2.007653998060524719e-02,1.254158356085025017e-01
5.900000000000000000e+01,2.325954337031373442e-01,5.118931574617589797e-02,9.846812900675466773e-02,2.057738486157324395e-02,1.202027714323188751e-01
6.000000000000000000e+01,2.329341394442154267e-01,5.159628308846363198e-02,9.767216214905628802e-02,2.105634427599147734e-02,1.149502594603762917e-01
6.100000000000000000e+01,2.332815535286273390e-01,5.200020595037521676e-02,9.694148685877999883e-02,2.151260866386752943e-02,1.095034530902525699e-01
6.200000000000000000e+01,2.336105829127725630e-01,5.240122784736723355e-02,9.624525527808354408e-02,2.194666536749665872e-02,1.041736088709907665e-01
6.300000000000000000e+01,2.339769348762104906e-01,5.279993093869810722e-02,9.568874191940923701e-02,2.235590717578128314e-02,9.821803398831005505e-02
6.400000000000000000e+01,2.343255741081878285e-01,5.319670803739185577e-02,9.522650368649950015e-02,2.273994863272781400e-02,9.216994966716741955e-02
6.500000000000000000e+01,2.346621465178000410e-01,5.359106628925918575e-02,9.464598044815931976e-02,2.309990312097498499e-02,8.638907717932067798e-02
6.600000000000000000e+01,2.349831366766308716e-01,5.398288995106350491e-02,9.403767883303695840e-02,2.343683825541810484e-02,8.086443226634854042e-02
6.700000000000000000e+01,2.352895226467628387e-01,5.437251592828092756e-02,9.351023453218181014e-02,2.375139301618149970e-02,7.549314258321512816e-02
6.800000000000000000e+01,2.355818866989732585e-01,5.476000901726622155e-02,9.299834135647115640e-02,2.404452991304217510e-02,7.035285524656227640e-02
6.900000000000000000e+01,2.358623977583070852e-01,5.514526064172934477e-02,9.246038987114917063e-02,2.431729402038442650e-02,6.546338576214000282e-02
7.000000000000000000e+01,2.361359347892219851e-01,5.552830421322051124e-02,9.193045715787957761e-02,2.457023847803535554e-02,6.070666983622335228e-02
7.100000000000000000e+01,2.363963683260731641e-01,5.590903867190354787e-02,9.137627008392945616e-02,2.480433199405798414e-02,5.618244384543048808e-02
7.200000000000000000e+01,2.366895938755456674e-01,5.628978109163799981e-02,9.137818073626903514e-02,2.501502235519720632e-02,5.056568667341296286e-02
7.300000000000000000e+01,2.369612082096943517e-01,5.667072737151754303e-02,9.142710717108989971e-02,2.520267105867640689e-02,4.503568883500772696e-02
7.400000000000000000e+01,2.371192716855636540e-01,5.704592050269489262e-02,9.004635148256401322e-02,2.538132447727905680e-02,4.287682046463612423e-02
7.500000000000000000e+01,2.372849849786073939e-01,5.741427283061296266e-02,8.840455870033657459e-02,2.555378941610066471e-02,4.139158531718586248e-02
7.600000000000000000e+01,2.374484740298888619e-01,5.777567569380624019e-02,8.673668716638696652e-02,2.572073241213014907e-02,4.006631904707623482e-02
7.700000000000000000e+01,2.376080292796579896e-01,5.813021011085048317e-02,8.508826009061795648e-02,2.588242554009181906e-02,3.880635071080094228e-02
7.800000000000000000e+01,2.377632985905524521e-01,5.847799072170928314e-02,8.346734660611278278e-02,2.603907790680225209e-02,3.759656801050408753e-02
7.900000000000000000e+01,2.379146084765168256e-01,5.881913858373793297e-02,8.187548688687586174e-02,2.619086578957013217e-02,3.642909186429130197e-02
8.000000000000000000e+01,2.380619776617843575e-01,5.915376860901310624e-02,8.031120606604078005e-02,2.633796572237423125e-02,3.530398387298400165e-02
8.100000000000000000e+01,2.382056788670001424e-01,5.948199017885506812e-02,7.877317676207051811e-02,2.648054255163383511e-02,3.421843902230485568e-02
8.200000000000000000e+01,2.383455794593218602e-01,5.980392557830762484e-02,7.726449586861407204e-02,2.661875060031409362e-02,3.316993168326210634e-02
8.300000000000000000e+01,2.384820127655138955e-01,6.011967890345198268e-02,7.578079803464611575e-02,2.675274663757877189e-02,3.215904894352287352e-02
8.400000000000000000e+01,2.386148224270463192e-01,6.042936768259767055e-02,7.432530699496579796e-02,2.688267772492561672e-02,3.118346096324310299e-02
8.500000000000000000e+01,2.387474785977441172e-01,6.073303212607863294e-02,7.287946643543111169e-02,2.700855702293566279e-02,3.021103152241070428e-02
8.600000000000000000e+01,2.388848840123424522e-01,6.103063093712988302e-02,7.142371465229929717e-02,2.713011028486318407e-02,2.917278286260517606e-02
8.700000000000000000e+01,2.390180862654665839e-01,6.132231172302718414e-02,7.000338861535183865e-02,2.724733508166071738e-02,2.813395123140796303e-02
8.800000000000000000e+01,2.391473002666957282e-01,6.160820136986603496e-02,6.861351524132464075e-02,2.736036631242763986e-02,2.712749538406144384e-02
8.900000000000000000e+01,2.392702330568135527e-01,6.188893859607155767e-02,6.737693428932620132e-02,2.746892004729616088e-02,2.605289636844485696e-02
9.000000000000000000e+01,2.393885486720759015e-01,6.216480618544709125e-02,6.620822145012870974e-02,2.757306858290337406e-02,2.499564854573143799e-02
9.100000000000000000e+01,2.395037869882342962e-01,6.243587982943603343e-02,6.505767455734688676e-02,2.767300217432282564e-02,2.398406194066877647e-02
9.200000000000000000e+01,2.396154241553810071e-01,6.270227533402986109e-02,6.393492110251906835e-02,2.776886821844989570e-02,2.300785059049706080e-02
9.300000000000000000e+01,2.397232924898627660e-01,6.296420421298158654e-02,6.286293094841284568e-02,2.786071592547750830e-02,2.204344968662725127e-02
9.400000000000000000e+01,2.398280136325975365e-01,6.322174357980461790e-02,6.180944803752837918e-02,2.794871476992561582e-02,2.111972266754601549e-02
9.500000000000000000e+01,2.399298560244161604e-01,6.347495091569754777e-02,6.076976061430344050e-02,2.803302921334703893e-02,2.023546642114157357e-02
9.600000000000000000e+01,2.400287062796706006e-01,6.372388987462307419e-02,5.974535014212720152e-02,2.811381920977157334e-02,1.938959914188792891e-02
9.700000000000000000e+01,2.401245560957527558e-01,6.396862966604159595e-02,5.873754994044442374e-02,2.819124065227423398e-02,1.858114620063876579e-02
9.800000000000000000e+01,2.402178828839049152e-01,6.420922065754658403e-02,5.774183796119641138e-02,2.826543980105711631e-02,1.780779570789213159e-02
9.900000000000000000e+01,2.403083182873738399e-01,6.444573798219400962e-02,5.676415791538087785e-02,2.833655429074095206e-02,1.706747752412077906e-02
1.000000000000000000e+02,2.403965685903416138e-01,6.467822541786245882e-02,5.579698456042642835e-02,2.840471395763769294e-02,1.635832005521756574e-02
1.010000000000000000e+02,2.404821131381807975e-01,6.490675216686581095e-02,5.484641976080318476e-02,2.847004761443447385e-02,1.568007763122720999e-02
1.020000000000000000e+02,2.405653561536340301e-01,6.513137455084203054e-02,5.390937215429141699e-02,2.853267714390699331e-02,1.503108707340472180e-02
1.030000000000000000e+02,2.406461531082505489e-01,6.535215518006341762e-02,5.298735101313392648e-02,2.859272421297834668e-02,1.441129657712481027e-02
1.040000000000000000e+02,2.407249026975033790e-01,6.556914444321955415e-02,5.207742315747124900e-02,2.865029835709864692e-02,1.381779458887239138e-02
1.050000000000000000e+02,2.408014886062240234e-01,6.578240557146421141e-02,5.118267077871786752e-02,2.870549818088385940e-02,1.324795770845062053e-02
1.060000000000000000e+02,2.408758303314273153e-01,6.599200143321359846e-02,5.030300681985234307e-02,2.875843034303643755e-02,1.270371891661871075e-02
1.070000000000000000e+02,2.409483976833745045e-01,6.619797668897586806e-02,4.943406138294442753e-02,2.880919088958572294e-02,1.218253117182847498e-02
1.080000000000000000e+02,2.410187754510408342e-01,6.640039537494771271e-02,4.858048463324429744e-02,2.885787822827251548e-02,1.168496128483024685e-02
1.090000000000000000e+02,2.410873697208064381e-01,6.659930916303791193e-02,4.773930914164650763e-02,2.890458100503611252e-02,1.120866642326342685e-02
1.100000000000000000e+02,2.411578081494721859e-01,6.679494337170931162e-02,4.695221008113547451e-02,2.894891415780806096e-02,1.063995666526798556e-02
1.110000000000000000e+02,2.412286936922618252e-01,6.698749482655978749e-02,4.621234916411259830e-02,2.899058499197057145e-02,1.000100019900230369e-02
1.120000000000000000e+02,2.412972586735007696e-01,6.717704530326280843e-02,4.549211440872451273e-02,2.902964595745520515e-02,9.374631716312156748e-03
1.130000000000000000e+02,2.413637108189284897e-01,6.736364455782013760e-02,4.478382109375741993e-02,2.906620395812140045e-02,8.773920159887130601e-03
1.140000000000000000e+02,2.414281610647668608e-01,6.754733140983928963e-02,4.408484448459779742e-02,2.910037321540103611e-02,8.200621747112862847e-03
1.150000000000000000e+02,2.414904703213565096e-01,6.772815271768145573e-02,4.339711388211969084e-02,2.913226853028721280e-02,7.654875572682694022e-03
1.160000000000000000e+02,2.415510069261208592e-01,6.790613873250381238e-02,4.271664355736456975e-02,2.916199935272100613e-02,7.135397384110027559e-03
1.170000000000000000e+02,2.416096527323643717e-01,6.808132860086946181e-02,4.204556840775628551e-02,2.918967030357951659e-02,6.641028206042880883e-03
1.180000000000000000e+02,2.416665507529020540e-01,6.825375755410001410e-02,4.138294877533145455e-02,2.921538172661987051e-02,6.170741529684541440e-03
1.190000000000000000e+02,2.417216108478204561e-01,6.842346922095535189e-02,4.073080004528197712e-02,2.923923002660806444e-02,5.723591997166441528e-03
1.200000000000000000e+02,2.417749715695751145e-01,6.859050286691714682e-02,4.008807503082999907e-02,2.926130807988171906e-02,5.298732785676832195e-03
1.210000000000000000e+02,2.418267447183434504e-01,6.875488786956515663e-02,3.945240063552384741e-02,2.928171173714512812e-02,4.896877743218305476e-03
1.220000000000000000e+02,2.418769655569711352e-01,6.891666854926180308e-02,3.882736312719537591e-02,2.930051566863817181e-02,4.512943558330517399e-03
1.230000000000000000e+02,2.419255731896948480e-01,6.907587883380018889e-02,3.821046828921200594e-02,2.931781093862776549e-02,4.150864797502797077e-03
1.240000000000000000e+02,2.419728453617253638e-01,6.923254925671759596e-02,3.760090150017910554e-02,2.933367411117096535e-02,3.807161410367971253e-03
1.250000000000000000e+02,2.420187904533118162e-01,6.938671325797342304e-02,3.699936030139705512e-02,2.934817435260751034e-02,3.480057944771066877e-03
1.260000000000000000e+02,2.420631202064139620e-01,6.953841881500952282e-02,3.640933368866262898e-02,2.936138579154427136e-02,3.170745344822450962e-03
1.270000000000000000e+02,2.421061705955349364e-01,6.968769718477509090e-02,3.582680874373560947e-02,2.937338180056762657e-02,2.879042165604875358e-03
1.280000000000000000e+02,2.421477912481820316e-01,6.983457649847953086e-02,3.525103528906724237e-02,2.938424630357082054e-02,2.607480720766525151e-03
1.290000000000000000e+02,2.421878820543891808e-01,6.997907015297723243e-02,3.467847707944977931e-02,2.939409070304807928e-02,2.362655874541970055e-03
1.300000000000000000e+02,2.422266405504962250e-01,7.012122000740993177e-02,3.411596506384878547e-02,2.940297962375385335e-02,2.133340969386092294e-03
1.310000000000000000e+02,2.422644645076436898e-01,7.026105181261121935e-02,3.355963324830956579e-02,2.941096582328120781e-02,1.916687886565080715e-03
1.320000000000000000e+02,2.423012652227062858e-01,7.039861258663270005e-02,3.301458576515479276e-02,2.941807872066179094e-02,1.707095371339557464e-03
1.330000000000000000e+02,2.423380172184390613e-01,7.053437977043011675e-02,3.258412411137866227e-02,2.942376245805707752e-02,1.364096974868533527e-03
1.340000000000000000e+02,2.423736479723277715e-01,7.066843138404182989e-02,3.217238726681267980e-02,2.942802703117976607e-02,1.023497549445502065e-03
1.350000000000000000e+02,2.424081364805896754e-01,7.080078996154516580e-02,3.176605860080015248e-02,2.943093516682446578e-02,6.979525547282054839e-04
1.360000000000000000e+02,2.424412800259259093e-01,7.093148174668278960e-02,3.136602843303017835e-02,2.943256019199874327e-02,3.900060418262377105e-04
1.370000000000000000e+02,2.424734656739494232e-01,7.106051843797939194e-02,3.096880591118563592e-02,2.943296806443678262e-02,9.788938512919181370e-05
1.380000000000000000e+02,2.425045046091161005e-01,7.118792248547990698e-02,3.057697140012244005e-02,2.943222393304133905e-02,-1.785915349065639464e-04
1.390000000000000000e+02,2.425346080699607720e-01,7.131371409596169719e-02,3.018998651562967289e-02,2.943037980293405909e-02,-4.425912257469503128e-04
1.400000000000000000e+02,2.425636695467361104e-01,7.143790549459813621e-02,2.980593567274416114e-02,2.942750649638336408e-02,-6.895935721664583733e-04
1.410000000000000000e+02,2.425917656559692936e-01,7.156051960668682876e-02,2.942738690128463355e-02,2.942365517575046621e-02,-9.243169518953673301e-04
1.420000000000000000e+02,2.426188616511811003e-01,7.168157706722989853e-02,2.905379053033699949e-02,2.941888295387045521e-02,-1.145333251202848134e-03
1.430000000000000000e+02,2.426451727737657105e-01,7.180109644581471329e-02,2.868465086035648648e-02,2.941323600515808115e-02,-1.355267690969402198e-03
1.440000000000000000e+02,2.426705762084630236e-01,7.191909445801600298e-02,2.831952292831109094e-02,2.940676668321939163e-02,-1.552637265285315791e-03
1.450000000000000000e+02,2.426953025351909488e-01,7.203558614400012994e-02,2.795800463618983850e-02,2.939951761771052857e-02,-1.739775722126949429e-03
1.460000000000000000e+02,2.427190979057639031e-01,7.215059100817795834e-02,2.760116740267986798e-02,2.939153612328575943e-02,-1.915558661944959497e-03
1.470000000000000000e+02,2.427421943564817830e-01,7.226412660027728418e-02,2.724854210383879580e-02,2.938286640463284860e-02,-2.080732476698825446e-03
1.480000000000000000e+02,2.427647403445314656e-01,7.237620871221002450e-02,2.689970686385613138e-02,2.937353741015400616e-02,-2.238958674922468268e-03
1.490000000000000000e+02,2.427858049887428316e-01,7.248682773013274960e-02,2.654856430145307797e-02,2.936367070082854941e-02,-2.368010238109445609e-03
1.500000000000000000e+02,2.428063179630178259e-01,7.259599286704750132e-02,2.619963285954154258e-02,2.935332214560511244e-02,-2.483653253624974917e-03
1.510000000000000000e+02,2.428260394872842620e-01,7.270371838517712682e-02,2.585412435110921725e-02,2.934253224397721099e-02,-2.589576390696428886e-03
1.520000000000000000e+02,2.428453774614282301e-01,7.281001710946456706e-02,2.551169382898579169e-02,2.933132972959323972e-02,-2.688603452153210185e-03
1.530000000000000000e+02,2.428639385397722006e-01,7.291491252018944547e-02,2.517489857397064643e-02,2.931974000531451657e-02,-2.781533826893867276e-03
1.540000000000000000e+02,2.428821371449597089e-01,7.301842573399026926e-02,2.484317131219624525e-02,2.930778590825712515e-02,-2.868983293773821972e-03
1.550000000000000000e+02,2.428997894743152586e-01,7.312056980438554066e-02,2.451457689486649660e-02,2.929549053674856268e-02,-2.950889162055019086e-03
1.560000000000000000e+02,2.429169243904602538e-01,7.322136243923610399e-02,2.419023236413362504e-02,2.928288093742072856e-02,-3.026303838680345810e-03
1.570000000000000000e+02,2.429336760259542816e-01,7.332081360901798739e-02,2.386828074765091554e-02,2.926998378220714223e-02,-3.095317251261108047e-03
1.580000000000000000e+02,2.429499803738259800e-01,7.341894421532943471e-02,2.355134551474689919e-02,2.925680840433909219e-02,-3.162090688331680062e-03
1.590000000000000000e+02,2.429658296427499309e-01,7.351577306969407644e-02,2.323892504751235918e-02,2.924337510627908129e-02,-3.223991534402618347e-03
1.600000000000000000e+02,2.429811058722367578e-01,7.361132306408926795e-02,2.293199865484698771e-02,2.922970770482236774e-02,-3.280176349611512582e-03
1.610000000000000000e+02,2.429960633136629411e-01,7.370560882616708498e-02,2.262858289867580169e-02,2.921582719277792534e-02,-3.331322890665800937e-03
1.620000000000000000e+02,2.430104856177429384e-01,7.379863759064463069e-02,2.232690347460957597e-02,2.920175298067854280e-02,-3.377810903851533736e-03
1.630000000000000000e+02,2.430248532082135149e-01,7.389042774203589958e-02,2.202963633390412485e-02,2.918750263020161370e-02,-3.420084114462897812e-03
1.640000000000000000e+02,2.430384414812968297e-01,7.398100185785858041e-02,2.173778779744490672e-02,2.917307110068761977e-02,-3.463567083358592893e-03
1.650000000000000000e+02,2.430544848893419485e-01,7.407023105968313370e-02,2.141500843789184358e-02,2.915851253063572041e-02,-3.494056812455869666e-03
1.660000000000000000e+02,2.430749797655589184e-01,7.415774316778458997e-02,2.100290594434928160e-02,2.914378010285019818e-02,-3.535782668525541683e-03
1.670000000000000000e+02,2.430955590371914055e-01,7.424358485893943482e-02,2.060200587716174911e-02,2.912873204840012858e-02,-3.611533068016926397e-03
1.680000000000000000e+02,2.431172795909317674e-01,7.432780374356601216e-02,2.021253231037793349e-02,2.911342427210795655e-02,-3.673866310121253354e-03
1.690000000000000000e+02,2.431356889406957045e-01,7.441041347614879564e-02,1.982633581986881222e-02,2.909777869375985981e-02,-3.754938803543217841e-03
1.700000000000000000e+02,2.431575170812968756e-01,7.449144914974772935e-02,1.944856166374467343e-02,2.908204053446113851e-02,-3.777158231693262744e-03
1.710000000000000000e+02,2.431719747950041310e-01,7.457091437463958528e-02,1.907165397404668450e-02,2.906586268103428239e-02,-3.882684822445271570e-03
1.720000000000000000e+02,2.431970339774325029e-01,7.464886861008475372e-02,1.870901650683954101e-02,2.905001256229811785e-02,-3.804028496679423815e-03
1.730000000000000000e+02,2.432011940344356860e-01,7.472529433862749870e-02,1.834217485025975772e-02,2.903310455075669427e-02,-4.057922769941314095e-03
1.740000000000000000e+02,2.432395649596908738e-01,7.480029917518526972e-02,1.800116077386389526e-02,2.901841893989593260e-02,-3.524546606582608290e-03
1.750000000000000000e+02,2.432067207389144448e-01,7.487370940843275646e-02,1.761845597939544830e-02,2.899995749392139319e-02,-4.430747033889415216e-03
1.760000000000000000e+02,2.433339456444776894e-01,7.494634636380820281e-02,1.743286929010624473e-02,2.898942594656559249e-02,-2.527571365392124701e-03
1.770000000000000000e+02,2.431976954755862008e-01,7.501662795484870250e-02,1.686758184971892671e-02,2.897105665518874551e-02,-4.408629930442980321e-03
1.780000000000000000e+02,2.434288051765806926e-01,7.508647274591004339e-02,1.676274985472174517e-02,2.895925427125520604e-02,-2.832572144049097084e-03
1.790000000000000000e+02,2.432435534963069135e-01,7.515411782608528990e-02,1.623481924205772212e-02,2.894106031712061905e-02,-4.366548992301193949e-03
1.800000000000000000e+02,2.434106962163281318e-01,7.522129356120264843e-02,1.612217642816675053e-02,2.892950340802087281e-02,-2.773658183939116135e-03
1.810000000000000000e+02,2.432769222310522672e-01,7.528630541349826122e-02,1.560284455094765321e-02,2.891076089868653207e-02,-4.498202240241500061e-03
1.820000000000000000e+02,2.434730532262482927e-01,7.535093222571354055e-02,1.551043493166575325e-02,2.889825789766325287e-02,-3.000720245587065564e-03
1.830000000000000000e+02,2.433136261575428172e-01,7.541348020062806079e-02,1.501151397948585244e-02,2.887989156928139761e-02,-4.407918811645111616e-03
1.840000000000000000e+02,2.434483855844052635e-01,7.547562009951516715e-02,1.491357573290688805e-02,2.886788622822659967e-02,-2.881281853151467301e-03
1.850000000000000000e+02,2.433427358866641355e-01,7.553571429098315804e-02,1.442260595231629507e-02,2.884891577655615547e-02,-4.552908400906457813e-03
1.860000000000000000e+02,2.435203926128781393e-01,7.559549466029065468e-02,1.434728863380025678e-02,2.883583162787283286e-02,-3.140195683997527593e-03
1.870000000000000000e+02,2.433732911192309223e-01,7.565331299206788651e-02,1.387639962653636552e-02,2.881790536607133427e-02,-4.302302832359827800e-03
1.880000000000000000e+02,2.434501734046233268e-01,7.571076386827195470e-02,1.378821028897666418e-02,2.880624419763629790e-02,-2.798680424408603751e-03
1.890000000000000000e+02,2.433987642155473474e-01,7.576624478683791075e-02,1.331542045582876678e-02,2.878691136540465628e-02,-4.639879735593745169e-03
1.900000000000000000e+02,2.435900972803690667e-01,7.582152587978158165e-02,1.326746230647951261e-02,2.877291249147129887e-02,-3.359729744006161034e-03
1.910000000000000000e+02,2.434140440339464528e-01,7.587498358997145365e-02,1.282985044556928314e-02,2.875782111405672872e-02,-3.621930579497049940e-03
1.920000000000000000e+02,2.434633034881796554e-01,7.592753860832243684e-02,1.261320440423458790e-02,2.873884552883780238e-02,-4.554140452542531151e-03
1.930000000000000000e+02,2.435336150747750561e-01,7.597979729087307732e-02,1.254208381215468453e-02,2.872607367568305245e-02,-3.065244757140304834e-03
1.940000000000000000e+02,2.434589594719771266e-01,7.603029939103861379e-02,1.212050403972822488e-02,2.870765265774201380e-02,-4.421044305849502684e-03
1.950000000000000000e+02,2.435593768105721035e-01,7.608067365607086574e-02,1.208982360774169852e-02,2.869464033483020565e-02,-3.122957498833676612e-03
1.960000000000000000e+02,2.434778274207835547e-01,7.612937693560914432e-02,1.168878708918772227e-02,2.867682384398815079e-02,-4.275957802093172631e-03
1.970000000000000000e+02,2.435323049346185542e-01,7.617795488820955363e-02,1.165870862409844853e-02,2.866453041636660148e-02,-2.950422629172150864e-03
1.980000000000000000e+02,2.435011059146144352e-01,7.622486659917412921e-02,1.125881063149762433e-02,2.864557947643320973e-02,-4.548225584013758718e-03
1.990000000000000000e+02,2.436241456430590924e-01,7.627175876160936785e-02,1.125411898445803985e-02,2.863149407704922156e-02,-3.380495852157145917e-03
2.000000000000000000e+02,2.434740118824108845e-01,7.631708036863647793e-02,1.087718568650589829e-02,2.861935755351012120e-02,-2.912765649384129688e-03
2.010000000000000000e+02,2.435381046725850762e-01,7.636150811446773545e-02,1.066265899950087463e-02,2.859924155550290850e-02,-4.827839521730692071e-03
2.020000000000000000e+02,2.436973555388528556e-01,7.640598189831107612e-02,1.067370812240108630e-02,2.858364043038386787e-02,-3.744270028569651049e-03
2.030000000000000000e+02,2.435363928688130952e-01,7.644942992133520188e-02,1.042752552578916393e-02,2.857252777118661144e-02,-2.667038207341750587e-03
2.040000000000000000e+02,2.435532034602574669e-01,7.649138545449681026e-02,1.006932795878646633e-02,2.855350945003088184e-02,-4.564397077375326184e-03
2.050000000000000000e+02,2.436831020921238211e-01,7.653346821481354922e-02,1.009986247601865790e-02,2.853866016242945919e-02,-3.563829024341332898e-03
2.060000000000000000e+02,2.435363777776885785e-01,7.657458586279353163e-02,9.868235515194442170e-03,2.852805426550420950e-02,-2.545415262059531284e-03
2.070000000000000000e+02,2.435774921541895011e-01,7.661425461578347251e-02,9.520500717587395204e-03,2.850890907018071782e-02,-4.594846877638161450e-03
2.080000000000000000e+02,2.437142107279854641e-01,7.665411499173534204e-02,9.566490228448224289e-03,2.849358557833445160e-02,-3.677638043103927546e-03
2.090000000000000000e+02,2.435861768473237821e-01,7.669307047563107826e-02,9.349316134978210777e-03,2.848223909222678124e-02,-2.723156665840836474e-03
2.100000000000000000e+02,2.435913598297981819e-01,7.673064369249277261e-02,9.017572046805128957e-03,2.846459332692653776e-02,-4.234983672058064905e-03
2.110000000000000000e+02,2.436561967445678711e-01,7.676835641394182119e-02,9.051053147771118135e-03,2.845123350260153963e-02,-3.206357837999639256e-03
2.120000000000000000e+02,2.435320155367257655e-01,7.680516757009686613e-02,8.834677477210860219e-03,2.844184617904851539e-02,-2.252957652725601743e-03
2.130000000000000000e+02,2.436210211839968387e-01,7.684060280107112006e-02,8.504455433820376498e-03,2.842253891980828923e-02,-4.633742217654553824e-03
2.140000000000000000e+02,2.437667718838105735e-01,7.687635960458900908e-02,8.581632844294960830e-03,2.840640130298499252e-02,-3.873028037591488663e-03
2.150000000000000000e+02,2.436700106939392874e-01,7.691131088892161349e-02,8.388308239824953869e-03,2.839374561380457462e-02,-3.037365403300266650e-03
2.160000000000000000e+02,2.435666756732447757e-01,7.694548037128631779e-02,8.200675767529159305e-03,2.838436485967385514e-02,-2.251380991372497857e-03
2.170000000000000000e+02,2.436413177557286425e-01,7.697838020373438950e-02,7.895959787535591565e-03,2.836591962519655064e-02,-4.426856274553437123e-03
2.180000000000000000e+02,2.437553778299474672e-01,7.701161032334859213e-02,7.975228707409388884e-03,2.835066657035058627e-02,-3.660733163031604058e-03
2.190000000000000000e+02,2.436694512744484453e-01,7.704406731549910681e-02,7.789678116122623203e-03,2.833872959272680514e-02,-2.864874629707611902e-03
2.200000000000000000e+02,2.435785743613370635e-01,7.707579529879199365e-02,7.614715990291310091e-03,2.832984674647991488e-02,-2.131883099253756471e-03
2.210000000000000000e+02,2.436614873500081990e-01,7.710629685389412680e-02,7.320373224510975593e-03,2.831183321268351469e-02,-4.323248111136012740e-03
2.220000000000000000e+02,2.437649943080110737e-01,7.713718088479401547e-02,7.412167415972046626e-03,2.829681314707814532e-02,-3.604815745288898667e-03
2.230000000000000000e+02,2.436911005656171303e-01,7.716734134172552328e-02,7.238509663560339230e-03,2.828489117717155124e-02,-2.861272777582661662e-03
2.240000000000000000e+02,2.436134698541604082e-01,7.719681715468243444e-02,7.074195109657673702e-03,2.827579641174978939e-02,-2.182743701222710116e-03
2.250000000000000000e+02,2.436708784999564725e-01,7.722513720310246466e-02,6.796811620806376616e-03,2.825929326913859119e-02,-3.960754226687325519e-03
2.260000000000000000e+02,2.437296101906693546e-01,7.725379653162822713e-02,6.878238846183101080e-03,2.824612514877831299e-02,-3.160348886466509896e-03
2.270000000000000000e+02,2.436597354728574638e-01,7.728175482580081079e-02,6.709990601419037713e-03,2.823599595581642585e-02,-2.431006310852596580e-03
2.280000000000000000e+02,2.436269071660268903e-01,7.730858745067563376e-02,6.439829969958944106e-03,2.822572062381126928e-02,-2.466079681237495595e-03
2.290000000000000000e+02,2.436873053320725013e-01,7.733497295950306216e-02,6.332522118583970919e-03,2.820981992039407055e-02,-3.816168820128006730e-03
2.300000000000000000e+02,2.437143270134444206e-01,7.736162348880921968e-02,6.396127033477086270e-03,2.819775963510706696e-02,-2.894468468881229717e-03
2.310000000000000000e+02,2.436493023741385655e-01,7.738757344338939581e-02,6.227989099243755322e-03,2.818874501524969850e-02,-2.163508765768823970e-03
2.320000000000000000e+02,2.436791902098829898e-01,7.741242256696986845e-02,5.963789659313287715e-03,2.817496627622092381e-02,-3.306897366905878991e-03
2.330000000000000000e+02,2.436776630940459820e-01,7.743757345075634457e-02,6.036212108753974577e-03,2.816485832536123890e-02,-2.425908206324509618e-03
2.340000000000000000e+02,2.436136904089343524e-01,7.746206526393026315e-02,5.878035161739226383e-03,2.815767992941082057e-02,-1.722815028100676453e-03
2.350000000000000000e+02,2.437154978343268330e-01,7.748545200530708443e-02,5.612817930436986985e-03,2.814129297467474200e-02,-3.932869136658898035e-03
2.360000000000000000e+02,2.437860490026950433e-01,7.750934126107683619e-02,5.733421384740500573e-03,2.812737767344518011e-02,-3.339672295094724391e-03
2.370000000000000000e+02,2.437415283765935470e-01,7.753265200823411529e-02,5.594579317747333351e-03,2.811591791679583785e-02,-2.750341595842244798e-03
2.380000000000000000e+02,2.436959848807225826e-01,7.755542592750323816e-02,5.465740624590203524e-03,2.810661709681897338e-02,-2.232196794447646650e-03
2.390000000000000000e+02,2.436477137085220068e-01,7.757770061814966978e-02,5.345925755142879286e-03,2.809939558854772368e-02,-1.733161985099884034e-03
2.400000000000000000e+02,2.437118504723845558e-01,7.759898952567777231e-02,5.109337806744240242e-03,2.808548791889909149e-02,-3.337840715671882338e-03
2.410000000000000000e+02,2.437331261922769110e-01,7.762071598384691351e-02,5.214349960593361866e-03,2.807460576183029577e-02,-2.611717696510868023e-03
2.420000000000000000e+02,2.436877768184280424e-01,7.764187046375244095e-02,5.077075177325300614e-03,2.806621843577735212e-02,-2.012958252706591785e-03
2.430000000000000000e+02,2.436430465593583672e-01,7.766252969511559801e-02,4.958215527159099550e-03,2.805989842729775599e-02,-1.516802035102722199e-03
2.440000000000000000e+02,2.437304235368742411e-01,7.768221648959182379e-02,4.724830674293886527e-03,2.804555984701540688e-02,-3.441259267763788470e-03
2.450000000000000000e+02,2.437658645235873944e-01,7.770245777299385204e-02,4.857908016485406114e-03,2.803378662316857381e-02,-2.825573723240177876e-03
2.460000000000000000e+02,2.437289708348556738e-01,7.772219251591605538e-02,4.736338301329650995e-03,2.802427251901695032e-02,-2.283384996389417002e-03
2.470000000000000000e+02,2.436925604595522599e-01,7.774148481776466113e-02,4.630152443665553307e-03,2.801663967086997359e-02,-1.831883555274205601e-03
2.480000000000000000e+02,2.436543493169754937e-01,7.776036859169456472e-02,4.532105743176663253e-03,2.801079431452595941e-02,-1.402885522563797338e-03
2.490000000000000000e+02,2.437335605099257840e-01,7.777835213413226978e-02,4.316050185050025745e-03,2.799764173757579230e-02,-3.156618468040264022e-03
2.500000000000000000e+02,2.437532555300075676e-01,7.779689612980564273e-02,4.450558961608700077e-03,2.798713572012928238e-02,-2.521444187162122895e-03
2.510000000000000000e+02,2.437192022244904777e-01,7.781495154620672594e-02,4.333299936261529768e-03,2.797880665218809709e-02,-1.998976305884172123e-03
2.520000000000000000e+02,2.436863268986413089e-01,7.783259846360673917e-02,4.235260176004257415e-03,2.797223412313123991e-02,-1.577406973645808022e-03
2.530000000000000000e+02,2.436520313533613036e-01,7.784987325567932492e-02,4.145950097421984351e-03,2.796731584113188937e-02,-1.180387679843781720e-03
2.540000000000000000e+02,2.437473994081088002e-01,7.786628101987894124e-02,3.937863407908102041e-03,2.795414617107170804e-02,-3.160720814443382203e-03
2.550000000000000000e+02,2.437727477218615268e-01,7.788330950702208877e-02,4.086836914355808023e-03,2.794326430181464857e-02,-2.611648621694428411e-03
2.560000000000000000e+02,2.437450775186735530e-01,7.789989471651945219e-02,3.980450279368703478e-03,2.793434553837490647e-02,-2.140503225538298738e-03
2.570000000000000000e+02,2.437186891160261770e-01,7.791610008362459538e-02,3.889288105235024981e-03,2.792700303451999336e-02,-1.762200925179007414e-03
2.580000000000000000e+02,2.436913457305192043e-01,7.793195892225855681e-02,3.806121272152102487e-03,2.792114085679990240e-02,-1.406922652821522438e-03
2.590000000000000000e+02,2.436623420505689974e-01,7.794749532155417771e-02,3.728735830947905051e-03,2.791674020017110083e-02,-1.056157590912200957e-03
2.600000000000000000e+02,2.437489700538268689e-01,7.796220355542071712e-02,3.529976127970491616e-03,2.790484564015401764e-02,-2.854694404099836560e-03
2.610000000000000000e+02,2.437607705699721128e-01,7.797765851620704070e-02,3.709190588719199488e-03,2.789514581806637125e-02,-2.327957301035398288e-03
2.620000000000000000e+02,2.437355570877985100e-01,7.799277142508680150e-02,3.627098131142849659e-03,2.788721231080415822e-02,-1.904041742930954149e-03
2.630000000000000000e+02,2.437122021437644614e-01,7.800761937595196427e-02,3.563508207638559945e-03,2.788061655657827348e-02,-1.582981014212651904e-03
2.640000000000000000e+02,2.436880907700350041e-01,7.802223009101390272e-02,3.506571614865413786e-03,2.787526671300121633e-02,-1.283962458493650202e-03
2.650000000000000000e+02,2.436913342218677281e-01,7.803612709627082145e-02,3.335281261660169062e-03,2.786921826107081890e-02,-1.451628463295709034e-03
2.660000000000000000e+02,2.437298499292239462e-01,7.804993942158668097e-02,3.314958075806724407e-03,2.785970190716350811e-02,-2.283924937754687381e-03
2.670000000000000000e+02,2.437076004769271054e-01,7.806428887160836438e-02,3.443868005202890305e-03,2.785288937602654197e-02,-1.635007472871801565e-03
2.680000000000000000e+02,2.436791567537409109e-01,7.807827717190407579e-02,3.357192070969213307e-03,2.784791977969034923e-02,-1.192703120686431154e-03
2.690000000000000000e+02,2.437533474810970324e-01,7.809151572546342568e-02,3.177252854244093632e-03,2.783655124864912664e-02,-2.728447449893801197e-03
2.700000000000000000e+02,2.437493997313693872e-01,7.810547362945079175e-02,3.349896956967458612e-03,2.782751130755494948e-02,-2.169585862602437746e-03
2.710000000000000000e+02,2.437264435605119017e-01,7.811909298796498868e-02,3.268646043408136078e-03,2.782017497366194927e-02,-1.760720134320120905e-03
2.720000000000000000e+02,2.437059653748027133e-01,7.813246832523262908e-02,3.210080944233201315e-03,2.781407527831838283e-02,-1.463926882456302418e-03
2.730000000000000000e+02,2.436853099492647112e-01,7.814562511616983398e-02,3.157629824929788012e-03,2.780909617628065864e-02,-1.194984489053593692e-03
2.740000000000000000e+02,2.437479669312532515e-01,7.815809281833333011e-02,2.992248519237525241e-03,2.779865475776614400e-02,-2.505940443483661156e-03
2.750000000000000000e+02,2.437347653373874434e-01,7.817124743613051985e-02,3.157108271325126045e-03,2.779056302132433542e-02,-1.942016746033968944e-03
2.760000000000000000e+02,2.437121922565291532e-01,7.818407153156610445e-02,3.077782904540495284e-03,2.778413477304727749e-02,-1.542779586493720108e-03
2.770000000000000000e+02,2.436924642588857992e-01,7.819665876466799781e-02,3.020935944452873747e-03,2.777889332607553705e-02,-1.257947273217345594e-03
2.780000000000000000e+02,2.437338943606487118e-01,7.820855506735763241e-02,2.855112645511145332e-03,2.777002817357406700e-02,-2.127636600353185158e-03
2.790000000000000000e+02,2.437127541122003915e-01,7.822104846689671709e-02,2.998415889379211271e-03,2.776334730806693032e-02,-1.603407721713191649e-03
2.800000000000000000e+02,2.436900678785814678e-01,7.823323601513094971e-02,2.925011576216966433e-03,2.775824452998700703e-02,-1.224666739181890732e-03
2.810000000000000000e+02,2.437554179518484354e-01,7.824470329273068570e-02,2.752146623938218819e-03,2.774765548795558173e-02,-2.541370087542084086e-03
2.820000000000000000e+02,2.437408915317934022e-01,7.825686964318395722e-02,2.919924108785328792e-03,2.773935252736359214e-02,-1.992710542077883416e-03
2.830000000000000000e+02,2.437210349739548643e-01,7.826872370706113025e-02,2.844975330522644865e-03,2.773261943715146782e-02,-1.615941650909426481e-03
2.840000000000000000e+02,2.437042646693728942e-01,7.828035720941824149e-02,2.792040565707087918e-03,2.772697369884295771e-02,-1.354977194042126382e-03
2.850000000000000000e+02,2.436876100524973943e-01,7.829179908615022110e-02,2.746050415676012154e-03,2.772229776619572830e-02,-1.122223835335058820e-03
2.860000000000000000e+02,2.437654355478230950e-01,7.830256749617466039e-02,2.584418405865705846e-03,2.771116293891551924e-02,-2.672358547250243931e-03
2.870000000000000000e+02,2.437540350948233792e-01,7.831409535481030637e-02,2.766686072555755646e-03,2.770213902237421075e-02,-2.165739969913832268e-03
2.880000000000000000e+02,2.437367772453898906e-01,7.832533012700579333e-02,2.696345326918487672e-03,2.769459391305447576e-02,-1.810826236736284411e-03
2.890000000000000000e+02,2.437226390484026339e-01,7.833634958439326945e-02,2.644669772995921712e-03,2.768805685248943577e-02,-1.568894535609928736e-03
2.900000000000000000e+02,2.437086201897832316e-01,7.834719399387760075e-02,2.602658276238944361e-03,2.768241034302263218e-02,-1.355162272033029599e-03
2.910000000000000000e+02,2.436942414667767898e-01,7.835786978183162388e-02,2.562189108966118119e-03,2.767762579163173323e-02,-1.148292333815608161e-03
2.920000000000000000e+02,2.437467358219694846e-01,7.836789757896628350e-02,2.406671312319229056e-03,2.766848553269319819e-02,-2.193662145248637639e-03
2.930000000000000000e+02,2.437269185516318659e-01,7.837858034697144094e-02,2.563864321238217350e-03,2.766141125986479321e-02,-1.697825478817519950e-03
2.940000000000000000e+02,2.437092464815693305e-01,7.838898360838797430e-02,2.496782739968905502e-03,2.765575157307405968e-02,-1.358324829776251779e-03
2.950000000000000000e+02,2.436947787809879695e-01,7.839918375898140279e-02,2.448036142423623031e-03,2.765105952064468922e-02,-1.126092583048721694e-03
2.960000000000000000e+02,2.437507613657844963e-01,7.840872843763133093e-02,2.290722875984001292e-03,2.764178480690187775e-02,-2.225931298274483241e-03
2.970000000000000000e+02,2.437310011333223281e-01,7.841894681108772802e-02,2.452409629534455827e-03,2.763456213474822787e-02,-1.733441316876054321e-03
2.980000000000000000e+02,2.437144427349669240e-01,7.842888887069653092e-02,2.386094306112359915e-03,2.762872428534094218e-02,-1.401083857748871078e-03
2.990000000000000000e+02,2.437011444811569560e-01,7.843864258730556815e-02,2.340891986169478436e-03,2.762380861508794555e-02,-1.179760860719442951e-03
3.000000000000000000e+02,2.437267418542497510e-01,7.844788677861157244e-02,2.218605913440713923e-03,2.761674705980024860e-02,-1.694773269046971446e-03
3.010000000000000000e+02,2.437251450537232522e-01,7.845706065748081492e-02,2.201730928617788834e-03,2.760978189435872240e-02,-1.671639705966108209e-03
3.020000000000000000e+02,2.436997979404167680e-01,7.846659998677452119e-02,2.289439030488107582e-03,2.760475284946772162e-02,-1.206970773840055104e-03
3.030000000000000000e+02,2.437552665823567166e-01,7.847540562070738634e-02,2.113352143887222215e-03,2.759536885499070877e-02,-2.252158674482672603e-03
3.040000000000000000e+02,2.437341367308595852e-01,7.848486972412388463e-02,2.271384819959022545e-03,2.758811520656176061e-02,-1.740875622947679786e-03
3.050000000000000000e+02,2.437189838472975933e-01,7.849405927227885715e-02,2.205491557192553777e-03,2.758221057203558146e-02,-1.417112286282987870e-03
3.060000000000000000e+02,2.437073227460217484e-01,7.850306794625661055e-02,2.162081754659456612e-03,2.757716986933936298e-02,-1.209768647092733952e-03
3.070000000000000000e+02,2.436962272976009036e-01,7.851192643101373436e-02,2.126036341710882665e-03,2.757286693471809602e-02,-1.032704309104477648e-03
3.080000000000000000e+02,2.437401158606512241e-01,7.852016608330723846e-02,1.977516550440720257e-03,2.756507669070887984e-02,-1.869658562212175423e-03
3.090000000000000000e+02,2.437193151359318966e-01,7.852902751753229604e-02,2.126744214013120016e-03,2.755903829039599989e-02,-1.449216075091586944e-03
3.100000000000000000e+02,2.437049920644216161e-01,7.853765088095115976e-02,2.069607220527619820e-03,2.755420527304981021e-02,-1.159924163085778066e-03
3.110000000000000000e+02,2.436937415390461881e-01,7.854610231653791352e-02,2.028344540822102013e-03,2.755017706804240019e-02,-9.667692017781518311e-04
3.120000000000000000e+02,2.437569741859836325e-01,7.855392580037463823e-02,1.877636120815313068e-03,2.754109097951849827e-02,-2.180661245736089868e-03
3.130000000000000000e+02,2.437363024662964062e-01,7.856247673221269934e-02,2.052223641134030135e-03,2.753392484899984741e-02,-1.719871324476287188e-03
3.140000000000000000e+02,2.437231914422044732e-01,7.857077041271251505e-02,1.990483319956234606e-03,2.752799635309904555e-02,-1.422839016192180370e-03
3.150000000000000000e+02,2.437134358004228452e-01,7.857889870551021394e-02,1.950790271449241763e-03,2.752284090337071137e-02,-1.237307934800124017e-03
3.160000000000000000e+02,2.437042929116730594e-01,7.858689065823507014e-02,1.918068653965709046e-03,2.751833881959977676e-02,-1.080500105024613869e-03
3.170000000000000000e+02,2.436949400438869484e-01,7.859476053159226983e-02,1.888769605729479807e-03,2.751446697208230832e-02,-9.292434041922772569e-04
3.180000000000000000e+02,2.437437675844144058e-01,7.860202485873857281e-02,1.743438515114297937e-03,2.750675474740897630e-02,-1.850933921600057255e-03
3.190000000000000000e+02,2.437225351354243008e-01,7.860994232324723663e-02,1.900191482079875661e-03,2.750077008739789872e-02,-1.436318402659031782e-03
3.200000000000000000e+02,2.437098226725206151e-01,7.861763012598416145e-02,1.845072656861887267e-03,2.749593486775701867e-02,-1.160452713811059057e-03
3.210000000000000000e+02,2.437003858202524131e-01,7.862516541409528270e-02,1.808469146668939412e-03,2.749182207563159036e-02,-9.870701101030066212e-04
3.220000000000000000e+02,2.436913678393316796e-01,7.863257594749317736e-02,1.778528015493793454e-03,2.748833496813901309e-02,-8.369057982185350904e-04
3.230000000000000000e+02,2.437616887657894360e-01,7.863938236624752609e-02,1.633540501044867871e-03,2.747925253713225449e-02,-2.179783441621765440e-03
3.240000000000000000e+02,2.437403079898447233e-01,7.864694684285819526e-02,1.815474386561574064e-03,2.747201817880743496e-02,-1.736245997956525119e-03
3.250000000000000000e+02,2.437288802983773317e-01,7.865427238172410795e-02,1.758129327819322671e-03,2.746594495041670275e-02,-1.457574813776137514e-03
3.260000000000000000e+02,2.437210510351889292e-01,7.866144293192452175e-02,1.720932048097804272e-03,2.746055442753698658e-02,-1.293725491131526417e-03
3.270000000000000000e+02,2.437138507141397570e-01,7.866849834146483200e-02,1.693298289674971709e-03,2.745572167415383236e-02,-1.159860811956617797e-03
3.280000000000000000e+02,2.437066440113014876e-01,7.867544467390984175e-02,1.667119786800725376e-03,2.745142373601753075e-02,-1.031505152712183879e-03
3.290000000000000000e+02,2.436992712487856538e-01,7.868228739508822955e-02,1.642253082813084500e-03,2.744765212869233750e-02,-9.051857580460888732e-04
3.300000000000000000e+02,2.436914939198032426e-01,7.868903146446010188e-02,1.618576649248480541e-03,2.744441827586721269e-02,-7.761246780300487709e-04
3.310000000000000000e+02,2.437484210209679980e-01,7.869517870308237462e-02,1.475337269345360644e-03,2.743672852279643859e-02,-1.845540736986084904e-03
3.320000000000000000e+02,2.437264043536516434e-01,7.870203075170109641e-02,1.644491668494871533e-03,2.743075438780710057e-02,-1.433792397441198798e-03
3.330000000000000000e+02,2.437154789802979116e-01,7.870866135087177529e-02,1.591343800963160001e-03,2.742585980001730969e-02,-1.174701069549709959e-03
3.340000000000000000e+02,2.437079281773853467e-01,7.871515269403686621e-02,1.557922359622959012e-03,2.742160411600531866e-02,-1.021364162877520364e-03
3.350000000000000000e+02,2.437010386791321759e-01,7.872153706327543465e-02,1.532248617257970158e-03,2.741787180276573227e-02,-8.957551775010412411e-04
3.360000000000000000e+02,2.436941288172303210e-01,7.872782564807789818e-02,1.509260352592337387e-03,2.741463686312246503e-02,-7.763855143840315588e-04
3.370000000000000000e+02,2.437159275201227771e-01,7.873352740146430384e-02,1.368420812738810246e-03,2.740995559031519924e-02,-1.123505473744107431e-03
3.380000000000000000e+02,2.436994515587665722e-01,7.873976447358456421e-02,1.496897308861487455e-03,2.740623106724386290e-02,-8.938855371204447713e-04
3.390000000000000000e+02,2.436899619863260313e-01,7.874584899292574880e-02,1.460284641885906901e-03,2.740330777997377829e-02,-7.015889448203677277e-04
3.400000000000000000e+02,2.437563261474140208e-01,7.875132883461405386e-02,1.315162005192174527e-03,2.739519621445790296e-02,-1.946775723810344107e-03
3.410000000000000000e+02,2.437333517743952016e-01,7.875755693245023448e-02,1.494743480681838283e-03,2.738882021130973829e-02,-1.530240755559592741e-03
3.420000000000000000e+02,2.437235740062230482e-01,7.876356401632214621e-02,1.441700129259182537e-03,2.738348902633073664e-02,-1.279484394960807335e-03
3.430000000000000000e+02,2.437172827621781057e-01,7.876944409112832113e-02,1.411217953482304163e-03,2.737873374110834021e-02,-1.141268453375016102e-03
3.440000000000000000e+02,2.437117254343963146e-01,7.877522814372117654e-02,1.388172622284743717e-03,2.737443709101208128e-02,-1.031196023101945553e-03
3.450000000000000000e+02,2.437063934992184655e-01,7.878092019613008867e-02,1.366092578137252656e-03,2.737056435309019251e-02,-9.294571012531761605e-04
3.460000000000000000e+02,2.437008361392025146e-01,7.878652987698742116e-02,1.346323405761247699e-03,2.736711549449400913e-02,-8.277260630835977899e-04
3.470000000000000000e+02,2.436950635782650920e-01,7.879205393510900490e-02,1.325773949179394730e-03,2.736410252388329911e-02,-7.231129465701402340e-04
3.480000000000000000e+02,2.436892049954584860e-01,7.879749539793817759e-02,1.305951079000938026e-03,2.736151816441583645e-02,-6.202462721912294866e-04
3.490000000000000000e+02,2.437373931050745290e-01,7.880236091963332967e-02,1.167725206835076076e-03,2.735526293094854913e-02,-1.501256032148938968e-03
3.500000000000000000e+02,2.437160688964708777e-01,7.880790602324530547e-02,1.330824866875250385e-03,2.735046935695486028e-02,-1.150457758485312013e-03
3.510000000000000000e+02,2.437069910846594023e-01,7.881325709770733989e-02,1.284257870888810523e-03,2.734659813037537343e-02,-9.290943790768847830e-04
3.520000000000000000e+02,2.437009757946211885e-01,7.881849350645885044e-02,1.256738100361763037e-03,2.734325157262825975e-02,-8.031738593075596951e-04
3.530000000000000000e+02,2.436955019001853795e-01,7.882364499939703562e-02,1.236358305164926650e-03,2.734033535569742671e-02,-6.998920633998941942e-04
3.540000000000000000e+02,2.436900912725297186e-01,7.882872047199890320e-02,1.218113424446654307e-03,2.733782424067598277e-02,-6.026676051467102840e-04
3.550000000000000000e+02,2.437207560891305747e-01,7.883322602949129065e-02,1.081333798173971439e-03,2.733315039735677993e-02,-1.121722396608283018e-03
3.560000000000000000e+02,2.437034005948267856e-01,7.883831608717611905e-02,1.221613844360109041e-03,2.732952024068984950e-02,-8.712376000636787255e-04
3.570000000000000000e+02,2.436952024098437974e-01,7.884326398577962136e-02,1.187495664840296748e-03,2.732665424729550929e-02,-6.878384146416674332e-04
3.580000000000000000e+02,2.436893037834295950e-01,7.884810814001229351e-02,1.162597015841305937e-03,2.732427792519960888e-02,-5.703173030159876082e-04
3.590000000000000000e+02,2.437294770338059857e-01,7.885238719386357398e-02,1.026972924306514484e-03,2.731893112908213850e-02,-1.283231068193218128e-03
3.600000000000000000e+02,2.437100754416298143e-01,7.885730162390150455e-02,1.179463209102310723e-03,2.731481905669223484e-02,-9.868973735771920022e-04
3.610000000000000000e+02,2.437019314580078921e-01,7.886205452356509493e-02,1.140695919260556728e-03,2.731152082791961019e-02,-7.915749054298056421e-04
3.620000000000000000e+02,2.436965380575955575e-01,7.886670408791898734e-02,1.115895444935428773e-03,2.730869623275692520e-02,-6.779028390441380709e-04
3.630000000000000000e+02,2.436916956622798003e-01,7.887127889049522222e-02,1.097952618295334982e-03,2.730625478252489760e-02,-5.859480556866774725e-04
3.640000000000000000e+02,2.436868412737757117e-01,7.887578678337205107e-02,1.081894290439664418e-03,2.730418109892148587e-02,-4.976840648185736592e-04
3.650000000000000000e+02,2.437430950384582018e-01,7.887972659293580879e-02,9.455542953016399460e-04,2.729779221613043080e-02,-1.533331869853362707e-03
3.660000000000000000e+02,2.437201594614496758e-01,7.888439062655164258e-02,1.119368067800837136e-03,2.729289402349479449e-02,-1.175566232552486884e-03
3.670000000000000000e+02,2.437119558190804225e-01,7.888887466616006927e-02,1.076169506023708696e-03,2.728888387936512228e-02,-9.624345911217049377e-04
3.680000000000000000e+02,2.437072568295921560e-01,7.889325059857210665e-02,1.050223778887956604e-03,2.728532845684269667e-02,-8.533014053823270934e-04
3.690000000000000000e+02,2.437033015595755081e-01,7.889755336824684495e-02,1.032664721937559624e-03,2.728211335153039180e-02,-7.716252749533449896e-04
3.700000000000000000e+02,2.436994146854735699e-01,7.890179059859243893e-02,1.016935282941837555e-03,2.727921948946561426e-02,-6.945268955462582418e-04
3.710000000000000000e+02,2.436956070732624602e-01,7.890595720211134034e-02,9.999848445375559766e-04,2.727664081528617668e-02,-6.188818030648073065e-04
3.720000000000000000e+02,2.436915481896688163e-01,7.891006654151758171e-02,9.862414574977819599e-04,2.727437959804958692e-02,-5.426921367815581944e-04
3.730000000000000000e+02,2.436874141678795624e-01,7.891411274272387699e-02,9.710882895098835654e-04,2.727244328095018364e-02,-4.647161038569109191e-04
3.740000000000000000e+02,2.437153546606338761e-01,7.891760652785229091e-02,8.385084308202160521e-04,2.726860604138069827e-02,-9.209374966764314642e-04
3.750000000000000000e+02,2.436995358586996341e-01,7.892168142790623175e-02,9.779760129449313437e-04,2.726562205532304800e-02,-7.161566538364770584e-04
3.760000000000000000e+02,2.436928926566255260e-01,7.892563628328755354e-02,9.491652915188635974e-04,2.726328149230590817e-02,-5.617351241137793138e-04
3.770000000000000000e+02,2.436883833708711755e-01,7.892950720874644666e-02,9.290221101344678942e-04,2.726133127397127945e-02,-4.680524003108396495e-04
3.780000000000000000e+02,2.437114632147968363e-01,7.893282192954176324e-02,7.955329908743799961e-04,2.725790820003450715e-02,-8.215377448251074115e-04
3.790000000000000000e+02,2.436941876197740997e-01,7.893670325709473135e-02,9.315186127111981787e-04,2.725539596841506512e-02,-6.029355886663225828e-04
3.800000000000000000e+02,2.436873358087877639e-01,7.894046026002457528e-02,9.016807031625306704e-04,2.725353952782511718e-02,-4.455457415875633750e-04
3.810000000000000000e+02,2.437254347348333794e-01,7.894365154412311125e-02,7.659081836502864248e-04,2.724893669455746500e-02,-1.104679984236216304e-03
3.820000000000000000e+02,2.437061782174057278e-01,7.894747614022457061e-02,9.179030643504663316e-04,2.724546702481341065e-02,-8.327207385730966797e-04
3.830000000000000000e+02,2.436994045095002837e-01,7.895115668203438186e-02,8.833300343530642177e-04,2.724270926218452446e-02,-6.618630309327286571e-04
3.840000000000000000e+02,2.436952108065779110e-01,7.895475551376289480e-02,8.637196148420610417e-04,2.724033749145087988e-02,-5.692249760750662689e-04
3.850000000000000000e+02,2.436917374509191270e-01,7.895828701100356117e-02,8.475593377583269571e-04,2.723826663599784176e-02,-4.970053087295231908e-04
3.860000000000000000e+02,2.436882981319315189e-01,7.896177011450954131e-02,8.359448414362600013e-04,2.723646903552226495e-02,-4.314241141381780975e-04
3.870000000000000000e+02,2.436848527323981772e-01,7.896519801051346543e-02,8.226950409423114136e-04,2.723494905161938720e-02,-3.647961366905906177e-04
3.880000000000000000e+02,2.437319142520966986e-01,7.896808056014081867e-02,6.918119105662336003e-04,2.722990900704090611e-02,-1.209610698835196160e-03
3.890000000000000000e+02,2.437110498655290503e-01,7.897165085197514756e-02,8.568700402402252420e-04,2.722608831326192580e-02,-9.169665069550323854e-04
3.900000000000000000e+02,2.437043477070200415e-01,7.897507153148271286e-02,8.209630818158232882e-04,2.722300375362482830e-02,-7.402943129033489125e-04
3.910000000000000000e+02,2.437007490760033090e-01,7.897840541646550250e-02,8.001323958708782356e-04,2.722027687728441683e-02,-6.544503216983795207e-04
3.920000000000000000e+02,2.436975977424658268e-01,7.898169125894372034e-02,7.886021947725036906e-04,2.721782023617460786e-02,-5.895938663540743275e-04
3.930000000000000000e+02,2.436947375407439165e-01,7.898492215533446659e-02,7.754151337790992369e-04,2.721561305113801357e-02,-5.297244087825291742e-04
3.940000000000000000e+02,2.436918486421795760e-01,7.898810383836406268e-02,7.636039271039842544e-04,2.721364927202715028e-02,-4.713069866071737833e-04
3.950000000000000000e+02,2.436889372395159847e-01,7.899123550285631901e-02,7.515994781415712969e-04,2.721192929205451527e-02,-4.127951934327671259e-04
3.960000000000000000e+02,2.436859879176668242e-01,7.899432239312788318e-02,7.408536651743298724e-04,2.721044775382549033e-02,-3.555691749658070034e-04
3.970000000000000000e+02,2.436896941106405645e-01,7.899733357036615999e-02,7.226825371870667378e-04,2.720865720035442470e-02,-4.297328330558122106e-04
3.980000000000000000e+02,2.437224720143312817e-01,7.899987968989474751e-02,6.110686868607129304e-04,2.720451072300218362e-02,-9.951545645378986806e-04
3.990000000000000000e+02,2.437035010864774531e-01,7.900303527438495843e-02,7.573402776516839890e-04,2.720145636264443070e-02,-7.330464858609707065e-04
4.000000000000000000e+02,2.436973282604499857e-01,7.900605883949013419e-02,7.256556252422884622e-04,2.719906635415779081e-02,-5.736020367933164282e-04
4.010000000000000000e+02,2.436938808795986455e-01,7.900900549298851827e-02,7.071968396131690258e-04,2.719701147105801561e-02,-4.931719439457814963e-04
4.020000000000000000e+02,2.436911263116235682e-01,7.901190101216058748e-02,6.949246012957669512e-04,2.719519865188081004e-02,-4.350766025296452701e-04
4.030000000000000000e+02,2.436884910629147638e-01,7.901475072197190752e-02,6.839303547162253792e-04,2.719360989078698984e-02,-3.813026625167635392e-04
4.040000000000000000e+02,2.436858152713787251e-01,7.901755942863931959e-02,6.740896001799098975e-04,2.719224130228951875e-02,-3.284612393932843824e-04
4.050000000000000000e+02,2.436830333805161952e-01,7.902032550668550148e-02,6.638587310840747069e-04,2.719110158473165770e-02,-2.735322138868254561e-04
4.060000000000000000e+02,2.437233546663749306e-01,7.902255770933991341e-02,5.357286370587030630e-04,2.718702437001387431e-02,-9.785315322676183675e-04
4.070000000000000000e+02,2.437041138352470937e-01,7.902545132142817230e-02,6.944669011818981226e-04,2.718399032210419911e-02,-7.281714983217560432e-04
4.080000000000000000e+02,2.436982420369905311e-01,7.902821456829373092e-02,6.631792477335821979e-04,2.718160403904458511e-02,-5.727079343074106170e-04
4.090000000000000000e+02,2.436951954998000935e-01,7.903090831826929674e-02,6.464999941348494516e-04,2.717951904088210593e-02,-5.003995589951635301e-04
4.100000000000000000e+02,2.436928355564735305e-01,7.903355160789514444e-02,6.343895102049107232e-04,2.717765046897906850e-02,-4.484572567287074991e-04
4.110000000000000000e+02,2.436905033163947187e-01,7.903615564380467307e-02,6.249686182867705744e-04,2.717598254552927584e-02,-4.003016279504863564e-04
4.120000000000000000e+02,2.436881383973966420e-01,7.903871858976793674e-02,6.151070311845554172e-04,2.717451891220305088e-02,-3.512719982943983779e-04
4.130000000000000000e+02,2.436857270313854684e-01,7.904124476414352285e-02,6.062818501410347904e-04,2.717325719278447516e-02,-3.028126604581633254e-04
4.140000000000000000e+02,2.436834254767880903e-01,7.904373206479774205e-02,5.969521570129126403e-04,2.717218846281474129e-02,-2.564951927364428840e-04
4.150000000000000000e+02,2.437074270825692890e-01,7.904568681677796860e-02,4.691404752536086544e-04,2.716959058101755739e-02,-6.234916313239101393e-04
4.160000000000000000e+02,2.436921794050016243e-01,7.904823158783022552e-02,6.107450525430544288e-04,2.716769848207201132e-02,-4.541037469310517036e-04
4.170000000000000000e+02,2.436872233294454793e-01,7.905067555008678248e-02,5.865509415731988852e-04,2.716632260657052961e-02,-3.302101203556279140e-04
4.180000000000000000e+02,2.436843112557865454e-01,7.905305874706546054e-02,5.719672748834114372e-04,2.716521947771666570e-02,-2.647509249277262174e-04
4.190000000000000000e+02,2.436817298845310453e-01,7.905540535815246128e-02,5.631866608810350353e-04,2.716433258051774435e-02,-2.128553277414253287e-04
4.200000000000000000e+02,2.437239137044329429e-01,7.905722333638191823e-02,4.363147750710901374e-04,2.716035712729975710e-02,-9.541087723166616396e-04
4.210000000000000000e+02,2.437047629163830720e-01,7.905971026576431859e-02,5.968630517773241759e-04,2.715738139155570927e-02,-7.141765785717812650e-04
4.220000000000000000e+02,2.436993947834337204e-01,7.906207664027521675e-02,5.679298826152210386e-04,2.715501070512040677e-02,-5.689647444728372552e-04
4.230000000000000000e+02,2.436968253972878196e-01,7.906437634143329007e-02,5.519282779382104565e-04,2.715290749101365378e-02,-5.047713856205459076e-04
4.240000000000000000e+02,2.436948479777836796e-01,7.906663406638390901e-02,5.418539881496826482e-04,2.715098975806406328e-02,-4.602559079013977426e-04
4.250000000000000000e+02,2.436931125915155483e-01,7.906885414224242015e-02,5.328182060423536500e-04,2.714923083301199261e-02,-4.221420124967523559e-04
4.260000000000000000e+02,2.436911670062368862e-01,7.907104648424727322e-02,5.261620811654521210e-04,2.714763827723339421e-02,-3.822133868635653334e-04
4.270000000000000000e+02,2.436894028130973389e-01,7.907320207596507666e-02,5.173420122724593697e-04,2.714620525438397533e-02,-3.439254838607936878e-04
4.280000000000000000e+02,2.436875778385124702e-01,7.907532474995428162e-02,5.094417574093775295e-04,2.714493234528666393e-02,-3.054981833546122224e-04
4.290000000000000000e+02,2.436856907983381559e-01,7.907741796585195104e-02,5.023718154396779583e-04,2.714382037551120105e-02,-2.668727461109445410e-04
4.300000000000000000e+02,2.436837536248662728e-01,7.907947887666479103e-02,4.946185950828588035e-04,2.714287604285057012e-02,-2.266398385513639221e-04
4.310000000000000000e+02,2.436818280712063356e-01,7.908151087999329421e-02,4.876807988422466309e-04,2.714209343764685534e-02,-1.878252488914200860e-04
4.320000000000000000e+02,2.437055110330392793e-01,7.908302575420504688e-02,3.635698108218795828e-04,2.713980364526730540e-02,-5.495501710918020708e-04
4.330000000000000000e+02,2.436900788354812164e-01,7.908512832292682870e-02,5.046164932268721540e-04,2.713822308319880153e-02,-3.793348964410612990e-04
4.340000000000000000e+02,2.436854931552331627e-01,7.908712585169899723e-02,4.794069053210880992e-04,2.713714082894167628e-02,-2.597410217101016718e-04
4.350000000000000000e+02,2.436829168733539719e-01,7.908907668251384526e-02,4.681993955620408938e-04,2.713629716020671268e-02,-2.024804963916110290e-04
4.360000000000000000e+02,2.436808421501037991e-01,7.909099160861529643e-02,4.595822643487959373e-04,2.713563727107677279e-02,-1.583733911854397366e-04
4.370000000000000000e+02,2.437135316955059694e-01,7.909239051528962894e-02,3.357376018408294118e-04,2.713269908294591026e-02,-7.051651514070188687e-04
4.380000000000000000e+02,2.436975063272347197e-01,7.909441139043463243e-02,4.850100348011722722e-04,2.713051204143080916e-02,-5.248899636245616101e-04
4.390000000000000000e+02,2.436929782731213079e-01,7.909634026117852434e-02,4.629289785344953864e-04,2.712882220475813788e-02,-4.055608014413897202e-04
4.400000000000000000e+02,2.436908574065458910e-01,7.909821023933021056e-02,4.487947564058453751e-04,2.712735547926264576e-02,-3.520141189180055370e-04
4.410000000000000000e+02,2.436891699772823217e-01,7.910005119719216993e-02,4.418298868715263869e-04,2.712604006571308138e-02,-3.156992518953987054e-04
4.420000000000000000e+02,2.436875822051850493e-01,7.910186020587681166e-02,4.341620843147995894e-04,2.712487059280747556e-02,-2.806734973449991695e-04
4.430000000000000000e+02,2.436860739396165265e-01,7.910364058507764196e-02,4.272910081996243552e-04,2.712383612174502912e-02,-2.482730549874703329e-04
4.440000000000000000e+02,2.436843364354204233e-01,7.910540133718609035e-02,4.225805060261555307e-04,2.712294627534615060e-02,-2.135631357310653860e-04
4.450000000000000000e+02,2.436827748924255133e-01,7.910713262481859631e-02,4.155090318016758716e-04,2.712219609084888169e-02,-1.800442793444757730e-04
4.460000000000000000e+02,2.436811408881745245e-01,7.910883754225732367e-02,4.091801852955053755e-04,2.712158785234201896e-02,-1.459772416470729724e-04
4.470000000000000000e+02,2.437024222403873230e-01,7.911004022634089694e-02,2.886441800585347155e-04,2.711967249787908610e-02,-4.596850711035761392e-04
4.480000000000000000e+02,2.436888240811269923e-01,7.911180252166222227e-02,4.229508771178177294e-04,2.711832956278876008e-02,-3.223044216779189647e-04
4.490000000000000000e+02,2.436848639128913474e-01,7.911348723126972182e-02,4.043303057991700570e-04,2.711740745783572729e-02,-2.213051887275446425e-04
4.500000000000000000e+02,2.436827025383133949e-01,7.911512606835761907e-02,3.933209010938930870e-04,2.711669471557045380e-02,-1.710581436653077600e-04
4.510000000000000000e+02,2.436810183538370422e-01,7.911673567521665396e-02,3.863056461680277037e-04,2.711613264556579639e-02,-1.348968011176685314e-04
4.520000000000000000e+02,2.437059098961790182e-01,7.911782726644017716e-02,2.619818936454948411e-04,2.711397171187661728e-02,-5.186240854032520432e-04
4.530000000000000000e+02,2.436909905583619917e-01,7.911952209958360294e-02,4.067599544218782536e-04,2.711245541211143237e-02,-3.639119436441728582e-04
4.540000000000000000e+02,2.436869903915478419e-01,7.912112180107355730e-02,3.839283575890614576e-04,2.711138795538228091e-02,-2.561896149966155192e-04
4.550000000000000000e+02,2.436849016359550479e-01,7.912267772018539980e-02,3.734205868437272171e-04,2.711052525339247357e-02,-2.070484775540275594e-04
4.560000000000000000e+02,2.436834286830238394e-01,7.912420626336395812e-02,3.668503628523888142e-04,2.710979636490450095e-02,-1.749332371134786188e-04
4.570000000000000000e+02,2.436819647123303345e-01,7.912571030008112849e-02,3.609688121193546520e-04,2.710919774037803126e-02,-1.436698863528402680e-04
4.580000000000000000e+02,2.436805004573350253e-01,7.912719241512818080e-02,3.557076112922877048e-04,2.710872624469174222e-02,-1.131589647093235505e-04
4.590000000000000000e+02,2.437079639040815593e-01,7.912816001481487449e-02,2.322239248054055029e-04,2.710643546581454830e-02,-5.497869305267145176e-04
4.600000000000000000e+02,2.436937537422724231e-01,7.912973908956033586e-02,3.789779389112320337e-04,2.710472362771206359e-02,-4.108411445963396818e-04
4.610000000000000000e+02,2.436900312529566293e-01,7.913123398262436603e-02,3.587743353658692617e-04,2.710343209468198469e-02,-3.099679272189268778e-04
4.620000000000000000e+02,2.436881939719026668e-01,7.913268299522285831e-02,3.477630236394948864e-04,2.710233057843577931e-02,-2.643638990894795057e-04
4.630000000000000000e+02,2.436868692557887239e-01,7.913410870114281903e-02,3.421694207905318910e-04,2.710134951672915279e-02,-2.354548095902622468e-04
4.640000000000000000e+02,2.436856194546339061e-01,7.913551354155597128e-02,3.371616991575155124e-04,2.710048010723960926e-02,-2.086582774907529711e-04
4.650000000000000000e+02,2.436845188318032818e-01,7.913689372410950829e-02,3.312438128485352797e-04,2.709971357497838185e-02,-1.839677426949805979e-04
4.660000000000000000e+02,2.436832458524971767e-01,7.913825780613342742e-02,3.273796857392409824e-04,2.709905539195268595e-02,-1.579639261671089668e-04
4.670000000000000000e+02,2.436819743924886761e-01,7.913960155166274713e-02,3.224989270359055610e-04,2.709850999600152410e-02,-1.308950282790350512e-04
4.680000000000000000e+02,2.436808658398511851e-01,7.914091514795867921e-02,3.152631110251456000e-04,2.709807425184029492e-02,-1.045785986948809438e-04
4.690000000000000000e+02,2.437141742465792071e-01,7.914183502004180915e-02,2.207692999521630695e-04,2.709516873379043053e-02,-6.973243319673327802e-04
4.700000000000000000e+02,2.436915858541817137e-01,7.914330077721183632e-02,3.517817208049138695e-04,2.709362153442999854e-02,-3.713278465040121949e-04
4.710000000000000000e+02,2.436858310502428571e-01,7.914463430374060748e-02,3.200463669050980921e-04,2.709271700052954743e-02,-2.170881361082844662e-04
4.720000000000000000e+02,2.436835268666665277e-01,7.914591447425202431e-02,3.072409227406832526e-04,2.709205390375571745e-02,-1.591432257189228185e-04
4.730000000000000000e+02,2.436820296187723611e-01,7.914717058205933409e-02,3.014658737540608585e-04,2.709152810990014121e-02,-1.261905253381628465e-04
4.740000000000000000e+02,2.436809277169226517e-01,7.914839914379528940e-02,2.948548166300110564e-04,2.709111009748591675e-02,-1.003229794142080668e-04
4.750000000000000000e+02,2.436798024702007959e-01,7.914960897960268693e-02,2.903605937738514627e-04,2.709079216903025056e-02,-7.630282935966540550e-05
4.760000000000000000e+02,2.437042268157155744e-01,7.915031131234295803e-02,1.685598576662750332e-04,2.708891433991393247e-02,-4.506789879166502163e-04
4.770000000000000000e+02,2.436907952117912390e-01,7.915161060745774801e-02,3.118308275512200159e-04,2.708755089856006160e-02,-3.272259249287440535e-04
4.780000000000000000e+02,2.436873881691887789e-01,7.915283555462038212e-02,2.939873190318910770e-04,2.708657115877800836e-02,-2.351375476928510956e-04
4.790000000000000000e+02,2.436857905908185462e-01,7.915402345753412561e-02,2.850966992977500055e-04,2.708575405190388058e-02,-1.961056497908785412e-04
4.800000000000000000e+02,2.436847234280437313e-01,7.915518404912859352e-02,2.785419826708810157e-04,2.708504361517084791e-02,-1.705048159274890447e-04
