# Time, SliderHeight, Motor1Pos, Motor1Vel, Motor2Pos, Motor2Vel
0.000000000000000000e+00,2.600000000000000089e-01,0.000000000000000000e+00,0.000000000000000000e+00,0.000000000000000000e+00,0.000000000000000000e+00
1.000000000000000000e+00,2.120415566126997997e-01,-1.667433977127075065e-03,-4.001841545104980469e-01,-1.578025225738783613e-03,-3.787260541773080913e-01
2.000000000000000000e+00,2.412044762172509682e-01,-4.135034084320068394e-03,-5.922240257263183816e-01,-2.836850733291948999e-03,-3.021181218127596546e-01
3.000000000000000000e+00,2.636461577238605747e-01,-6.323997616767882898e-03,-5.253512477874755504e-01,-4.415537773206492517e-03,-3.788848895794905136e-01
4.000000000000000000e+00,2.612533261174566079e-01,-8.560029661655425143e-03,-5.366476907730102219e-01,-5.657786423457819742e-03,-2.981396760603185481e-01
5.000000000000000000e+00,2.640009159508254766e-01,-1.052329659104347080e-02,-4.711840630531310969e-01,-7.006080470056269549e-03,-3.235905711836279397e-01
6.000000000000000000e+00,2.610686142716037716e-01,-1.242409991896152241e-02,-4.561927987003325802e-01,-8.132986720986293272e-03,-2.704575002232055825e-01
7.000000000000000000e+00,2.610275626402937532e-01,-1.411090357013940547e-02,-4.048328762826919891e-01,-9.281712069138449428e-03,-2.756940835565176995e-01
8.000000000000000000e+00,2.584800634495205141e-01,-1.571156438805222308e-02,-3.841585962990761161e-01,-1.028117892610534712e-02,-2.398720456720554728e-01
9.000000000000000000e+00,2.573669903941506742e-01,-1.715310683802568834e-02,-3.459701879936313840e-01,-1.126188652387075453e-02,-2.353698234636977249e-01
1.000000000000000000e+01,2.550836372303389998e-01,-1.850900594254556789e-02,-3.254157850847712030e-01,-1.213380560835107189e-02,-2.092605802752763311e-01
1.100000000000000000e+01,2.534074412880538141e-01,-1.974350104207000384e-02,-2.962788238858644063e-01,-1.296843414846462171e-02,-2.003108496272518746e-01
1.200000000000000000e+01,2.510515577100510543e-01,-2.090063890344680264e-02,-2.777130867304321571e-01,-1.372861773567776549e-02,-1.824440609311546169e-01
1.300000000000000000e+01,2.489570024205736143e-01,-2.196700454229218516e-02,-2.559277533228919710e-01,-1.444966037897882881e-02,-1.730502343922550867e-01
1.400000000000000000e+01,2.465348749717212462e-01,-2.296358120865317487e-02,-2.391783999266379745e-01,-1.511378000435111522e-02,-1.593887100893489339e-01
1.500000000000000000e+01,2.440851678209940423e-01,-2.388849054956459009e-02,-2.219782418187398187e-01,-1.573475736163543540e-02,-1.490345657482369524e-01
1.600000000000000000e+01,1.959099292205156162e-01,-2.475245769486516395e-02,-2.073521148721378660e-01,-1.630734686062547054e-02,-1.374214797576081559e-01
1.700000000000000000e+01,2.384185638822237663e-01,-2.555637635885795941e-02,-1.929404793582709665e-01,-1.684365228419739888e-02,-1.287133016572627187e-01
1.800000000000000000e+01,2.384345303141011396e-01,-2.630910049169470077e-02,-1.806537918808178711e-01,-1.733995874767227038e-02,-1.191135512339689395e-01
1.900000000000000000e+01,2.385224759282069673e-01,-2.701066825052389139e-02,-1.683762621190056097e-01,-1.780389606992660925e-02,-1.113449573410412730e-01
2.000000000000000000e+01,2.385558853236341703e-01,-2.766714894706269121e-02,-1.575553671693120938e-01,-1.823374801910163448e-02,-1.031644678020062489e-01
2.100000000000000000e+01,2.386274855221111046e-01,-2.827939156235093066e-02,-1.469382276691777456e-01,-1.863481856020913693e-02,-9.625692986580033916e-02
2.200000000000000000e+01,2.386666180453105024e-01,-2.885195699519665230e-02,-1.374157038829729172e-01,-1.900664797394844424e-02,-8.923905929743376764e-02
2.300000000000000000e+01,2.387768664664750851e-01,-2.938211936223582982e-02,-1.272389680894022157e-01,-1.936168519529148438e-02,-8.520893312232942496e-02
2.400000000000000000e+01,2.388050647357415068e-01,-2.987793664754697862e-02,-1.189961484746757947e-01,-1.969462377911020828e-02,-7.990526011649375093e-02
2.500000000000000000e+01,2.388849137948533818e-01,-3.033877236206474620e-02,-1.106005714842639015e-01,-2.001116642134088269e-02,-7.597023413536227454e-02
2.600000000000000000e+01,2.389265880450707757e-01,-3.076910217904278363e-02,-1.032791560747290810e-01,-2.030956717231907627e-02,-7.161618023476604145e-02
2.700000000000000000e+01,2.389860517957550501e-01,-3.116971469196583994e-02,-9.614700310153355411e-02,-2.059280251174315166e-02,-6.797648146177819040e-02
2.800000000000000000e+01,2.390279832554010053e-01,-3.154354288822031060e-02,-8.971876710107259956e-02,-2.086063064374765047e-02,-6.427875168107938242e-02
2.900000000000000000e+01,2.390750766997203625e-01,-3.189187045078530763e-02,-8.359861501559906483e-02,-2.111480090533124007e-02,-6.100086278006168483e-02
3.000000000000000000e+01,2.391132450079943572e-01,-3.221683617098082542e-02,-7.799177284692490608e-02,-2.135564792318139782e-02,-5.780328428403824770e-02
3.100000000000000000e+01,2.391517393371472566e-01,-3.251981361803069764e-02,-7.271458729196883519e-02,-2.158434010889833873e-02,-5.488612457206559075e-02
3.200000000000000000e+01,2.391849789930954318e-01,-3.280248603907217481e-02,-6.784138104995449114e-02,-2.180140153181598511e-02,-5.209474150023514494e-02
3.300000000000000000e+01,2.392168730814318856e-01,-3.306614781934312519e-02,-6.327882726502744026e-02,-2.200769426475815416e-02,-4.951025590612047333e-02
3.400000000000000000e+01,2.392451915460385159e-01,-3.331218146251105350e-02,-5.904807436030196088e-02,-2.220377661631284597e-02,-4.705976437312568011e-02
3.500000000000000000e+01,2.392716058484777308e-01,-3.354175969630298487e-02,-5.509877611006271103e-02,-2.239032689791134803e-02,-4.477206758364064842e-02
3.600000000000000000e+01,2.392953514788687397e-01,-3.375604526403383487e-02,-5.142853625540402818e-02,-2.256788108403585263e-02,-4.261300466988142410e-02
3.700000000000000000e+01,2.393171526261091142e-01,-3.395607569399031883e-02,-4.800730318955600401e-02,-2.273700499822301976e-02,-4.058973940491995142e-02
3.800000000000000000e+01,2.393367956973077859e-01,-3.414284436627525177e-02,-4.482448134838359910e-02,-2.289818105956568928e-02,-3.868225472224051664e-02
3.900000000000000000e+01,2.393546587653564706e-01,-3.431725426367788351e-02,-4.185837537663114616e-02,-2.305188814873100275e-02,-3.688970139967488043e-02
4.000000000000000000e+01,2.393707101848988050e-01,-3.448015979395988029e-02,-3.909732726767892186e-02,-2.319855725831938484e-02,-3.520058630121167265e-02
4.100000000000000000e+01,2.393851607150616345e-01,-3.463234780550017433e-02,-3.652512276967077171e-02,-2.333859714329689083e-02,-3.360957239460137663e-02
4.200000000000000000e+01,2.393981066566112093e-01,-3.477455328392995565e-02,-3.412931482314805059e-02,-2.347239654475864051e-02,-3.211185635082009632e-02
4.300000000000000000e+01,2.394095917013970287e-01,-3.490746751863968433e-02,-3.189941633033524515e-02,-2.360030532969024236e-02,-3.069810838358485658e-02
4.400000000000000000e+01,2.394198378176572439e-01,-3.503171863054525131e-02,-2.982026685733595375e-02,-2.372265924000441922e-02,-2.936493847540247795e-02
4.500000000000000000e+01,2.394288521837849015e-01,-3.514790173079334473e-02,-2.788394405954180630e-02,-2.383977236435157188e-02,-2.810714984331667485e-02
4.600000000000000000e+01,2.394367401761989533e-01,-3.525657030080941307e-02,-2.608045680385611895e-02,-2.395193632321377872e-02,-2.691935012692944079e-02
4.700000000000000000e+01,2.394436352280519820e-01,-3.535823141457308111e-02,-2.439866730328007702e-02,-2.405942549595386712e-02,-2.579740145762114689e-02
4.800000000000000000e+01,2.394495295214481567e-01,-3.545336826075615871e-02,-2.283284308393843109e-02,-2.416249278446285995e-02,-2.473614924215864624e-02
4.900000000000000000e+01,2.394545825544990569e-01,-3.554242166962775368e-02,-2.137281812918232979e-02,-2.426138368183611282e-02,-2.373381536958095450e-02
5.000000000000000000e+01,2.394587961841526669e-01,-3.562580626982349286e-02,-2.001230404697704190e-02,-2.435631317139496863e-02,-2.278307749412507646e-02
5.100000000000000000e+01,2.394622925479659437e-01,-3.570390416781215465e-02,-1.874349551727945776e-02,-2.444749857998654297e-02,-2.188449806197775155e-02
5.200000000000000000e+01,2.394650957612542430e-01,-3.577707416057684248e-02,-1.756079826352538800e-02,-2.453513550177324407e-02,-2.103286122880808004e-02
5.300000000000000000e+01,2.394672551250509318e-01,-3.584565108633130243e-02,-1.645846218106959344e-02,-2.461940593196571686e-02,-2.022490324619328345e-02
5.400000000000000000e+01,2.394688592754186107e-01,-3.590994225993237449e-02,-1.542988166425682435e-02,-2.470048558718249826e-02,-1.945911725202753226e-02
5.500000000000000000e+01,2.394699150567933810e-01,-3.597023916591241682e-02,-1.447125743520941664e-02,-2.477853559261251545e-02,-1.873200130320382822e-02
5.600000000000000000e+01,2.394705177845703470e-01,-3.602680712058278084e-02,-1.357630912088815880e-02,-2.485371288185475591e-02,-1.804254941813797017e-02
5.700000000000000000e+01,2.394706411207211671e-01,-3.607989980978489053e-02,-1.274224540850713711e-02,-2.492615273468384157e-02,-1.738556467898040581e-02
5.800000000000000000e+01,2.394703990611938837e-01,-3.612974555077602679e-02,-1.196297783787226079e-02,-2.499599478429036584e-02,-1.676209190556582004e-02
5.900000000000000000e+01,2.394697844970887501e-01,-3.617656175001668362e-02,-1.123588781775804353e-02,-2.506336470054587248e-02,-1.616877990132123410e-02
6.000000000000000000e+01,2.394688018751937875e-01,-3.622055599425027389e-02,-1.055861861606199013e-02,-2.512837856656699800e-02,-1.560332784506991179e-02
6.100000000000000000e+01,2.394675690943098012e-01,-3.626190915108139234e-02,-9.924757639467669118e-03,-2.519115277808768247e-02,-1.506581076496463570e-02
6.200000000000000000e+01,2.394660326726650024e-01,-3.630079890251535629e-02,-9.333540344151611268e-03,-2.525178613080402215e-02,-1.455200465192165067e-02
6.300000000000000000e+01,2.394642631281292677e-01,-3.633738814258920258e-02,-8.781417617723722563e-03,-2.531038244200371767e-02,-1.406311468792693919e-02
6.400000000000000000e+01,2.394622637906453078e-01,-3.637182943640074329e-02,-8.265910514770102857e-03,-2.536703216701349795e-02,-1.359593400234688707e-02
6.500000000000000000e+01,2.394600715047537631e-01,-3.640426307277024737e-02,-7.784072728681173080e-03,-2.542182267609193955e-02,-1.314972217882638683e-02
6.600000000000000000e+01,2.394577039286694409e-01,-3.643482127210043858e-02,-7.333967839245792049e-03,-2.547483856293631180e-02,-1.272381284264975480e-02
6.700000000000000000e+01,2.394552012114420925e-01,-3.646362303275377248e-02,-6.912422556799816854e-03,-2.552615894210649369e-02,-1.231689100084348842e-02
6.800000000000000000e+01,2.394525216960872727e-01,-3.649078737418541551e-02,-6.519441943595121261e-03,-2.557585203647425379e-02,-1.192634264826230965e-02
6.900000000000000000e+01,2.394497490950541485e-01,-3.651641843367280094e-02,-6.151454276972556645e-03,-2.562399414778553097e-02,-1.155410671470683166e-02
7.000000000000000000e+01,2.394468316432841748e-01,-3.654061887546233844e-02,-5.808106029488940315e-03,-2.567064202668293063e-02,-1.119549093537575493e-02
7.100000000000000000e+01,2.394438831821943947e-01,-3.656347215667909989e-02,-5.484787492023093791e-03,-2.571586463013848106e-02,-1.085342482933177553e-02
7.200000000000000000e+01,2.394408127206839321e-01,-3.658507127012911031e-02,-5.183787228003086493e-03,-2.575971805896278694e-02,-1.052482291783328819e-02
7.300000000000000000e+01,2.394429420504124439e-01,-3.660511843961117284e-02,-4.811320675694398009e-03,-2.580371013744884104e-02,-1.055809883665289467e-02
7.400000000000000000e+01,2.394383334410112585e-01,-3.662449603618835731e-02,-4.650623178525098780e-03,-2.584678093911462263e-02,-1.033699239978782929e-02
7.500000000000000000e+01,2.394391442914161339e-01,-3.664266603000675138e-02,-4.360798516415101585e-03,-2.589000606828130088e-02,-1.037403100000261306e-02
7.600000000000000000e+01,2.394346426182047960e-01,-3.666027072198407843e-02,-4.225126074558012597e-03,-2.593248496322392294e-02,-1.019493478622943150e-02
7.700000000000000000e+01,2.394346078056757143e-01,-3.667685106212720952e-02,-3.979281634352115418e-03,-2.597509094960479686e-02,-1.022543673140955192e-02
7.800000000000000000e+01,2.394302275957375103e-01,-3.669293565882976449e-02,-3.860303208613649183e-03,-2.601709308230983411e-02,-1.008051184920901074e-02
7.900000000000000000e+01,2.394294743783078327e-01,-3.670815089345797616e-02,-3.651656310770465003e-03,-2.605920143733346864e-02,-1.010600520567204834e-02
8.000000000000000000e+01,2.394251725706136591e-01,-3.672292940915899973e-02,-3.546843768246039311e-03,-2.610081828669082865e-02,-9.988043845766764184e-03
8.100000000000000000e+01,2.394238249190746015e-01,-3.673696917088591779e-02,-3.369542814459820009e-03,-2.614252922274865748e-02,-1.001062465387889122e-02
8.200000000000000000e+01,2.394195936957110304e-01,-3.675062121563434092e-02,-3.276490739621217528e-03,-2.618384501944290635e-02,-9.915791206620085813e-03
8.300000000000000000e+01,2.394177488598835113e-01,-3.676364417327167983e-02,-3.125509832961689913e-03,-2.622524626507600001e-02,-9.936298951942345789e-03
8.400000000000000000e+01,2.394135266760102909e-01,-3.677633043039137822e-02,-3.044701708727347994e-03,-2.626633400432565324e-02,-9.861057419916548911e-03
8.500000000000000000e+01,2.394112649417670102e-01,-3.678848119893052965e-02,-2.916184449396282390e-03,-2.630750317615602671e-02,-9.880601239289885790e-03
8.600000000000000000e+01,2.394070474261836556e-01,-3.680033778237812303e-02,-2.845580027421589202e-03,-2.634842675245289284e-02,-9.821658311247457099e-03
8.700000000000000000e+01,2.394044232163345665e-01,-3.681173886437991150e-02,-2.736259680429090242e-03,-2.638942731598380165e-02,-9.840135247417943626e-03
8.800000000000000000e+01,2.394002003904651399e-01,-3.682288198692450915e-02,-2.674349410702711333e-03,-2.643023788781332858e-02,-9.794537239086419794e-03
8.900000000000000000e+01,2.393972775078211379e-01,-3.683363797388106153e-02,-2.581436869572310312e-03,-2.647112780661014728e-02,-9.813580511236289980e-03
9.000000000000000000e+01,2.393930192110053645e-01,-3.684417368879445986e-02,-2.528571579214974451e-03,-2.651187754118217513e-02,-9.779936297286634037e-03
9.100000000000000000e+01,2.393898377988895321e-01,-3.685438002865031731e-02,-2.449521565406090947e-03,-2.655270674596572553e-02,-9.799009148052355983e-03
9.200000000000000000e+01,2.393855410981017839e-01,-3.686439721931483726e-02,-2.404125759485539575e-03,-2.659343462046672921e-02,-9.774689880240649067e-03
9.300000000000000000e+01,2.393821417574520660e-01,-3.687413390711413025e-02,-2.336805071831139086e-03,-2.663424415117371380e-02,-9.794287369676425367e-03
9.400000000000000000e+01,2.393778219507589067e-01,-3.688370456906948924e-02,-2.296958869286370736e-03,-2.667498412131573057e-02,-9.777592834084122830e-03
9.500000000000000000e+01,2.393742389853187880e-01,-3.689303640079801688e-02,-2.239639614846309149e-03,-2.671581049855616119e-02,-9.798330537703263052e-03
9.600000000000000000e+01,2.393698765955941665e-01,-3.690222779112828366e-02,-2.205933679264451743e-03,-2.675659841313045295e-02,-9.789099497829622035e-03
9.700000000000000000e+01,2.393661161141389104e-01,-3.691121827839403957e-02,-2.157716943781382533e-03,-2.679747390082344582e-02,-9.810117046318561976e-03
9.800000000000000000e+01,2.393617220872711338e-01,-3.692008755754652705e-02,-2.128626996597128822e-03,-2.683833581712993452e-02,-9.806859913557567504e-03
9.900000000000000000e+01,2.393578073930015537e-01,-3.692878814475222815e-02,-2.088140929368846686e-03,-2.687928684708395730e-02,-9.828247188965251457e-03
1.000000000000000000e+02,2.393533814820372196e-01,-3.693738459292171539e-02,-2.063147560677277160e-03,-2.692024655375550510e-02,-9.830329601171592172e-03
1.010000000000000000e+02,2.393493413177072704e-01,-3.694583963224281481e-02,-2.029209437064041343e-03,-2.696130049621178748e-02,-9.852946189508054661e-03
1.020000000000000000e+02,2.393448731244749161e-01,-3.695420614661959480e-02,-2.007963450427471125e-03,-2.700237964623967632e-02,-9.858996006693401121e-03
1.030000000000000000e+02,2.393407195665640808e-01,-3.696245424552737496e-02,-1.979543737867887291e-03,-2.704355598889160439e-02,-9.882322236462617523e-03
1.040000000000000000e+02,2.393362266183725884e-01,-3.697062557283565393e-02,-1.961118553986427020e-03,-2.708477510143373138e-02,-9.892587010110169207e-03
1.050000000000000000e+02,2.393319470259771820e-01,-3.697870098361425578e-02,-1.938098586864625116e-03,-2.712608933129515357e-02,-9.915415166741351968e-03
1.060000000000000000e+02,2.393274251436407207e-01,-3.698671093114198893e-02,-1.922387406656484755e-03,-2.716746234466495616e-02,-9.929523208752778080e-03
1.070000000000000000e+02,2.393230662344081605e-01,-3.699464110011841528e-02,-1.903240554342614400e-03,-2.720893594691767975e-02,-9.953664540654032916e-03
1.080000000000000000e+02,2.393184776608605069e-01,-3.700252033002451868e-02,-1.891015177465143072e-03,-2.725047623731854593e-02,-9.969669696207874784e-03
1.090000000000000000e+02,2.393140636582042347e-01,-3.701032987290944765e-02,-1.874290292383772169e-03,-2.729212125053880403e-02,-9.994803172861820365e-03
1.100000000000000000e+02,2.393094144871205642e-01,-3.701810053933343725e-02,-1.864959941756839847e-03,-2.733383965268485968e-02,-1.001241651505364524e-02
1.110000000000000000e+02,2.393049296640837320e-01,-3.702581535531695306e-02,-1.851555836043274061e-03,-2.737566880835183916e-02,-1.003899736007474001e-02
1.120000000000000000e+02,2.393002649901942447e-01,-3.703349480706529667e-02,-1.843068419602941809e-03,-2.741757976079888665e-02,-1.005862858729143425e-02
1.130000000000000000e+02,2.392956968520724148e-01,-3.704113051007316276e-02,-1.832568721888590702e-03,-2.745960009314265399e-02,-1.008487976250409951e-02
1.140000000000000000e+02,2.392909984400093670e-01,-3.704873876014366796e-02,-1.825980016921633416e-03,-2.750171290693654083e-02,-1.010707531053244533e-02
1.150000000000000000e+02,2.392863687694708474e-01,-3.705631336187391323e-02,-1.817904415259187891e-03,-2.754393875636362149e-02,-1.013420386249899892e-02
1.160000000000000000e+02,2.392816334490322216e-01,-3.706386662079464572e-02,-1.812782140975978916e-03,-2.758626335763089688e-02,-1.015790430414583931e-02
1.170000000000000000e+02,2.392769385174046970e-01,-3.707139471072239123e-02,-1.806741582659522356e-03,-2.762870067741540758e-02,-1.018495674828248654e-02
1.180000000000000000e+02,2.392721918071852305e-01,-3.707890312878873301e-02,-1.802020335921901721e-03,-2.767124540433258881e-02,-1.021073446012351303e-02
1.190000000000000000e+02,2.392674328855662058e-01,-3.708639384217977952e-02,-1.797771213850913197e-03,-2.771390169883129057e-02,-1.023751067968802116e-02
1.200000000000000000e+02,2.392626402476406011e-01,-3.709387160159537816e-02,-1.794662259742945288e-03,-2.775667032508667004e-02,-1.026447030129129002e-02
1.210000000000000000e+02,2.392578305379060577e-01,-3.710133770243302653e-02,-1.791864201035905805e-03,-2.779955197085157842e-02,-1.029159498357778806e-02
1.220000000000000000e+02,2.392493197220167123e-01,-3.710906749191376225e-02,-1.855149475376694987e-03,-2.784155185732994225e-02,-1.007997275480734464e-02
1.230000000000000000e+02,2.392404146706260948e-01,-3.711691241164379040e-02,-1.882780735206311977e-03,-2.788218893559790343e-02,-9.752898784310286284e-03
1.240000000000000000e+02,2.392335713303572753e-01,-3.712461954977583356e-02,-1.849713151690004316e-03,-2.792179022079074174e-02,-9.504308446281060224e-03
1.250000000000000000e+02,2.392258611362171605e-01,-3.713230699258206896e-02,-1.844986273496414383e-03,-2.796018511015761765e-02,-9.214773448050212271e-03
1.260000000000000000e+02,2.392191359817795460e-01,-3.713987836190165565e-02,-1.817128636700559349e-03,-2.799753000484678234e-02,-8.962774725399485012e-03
1.270000000000000000e+02,2.392121655361442167e-01,-3.714738400805541602e-02,-1.801355076901965191e-03,-2.803377195018954757e-02,-8.698066882263974509e-03
1.280000000000000000e+02,2.392057709320853931e-01,-3.715477387886091665e-02,-1.773568993319325120e-03,-2.806899441579104731e-02,-8.453391744360341797e-03
1.290000000000000000e+02,2.391993572808308599e-01,-3.716207147263975857e-02,-1.751422506922795932e-03,-2.810318609572037482e-02,-8.206003183038801038e-03
1.300000000000000000e+02,2.391933301024787573e-01,-3.716925025405401484e-02,-1.722907539421612497e-03,-2.813640237607122410e-02,-7.971907284203978358e-03
1.310000000000000000e+02,2.391874041846070720e-01,-3.717631912367621444e-02,-1.696528709327363438e-03,-2.816865435572884005e-02,-7.740475117827514372e-03
1.320000000000000000e+02,2.391817319266952568e-01,-3.718326523004828604e-02,-1.667065529297172190e-03,-2.819997287458669843e-02,-7.516444525886224921e-03
1.330000000000000000e+02,2.391762156382728488e-01,-3.719009190747304266e-02,-1.638402581942409800e-03,-2.823038269223465332e-02,-7.298356235508864781e-03
1.340000000000000000e+02,2.391709074721816985e-01,-3.719679321505726249e-02,-1.608313820212212489e-03,-2.825991202194895816e-02,-7.087039131433329336e-03
1.350000000000000000e+02,2.391657359319226406e-01,-3.720337274490717605e-02,-1.579087163978691588e-03,-2.828858024567318039e-02,-6.880373693813393414e-03
1.360000000000000000e+02,2.391607821343328388e-01,-3.720982180548653567e-02,-1.547774539047079134e-03,-2.831641663359316108e-02,-6.680733100795157274e-03
1.370000000000000000e+02,2.391559656709977555e-01,-3.721614150894467926e-02,-1.516728829954654004e-03,-2.834343842872947064e-02,-6.485230832714127501e-03
1.380000000000000000e+02,2.391513239872212482e-01,-3.722232986488809708e-02,-1.485205426420087250e-03,-2.836967279654535601e-02,-6.296248275812130028e-03
1.390000000000000000e+02,2.391468099435174466e-01,-3.722838804141574698e-02,-1.453962366635539035e-03,-2.839513475362814496e-02,-6.110869699869569960e-03
1.400000000000000000e+02,2.391424457268925829e-01,-3.723431705469769371e-02,-1.422963187667608629e-03,-2.841984896160881097e-02,-5.931409915359851619e-03
1.410000000000000000e+02,2.391382356497437356e-01,-3.724011477562497868e-02,-1.391453022548879174e-03,-2.844383630677648975e-02,-5.756962840242864886e-03
1.420000000000000000e+02,2.391341591323518923e-01,-3.724577619000787876e-02,-1.358739451896131710e-03,-2.846710443146669572e-02,-5.584349925649800470e-03
1.430000000000000000e+02,2.391302224153070977e-01,-3.725130260994415771e-02,-1.326340784706671458e-03,-2.848967615732758696e-02,-5.417214206613619500e-03
1.440000000000000000e+02,2.391264041526296180e-01,-3.725669205971681580e-02,-1.293467945437497789e-03,-2.851155833702584755e-02,-5.251723127582527684e-03
1.450000000000000000e+02,2.391227493516790981e-01,-3.726193975714765100e-02,-1.259447383400368005e-03,-2.853277126975236125e-02,-5.091103854363362644e-03
1.460000000000000000e+02,2.391192076707760461e-01,-3.726705064349857682e-02,-1.226612724222801926e-03,-2.855333463249766848e-02,-4.935207058873518522e-03
1.470000000000000000e+02,2.391158061159363857e-01,-3.727202340080570941e-02,-1.193461753711113097e-03,-2.857326693020846228e-02,-4.783751450590427966e-03
1.480000000000000000e+02,2.391125395879815096e-01,-3.727686004523575458e-02,-1.160794663210302363e-03,-2.859259357607023613e-02,-4.638395006825393567e-03
1.490000000000000000e+02,2.391093556402941467e-01,-3.728157137934743487e-02,-1.130720186803258831e-03,-2.861133688200542813e-02,-4.498393424446258358e-03
1.500000000000000000e+02,2.391062997269270962e-01,-3.728615794006754497e-02,-1.100774572826164000e-03,-2.862951815673525635e-02,-4.363505935158453440e-03
1.510000000000000000e+02,2.391033319958595915e-01,-3.729062370162335854e-02,-1.071782773394522976e-03,-2.864715542306827886e-02,-4.232943919925183200e-03
1.520000000000000000e+02,2.391004902765725415e-01,-3.729497131243057068e-02,-1.043426593730862077e-03,-2.866427142474519546e-02,-4.107840402460124878e-03
1.530000000000000000e+02,2.390976771442560322e-01,-3.729920830362916384e-02,-1.016877887661898862e-03,-2.868087988591361270e-02,-3.986030680420197397e-03
1.540000000000000000e+02,2.390951392112578844e-01,-3.730333251121240035e-02,-9.898098199766630894e-04,-2.869702342112256249e-02,-3.874448450148085428e-03
1.550000000000000000e+02,2.390921216793885085e-01,-3.730737507325949942e-02,-9.702148913034585069e-04,-2.871265947043656966e-02,-3.752651835361378238e-03
1.560000000000000000e+02,2.390969079631515282e-01,-3.731128733922233626e-02,-9.389438310809452995e-04,-2.873021583323436684e-02,-4.213527071471462326e-03
1.570000000000000000e+02,2.390784560966192906e-01,-3.731624627724867971e-02,-1.190145126323056057e-03,-2.874406149595038276e-02,-3.322959051843472119e-03
1.580000000000000000e+02,2.390956405507391191e-01,-3.731965388017045859e-02,-8.178247012265735336e-04,-2.876132437202108885e-02,-4.143090256969255217e-03
1.590000000000000000e+02,2.390712591569712775e-01,-3.732466129247090370e-02,-1.201778952106665127e-03,-2.877388306335448148e-02,-3.014085920014131399e-03
1.600000000000000000e+02,2.390932560753686598e-01,-3.732767388433819167e-02,-7.230220481486637979e-04,-2.879059175438283824e-02,-4.010085846805827754e-03
1.610000000000000000e+02,2.390655418282852662e-01,-3.733259454130017502e-02,-1.180957670875670829e-03,-2.880208303977698989e-02,-2.757908494596066681e-03
1.620000000000000000e+02,2.390900715504015173e-01,-3.733528468299347758e-02,-6.456340063919960553e-04,-2.881795276593090982e-02,-3.808734276940781323e-03
1.630000000000000000e+02,2.390611938695209049e-01,-3.733998363599238396e-02,-1.127748719737137325e-03,-2.882859905262949787e-02,-2.555108807660757229e-03
1.640000000000000000e+02,2.390863898267750476e-01,-3.734244138926851031e-02,-5.898607862709361570e-04,-2.884356090988549753e-02,-3.590845741440331501e-03
1.650000000000000000e+02,2.390575624080571449e-01,-3.734687152121062004e-02,-1.063231666106022105e-03,-2.885348320886740175e-02,-2.381351755656924921e-03
1.660000000000000000e+02,2.390825517165374448e-01,-3.734914120993041570e-02,-5.447252927501829546e-04,-2.886754617075960525e-02,-3.375110854128466047e-03
1.670000000000000000e+02,2.390542651372010441e-01,-3.735330295672777828e-02,-9.988192313663778448e-04,-2.887680469656705995e-02,-2.222046193789268577e-03
1.680000000000000000e+02,2.390787458057861692e-01,-3.735540370169036090e-02,-5.041787910197837288e-04,-2.889001512389668958e-02,-3.170502559111003978e-03
1.690000000000000000e+02,2.390511443499263866e-01,-3.735930601841831039e-02,-9.365560147082335014e-04,-2.889862219847493321e-02,-2.065697898778888139e-03
1.700000000000000000e+02,2.390751118481342086e-01,-3.736123368510548687e-02,-4.626400049231503770e-04,-2.891107345458774139e-02,-2.988301467073897853e-03
1.710000000000000000e+02,2.390479656844321787e-01,-3.736491235235972486e-02,-8.828801410172028557e-04,-2.891899187871514385e-02,-1.900421790576572534e-03
1.720000000000000000e+02,2.390716495983309653e-01,-3.736664883522668179e-02,-4.167558880694165516e-04,-2.893083863703653502e-02,-2.843221997133936561e-03
1.730000000000000000e+02,2.390447789105364651e-01,-3.737016156140320067e-02,-8.430542823650774825e-04,-2.893810274136407457e-02,-1.743385038609129639e-03
1.740000000000000000e+02,2.390684142886048413e-01,-3.737171635432354894e-02,-3.731503008837059069e-04,-2.894942727124440521e-02,-2.717887171279020041e-03
1.750000000000000000e+02,2.390416622989666173e-01,-3.737510320675986597e-02,-8.128445847155455796e-04,-2.895608785026715370e-02,-1.598538965459272250e-03
1.760000000000000000e+02,2.390653989433298154e-01,-3.737649473875439415e-02,-3.339676786870478145e-04,-2.896690546009886638e-02,-2.596226359610737978e-03
1.770000000000000000e+02,2.390388870107697517e-01,-3.737975172964719262e-02,-7.816778142708286515e-04,-2.897303405087081271e-02,-1.470861785266731805e-03
1.780000000000000000e+02,2.390622906570381567e-01,-3.738100514746322406e-02,-3.008202758468133103e-04,-2.898343340855479011e-02,-2.495845844154781674e-03
1.790000000000000000e+02,2.390359234171407776e-01,-3.738417790099718419e-02,-7.614608481506186842e-04,-2.898901687376104902e-02,-1.340031649501946141e-03
1.800000000000000000e+02,2.390600158509744444e-01,-3.738527976950766635e-02,-2.644484425160787116e-04,-2.899881005233212114e-02,-2.350362857057617522e-03
1.810000000000000000e+02,2.390406935017517775e-01,-3.738834804403343842e-02,-7.363858861853742055e-04,-2.900663335624007258e-02,-1.877592937908123105e-03
1.820000000000000000e+02,2.390400791993226581e-01,-3.739055378837725235e-02,-5.293786425147003517e-04,-2.901313424777894959e-02,-1.560213969330573021e-03
1.830000000000000000e+02,2.390505130462031169e-01,-3.739217937549368931e-02,-3.901409079442854852e-04,-2.902110595766428311e-02,-1.913210372480419379e-03
1.840000000000000000e+02,2.390418576066226930e-01,-3.739453605956109816e-02,-5.656041761780358518e-04,-2.902867176816594300e-02,-1.815794520398173904e-03
1.850000000000000000e+02,2.390347570804174093e-01,-3.739671903165626282e-02,-5.239133028391713661e-04,-2.903412342530464416e-02,-1.308397713288032144e-03
1.860000000000000000e+02,2.390481228253184542e-01,-3.739797524453705724e-02,-3.014910913913422248e-04,-2.904155424704818814e-02,-1.783397218450621458e-03
1.870000000000000000e+02,2.390384382665377005e-01,-3.740018564480132590e-02,-5.304960634236850162e-04,-2.904822138650567376e-02,-1.600113469796719552e-03
1.880000000000000000e+02,2.390322815649987553e-01,-3.740204202126617972e-02,-4.455303515649133286e-04,-2.905303596311289635e-02,-1.155498385733441094e-03
1.890000000000000000e+02,2.390446225996322449e-01,-3.740311052741945169e-02,-2.564414767845968769e-04,-2.906008127910600369e-02,-1.690875838345731264e-03
1.900000000000000000e+02,2.390345005002752210e-01,-3.740525553239913009e-02,-5.148011951226453154e-04,-2.906627142002353448e-02,-1.485633820207416401e-03
1.910000000000000000e+02,2.390293886232519593e-01,-3.740701591433414491e-02,-4.224916644031923929e-04,-2.907062286069097418e-02,-1.044345760185152582e-03
1.920000000000000000e+02,2.390412621011568373e-01,-3.740796807794440765e-02,-2.285192664627447442e-04,-2.907685859795861374e-02,-1.496576944233142959e-03
1.930000000000000000e+02,2.390329257606427782e-01,-3.740982468897799396e-02,-4.455866480600210512e-04,-2.908234029999593601e-02,-1.315608488957569541e-03
1.940000000000000000e+02,2.390339262941970910e-01,-3.741140766143662838e-02,-3.799133900722348272e-04,-2.908872286306259797e-02,-1.531815135999028835e-03
1.950000000000000000e+02,2.390231414179217473e-01,-3.741337350843038090e-02,-4.718032785003120817e-04,-2.909202912462006269e-02,-7.935027737915510910e-04
1.960000000000000000e+02,2.390386433849968351e-01,-3.741396727114753434e-02,-1.425030521160669289e-04,-2.909778246597742243e-02,-1.380801925766487635e-03
1.970000000000000000e+02,2.390287113702113664e-01,-3.741569938178131854e-02,-4.157065521076862909e-04,-2.910233411227336822e-02,-1.092395111026917606e-03
1.980000000000000000e+02,2.390318474279497507e-01,-3.741695373982792394e-02,-3.010459311860961694e-04,-2.910800312540475290e-02,-1.360563151531976166e-03
1.990000000000000000e+02,2.390199838743526373e-01,-3.741866337284562027e-02,-4.103119242471765771e-04,-2.911056055011614421e-02,-6.137819307335211621e-04
2.000000000000000000e+02,2.390358881167011784e-01,-3.741902143058546681e-02,-8.593385756317401545e-05,-2.911610472980824538e-02,-1.330603126104404343e-03
2.010000000000000000e+02,2.390243788908168465e-01,-3.742076745343939775e-02,-4.190454849437947531e-04,-2.912021108375422579e-02,-9.855249470356124662e-04
2.020000000000000000e+02,2.390285648822508824e-01,-3.742193234029411036e-02,-2.795728451304314160e-04,-2.912559493484681572e-02,-1.292124262221275473e-03
2.030000000000000000e+02,2.390166629151038447e-01,-3.742362902386149603e-02,-4.072040561731231053e-04,-2.912764573493647688e-02,-4.921920215184014472e-04
2.040000000000000000e+02,2.390322517302498062e-01,-3.742383557161942098e-02,-4.957146190141321256e-05,-2.913230967364085697e-02,-1.119345289051240080e-03
2.050000000000000000e+02,2.390224234234914202e-01,-3.742524635746981299e-02,-3.385886040947620789e-04,-2.913560808715212266e-02,-7.916192427040800571e-04
2.060000000000000000e+02,2.390267288689777170e-01,-3.742610135924381853e-02,-2.052004257620244053e-04,-2.914004224777649865e-02,-1.064198549850286103e-03
2.070000000000000000e+02,2.390218913965479475e-01,-3.742749448528222278e-02,-3.343502492177107812e-04,-2.914404952780192196e-02,-9.617472061017969713e-04
2.080000000000000000e+02,2.390166318866737416e-01,-3.742864347351817361e-02,-2.757571766289576174e-04,-2.914602473150036677e-02,-4.740488876266448458e-04
2.090000000000000000e+02,2.390278465511386508e-01,-3.742891812619057734e-02,-6.591664137771605764e-05,-2.915032285694441408e-02,-1.031550106571329888e-03
2.100000000000000000e+02,2.390191866484711325e-01,-3.743028273037348613e-02,-3.275050038974832095e-04,-2.915355548563088386e-02,-7.758308847528425263e-04
2.110000000000000000e+02,2.390225140160591455e-01,-3.743122131589390195e-02,-2.252605248994167596e-04,-2.915776858763974647e-02,-1.011144482127094603e-03
2.120000000000000000e+02,2.390117666143774522e-01,-3.743254182018793813e-02,-3.169210305693882313e-04,-2.915880328438867283e-02,-2.483272197424709737e-04
2.130000000000000000e+02,2.390266190455696271e-01,-3.743245010039103482e-02,2.201275125678396009e-05,-2.916265112055705169e-02,-9.234806804111314778e-04
2.140000000000000000e+02,2.390165110218503697e-01,-3.743365320550825354e-02,-2.887452281318755604e-04,-2.916502039515021100e-02,-5.686259023585533414e-04
2.150000000000000000e+02,2.390215713698196631e-01,-3.743424179498033855e-02,-1.412614732999309874e-04,-2.916855892664349872e-02,-8.492475583892759210e-04
2.160000000000000000e+02,2.390169749307021474e-01,-3.743537815728716772e-02,-2.727269536382128756e-04,-2.917158725145835296e-02,-7.267979555653828437e-04
2.170000000000000000e+02,2.390184014777915200e-01,-3.743631612524399993e-02,-2.251123096391257229e-04,-2.917517959858860824e-02,-8.621633112613563080e-04
2.180000000000000000e+02,2.390093607639790230e-01,-3.743745235421958722e-02,-2.726949541416993808e-04,-2.917579433382148230e-02,-1.475364558893978249e-04
2.190000000000000000e+02,2.390226123680780912e-01,-3.743725339225947857e-02,4.775087042592458331e-05,-2.917892593626267989e-02,-7.515845858875609253e-04
2.200000000000000000e+02,2.390137408486411874e-01,-3.743820639109497056e-02,-2.287197205187822282e-04,-2.918069783673259143e-02,-4.252561127784184355e-04
2.210000000000000000e+02,2.390184901949680141e-01,-3.743859213771234123e-02,-9.257918816833960243e-05,-2.918350487536917545e-02,-6.736892727804719237e-04
2.220000000000000000e+02,2.390146321615509994e-01,-3.743946073227368693e-02,-2.084626947223802880e-04,-2.918582879362408011e-02,-5.577403811769898571e-04
2.230000000000000000e+02,2.390161838854314158e-01,-3.744014099073273566e-02,-1.632620301721383438e-04,-2.918864050308086003e-02,-6.748102696272852054e-04
2.240000000000000000e+02,2.390141718064636156e-01,-3.744105767870665319e-02,-2.200051137401024925e-04,-2.919133872084429121e-02,-6.475722632236726893e-04
2.250000000000000000e+02,2.390138192643488368e-01,-3.744185133541536037e-02,-1.904776100894192096e-04,-2.919395867469413638e-02,-6.287889239630005357e-04
2.260000000000000000e+02,2.390086982126737591e-01,-3.744261451340869656e-02,-1.831627184000296830e-04,-2.919459753126518731e-02,-1.533255770522356934e-04
2.270000000000000000e+02,2.390186675166208197e-01,-3.744253716446256652e-02,1.856374707181234949e-05,-2.919746302020331113e-02,-6.877173451500559042e-04
2.280000000000000000e+02,2.390107861695678626e-01,-3.744349534129164103e-02,-2.299624389772668680e-04,-2.919923824481569438e-02,-4.260539069723927731e-04
2.290000000000000000e+02,2.390146803405277243e-01,-3.744399618213280906e-02,-1.202018018804273171e-04,-2.920190611120751858e-02,-6.402879340378895851e-04
2.300000000000000000e+02,2.390112521919885435e-01,-3.744491180816295062e-02,-2.197502472345700037e-04,-2.920419712913538066e-02,-5.498443026869181353e-04
2.310000000000000000e+02,2.390066579587589168e-01,-3.744558068749312407e-02,-1.605310392423176999e-04,-2.920439567032472733e-02,-4.764988544280488250e-05
2.320000000000000000e+02,2.390167875435995348e-01,-3.744533935862615071e-02,5.791892807420584801e-05,-2.920683928419384734e-02,-5.864673285886471982e-04
2.330000000000000000e+02,2.390089809622077677e-01,-3.744613691298685765e-02,-1.914130465692997997e-04,-2.920814083697419877e-02,-3.123726672839434839e-04
2.340000000000000000e+02,2.390131088646637036e-01,-3.744645324765288191e-02,-7.592031984534339858e-05,-2.921032669061103537e-02,-5.246048728411996202e-04
2.350000000000000000e+02,2.390098452244791005e-01,-3.744718069883188477e-02,-1.745882829603074638e-04,-2.921209910380287433e-02,-4.253791660417497204e-04
2.360000000000000000e+02,2.390112524399928828e-01,-3.744774464620174298e-02,-1.353473687662042220e-04,-2.921428127151012508e-02,-5.237202497400331039e-04
2.370000000000000000e+02,2.390096448399935125e-01,-3.744850167889024473e-02,-1.816878452404192248e-04,-2.921636084251042972e-02,-4.990970400728499817e-04
2.380000000000000000e+02,2.390035494193958332e-01,-3.744913800600233739e-02,-1.527185069017463642e-04,-2.921591669012329334e-02,1.065965729127746559e-04
2.390000000000000000e+02,2.390145939265685415e-01,-3.744865052319876902e-02,1.169958728559194604e-04,-2.921788681787441944e-02,-4.728306602701419850e-04
2.400000000000000000e+02,2.390062852593806686e-01,-3.744926983731285824e-02,-1.486353873812351514e-04,-2.921854020590773302e-02,-1.568131279950650179e-04
2.410000000000000000e+02,2.390110439774486284e-01,-3.744932582320802117e-02,-1.343661483888997673e-05,-2.922013676697533813e-02,-3.831746562250808001e-04
2.420000000000000000e+02,2.390076712948099313e-01,-3.744981734223996189e-02,-1.179645676655334329e-04,-2.922122546178584218e-02,-2.612867545207846697e-04
2.430000000000000000e+02,2.390095055923256717e-01,-3.745009864833649671e-02,-6.751346316897664443e-05,-2.922273153676130386e-02,-3.614579941108703696e-04
2.440000000000000000e+02,2.390079851720627313e-01,-3.745057862245668168e-02,-1.151937888452233074e-04,-2.922406775583657329e-02,-3.206925780649782349e-04
2.450000000000000000e+02,2.390085836263983743e-01,-3.745099604492072021e-02,-1.001813913699585988e-04,-2.922561361173827907e-02,-3.710054164095636124e-04
2.460000000000000000e+02,2.390078071320075048e-01,-3.745151842050712526e-02,-1.253701407375059599e-04,-2.922714071931320490e-02,-3.665058179824059732e-04
2.470000000000000000e+02,2.390078566962733075e-01,-3.745204003187035946e-02,-1.251867271770041082e-04,-2.922879703795007444e-02,-3.975164728487563456e-04
2.480000000000000000e+02,2.390073320295245385e-01,-3.745262977626986206e-02,-1.415386558807593437e-04,-2.923049759562679900e-02,-4.081338424141372307e-04
2.490000000000000000e+02,2.390013222243057012e-01,-3.745314979885012996e-02,-1.248054192643250758e-04,-2.922977941819446951e-02,1.723625837590515289e-04
2.500000000000000000e+02,2.390119334118158134e-01,-3.745261148403610657e-02,1.291955553662529844e-04,-2.923145827204465946e-02,-4.029249240454535778e-04
2.510000000000000000e+02,2.390036941997734643e-01,-3.745316960120015359e-02,-1.339481193706780547e-04,-2.923183881199458573e-02,-9.132958798217213946e-05
2.520000000000000000e+02,2.390084000164598155e-01,-3.745317292872895470e-02,-7.986069130082003916e-07,-2.923313679012668961e-02,-3.115147517053415676e-04
2.530000000000000000e+02,2.390051242749596516e-01,-3.745359557861556443e-02,-1.014359727857412494e-04,-2.923392834522255471e-02,-1.899732230079346476e-04
2.540000000000000000e+02,2.390069764697942967e-01,-3.745380232040929763e-02,-4.961803049618944785e-05,-2.923511580830738532e-02,-2.849911403594586031e-04
2.550000000000000000e+02,2.390055519377493609e-01,-3.745419361478830728e-02,-9.391065096307286129e-05,-2.923612696137725675e-02,-2.426767367688691048e-04
2.560000000000000000e+02,2.390061910373681708e-01,-3.745451856718662320e-02,-7.798857559524515880e-05,-2.923733187986286494e-02,-2.891804365461768584e-04
2.570000000000000000e+02,2.390055115961595977e-01,-3.745493306191504529e-02,-9.947873482087191436e-05,-2.923850051612538956e-02,-2.804727030058480684e-04
2.580000000000000000e+02,2.390056277716217370e-01,-3.745534183635080422e-02,-9.810586458271561153e-05,-2.923978146416904983e-02,-3.074275304782923520e-04
2.590000000000000000e+02,2.390052205653513673e-01,-3.745580527172532453e-02,-1.112244898842104722e-04,-2.924108850796138317e-02,-3.136905101599479643e-04
2.600000000000000000e+02,2.390051132518583865e-01,-3.745628827531898020e-02,-1.159208624777850608e-04,-2.924248590996284328e-02,-3.353764803508181179e-04
2.610000000000000000e+02,2.389984533989736870e-01,-3.745672873023245253e-02,-1.057091792336457343e-04,-2.924120661057936707e-02,3.070318520344360422e-04
2.620000000000000000e+02,2.390092573299616718e-01,-3.745596982676676484e-02,1.821368317644851199e-04,-2.924240212612040299e-02,-2.869237298486799906e-04
2.630000000000000000e+02,2.390007416531676754e-01,-3.745633997078517269e-02,-8.883456441862371965e-05,-2.924218692238638936e-02,5.164889616364470729e-05
2.640000000000000000e+02,2.390057436284601100e-01,-3.745610408361095545e-02,5.661292181281936083e-05,-2.924291079409063049e-02,-1.737292090178275852e-04
2.650000000000000000e+02,2.390024039922239718e-01,-3.745629500121248900e-02,-4.582022436872917420e-05,-2.924306839569276381e-02,-3.782438451181227850e-05
2.660000000000000000e+02,2.390043960770575071e-01,-3.745624086311063333e-02,1.299314444513010799e-05,-2.924360484350522690e-02,-1.287474749907561110e-04
2.670000000000000000e+02,2.390030264140078631e-01,-3.745636285223666317e-02,-2.927739024718188776e-05,-2.924392272716158994e-02,-7.629207752741407500e-05
2.680000000000000000e+02,2.390037789270411661e-01,-3.745639589629348037e-02,-7.930573635552433306e-06,-2.924440036151026989e-02,-1.146322436827961329e-04
2.690000000000000000e+02,2.390031965674738190e-01,-3.745650700146811035e-02,-2.666524191142613908e-05,-2.924480186692222233e-02,-9.636129886826778847e-05
2.700000000000000000e+02,2.390034703007882233e-01,-3.745659001441817293e-02,-1.992310801568088135e-05,-2.924528090531240340e-02,-1.149692136434791317e-04
2.710000000000000000e+02,2.390031769008138240e-01,-3.745671340467942451e-02,-2.961366269995899144e-05,-2.924573531416791231e-02,-1.090581253224340557e-04
2.720000000000000000e+02,2.390032705301266269e-01,-3.745683145355934579e-02,-2.833173118177819338e-05,-2.924623785104554091e-02,-1.206088506311267560e-04
2.730000000000000000e+02,2.390030964111496126e-01,-3.745697756920909893e-02,-3.506775594148293506e-05,-2.924674278307089204e-02,-1.211836860846831742e-04
2.740000000000000000e+02,2.390031118482404682e-01,-3.745712814120910616e-02,-3.613728000181930044e-05,-2.924728504763582718e-02,-1.301434955847523441e-04
2.750000000000000000e+02,2.390029832535087440e-01,-3.745730068995822143e-02,-4.141169978791703983e-05,-2.924784057095818762e-02,-1.333255973668211853e-04
2.760000000000000000e+02,2.390029603159171401e-01,-3.745748115920186777e-02,-4.331261847533667393e-05,-2.924842848768141254e-02,-1.411000135743131019e-04
2.770000000000000000e+02,2.390028516455070251e-01,-3.745768376305518704e-02,-4.862492479709141195e-05,-2.924904096142992918e-02,-1.469936996442430333e-04
2.780000000000000000e+02,2.390027878877561129e-01,-3.745790040527042369e-02,-5.199413165688063942e-05,-2.924968471017934044e-02,-1.544996998584909293e-04
2.790000000000000000e+02,2.390027001894501901e-01,-3.745813574382952926e-02,-5.648125418578704617e-05,-2.925036079907864656e-02,-1.622613358333651560e-04
2.800000000000000000e+02,2.390026240563737636e-01,-3.745838500775165725e-02,-5.982334131141584313e-05,-2.925106925731038240e-02,-1.700299756167421056e-04
2.810000000000000000e+02,2.390025307284752987e-01,-3.745865287337926675e-02,-6.428775062611889540e-05,-2.925181431288908021e-02,-1.788133388871499473e-04
2.820000000000000000e+02,2.390024037339903429e-01,-3.745894355527591701e-02,-6.976365519544324497e-05,-2.925259405275855082e-02,-1.871375686727860875e-04
2.830000000000000000e+02,2.390023267209271385e-01,-3.745924890987226835e-02,-7.328510312428057269e-05,-2.925341802463710464e-02,-1.977532508525027804e-04
2.840000000000000000e+02,2.390021893011744225e-01,-3.745957653053353514e-02,-7.862895870354232757e-05,-2.925428080628315192e-02,-2.070675950513322793e-04
2.850000000000000000e+02,2.390020539260958310e-01,-3.745992730342594806e-02,-8.418549417963026274e-05,-2.925518995986124693e-02,-2.181968587430405538e-04
2.860000000000000000e+02,2.390019144618827640e-01,-3.746029903408625711e-02,-8.921535847499321179e-05,-2.925614584351978256e-02,-2.294120780487878832e-04
2.870000000000000000e+02,2.389961811528479863e-01,-3.746059584802233222e-02,-7.123534465733476792e-05,-2.925472222932883060e-02,3.416674058288322164e-04
2.880000000000000000e+02,2.390059971003121453e-01,-3.745984627739665923e-02,1.798969501611171308e-04,-2.925561587973729213e-02,-2.144760980307841851e-04
2.890000000000000000e+02,2.389980032703775126e-01,-3.746015283041851524e-02,-7.357272524571961919e-05,-2.925520512984643509e-02,9.857997380586098731e-05
2.900000000000000000e+02,2.390026573365998386e-01,-3.745989504388239077e-02,6.186876867050352096e-05,-2.925565772497432451e-02,-1.086228306932225874e-04
2.910000000000000000e+02,2.389995549269773589e-01,-3.746002400513831487e-02,-3.095070142128022301e-05,-2.925557633763060592e-02,1.953296249253059743e-05
2.920000000000000000e+02,2.390014074168017033e-01,-3.745992253381907194e-02,2.435311661851495682e-05,-2.925583772269062591e-02,-6.273241440480686524e-05
2.930000000000000000e+02,2.390001508681718068e-01,-3.745997451828691344e-02,-1.247627228151379665e-05,-2.925588692706318494e-02,-1.180904941420762454e-05
2.940000000000000000e+02,2.390008460820096936e-01,-3.745994098677724038e-02,8.047562321329251707e-06,-2.925607445465888343e-02,-4.500662296770829184e-05
2.950000000000000000e+02,2.390003262260716743e-01,-3.745997066592986896e-02,-7.122996630977173718e-06,-2.925618216482914202e-02,-2.585044086204471748e-05
2.960000000000000000e+02,2.390005606928213844e-01,-3.745997077710522261e-02,-2.668208440943276477e-08,-2.925634491331024004e-02,-3.905963546352209413e-05
2.970000000000000000e+02,2.390003485858043508e-01,-3.745999498472744882e-02,-5.809829334504219812e-06,-2.925648151727115731e-02,-3.278495061983322721e-05
2.980000000000000000e+02,2.390003996043031098e-01,-3.746001107503423022e-02,-3.861673627404913047e-06,-2.925663922028439931e-02,-3.784872317799462796e-05
2.990000000000000000e+02,2.390002955276236685e-01,-3.746004076405220345e-02,-7.125364313399170240e-06,-2.925679383579240025e-02,-3.710772192040132290e-05
3.000000000000000000e+02,2.390002788208969442e-01,-3.746007077831252363e-02,-7.203422477259591502e-06,-2.925695789670924515e-02,-3.937462004291317138e-05
3.010000000000000000e+02,2.390002308043366330e-01,-3.746010707694298614e-02,-8.711671310411726055e-06,-2.925712876844491564e-02,-4.100921656057311037e-05
3.020000000000000000e+02,2.390001953094039455e-01,-3.746014606455239787e-02,-9.357026259432893141e-06,-2.925730631919390076e-02,-4.261217975662517118e-05
3.030000000000000000e+02,2.390001400911559437e-01,-3.746019347244741726e-02,-1.137789480443041063e-05,-2.925749152503102218e-02,-4.444940090893341879e-05
3.040000000000000000e+02,2.390000888203697715e-01,-3.746024849058970929e-02,-1.320435415055311936e-05,-2.925768494380702120e-02,-4.642050623992390198e-05
3.050000000000000000e+02,2.390000507161992305e-01,-3.746030739629244155e-02,-1.413736865567449981e-05,-2.925788652242308080e-02,-4.837886785437673813e-05
3.060000000000000000e+02,2.390000130482895779e-01,-3.746036982156136091e-02,-1.498206454041735918e-05,-2.925809630376804277e-02,-5.034752279126594347e-05
3.070000000000000000e+02,2.389999653812504565e-01,-3.746043842654401407e-02,-1.646519583689412465e-05,-2.925831478605042321e-02,-5.243574777122765774e-05
3.080000000000000000e+02,2.389999381068590723e-01,-3.746051263262053371e-02,-1.780945836410048825e-05,-2.925854868753003171e-02,-5.613635510623941606e-05
3.090000000000000000e+02,2.389998726558989484e-01,-3.746059488877098026e-02,-1.974147610651715611e-05,-2.925878871935596107e-02,-5.760763822287256043e-05
3.100000000000000000e+02,2.389998488206945548e-01,-3.746068144460071303e-02,-2.077339913568502938e-05,-2.925904465064199308e-02,-6.142350864800267564e-05
3.110000000000000000e+02,2.389997948549553164e-01,-3.746077488238175324e-02,-2.242506745029090002e-05,-2.925931025507794159e-02,-6.374506462780426825e-05
3.120000000000000000e+02,2.389997518825573986e-01,-3.746087455043056735e-02,-2.392033171534237694e-05,-2.925958905598289098e-02,-6.691221718803545891e-05
3.130000000000000000e+02,2.389997094004867872e-01,-3.746097985914793871e-02,-2.527409216973265708e-05,-2.925988111653575127e-02,-7.009453268624008524e-05
3.140000000000000000e+02,2.389996652241718200e-01,-3.746109327462227023e-02,-2.721971383907001272e-05,-2.926019015621966757e-02,-7.416952413952921080e-05
3.150000000000000000e+02,2.389996019790431303e-01,-3.746121701573618124e-02,-2.969786733893157253e-05,-2.926051353740372063e-02,-7.761148417242044457e-05
3.160000000000000000e+02,2.389995613413108677e-01,-3.746134710926062039e-02,-3.122244586559716934e-05,-2.926085444296044197e-02,-8.181733361271731884e-05
3.170000000000000000e+02,2.389994889432408010e-01,-3.746148893787155931e-02,-3.403886662486580442e-05,-2.926121051691700156e-02,-8.545774957448462703e-05
3.180000000000000000e+02,2.389994685255713847e-01,-3.746163541178953310e-02,-3.515374031379496776e-05,-2.926159101130271570e-02,-9.131865257101440584e-05
3.190000000000000000e+02,2.389993840778381340e-01,-3.746179506923066199e-02,-3.831778587084916908e-05,-2.926198711027912236e-02,-9.506375433777732227e-05
3.200000000000000000e+02,2.389993322891991179e-01,-3.746196366624501145e-02,-4.046328344344088694e-05,-2.926240547393773109e-02,-1.004072780656785314e-04
3.210000000000000000e+02,2.389992796733137470e-01,-3.746214036115170370e-02,-4.240677760573806072e-05,-2.926284603836646833e-02,-1.057354628967798160e-04
3.220000000000000000e+02,2.389992223658314319e-01,-3.746232739233999742e-02,-4.488748519075508493e-05,-2.926331237451112663e-02,-1.119206747180106283e-04
3.230000000000000000e+02,2.389991436289044813e-01,-3.746252677297380596e-02,-4.785135211423472166e-05,-2.926380167839553320e-02,-1.174329322573303299e-04
3.240000000000000000e+02,2.389990860425626751e-01,-3.746273434392238116e-02,-4.981702765845902689e-05,-2.926431695195232802e-02,-1.236656536309926901e-04
3.250000000000000000e+02,2.389989971955315540e-01,-3.746295832395958592e-02,-5.375520892986901389e-05,-2.926486259562833050e-02,-1.309544822408839648e-04
3.260000000000000000e+02,2.389989135024420952e-01,-3.746319415634129929e-02,-5.659977161103562981e-05,-2.926543525609777430e-02,-1.374385126666483991e-04
3.270000000000000000e+02,2.389988240221070648e-01,-3.746344372009105528e-02,-5.989529994121679671e-05,-2.926603868785397633e-02,-1.448236214888555290e-04
3.280000000000000000e+02,2.389982101257790148e-01,-3.746361038415117750e-02,-3.999937442968550688e-05,-2.926629091153155199e-02,-6.053368261849898261e-05
3.290000000000000000e+02,2.389993285439164228e-01,-3.746370246135322796e-02,-2.209852849187848536e-05,-2.926687347013125218e-02,-1.398140639283682008e-04
3.300000000000000000e+02,2.389981703463006368e-01,-3.746395063936425185e-02,-5.956272264571904509e-05,-2.926732438219317722e-02,-1.082188948621493464e-04
3.310000000000000000e+02,2.389986894221962921e-01,-3.746414257493986544e-02,-4.606453814669265198e-05,-2.926791452709045019e-02,-1.416347753452006878e-04
3.320000000000000000e+02,2.389976187387985174e-01,-3.746430149887153283e-02,-3.814174360045981862e-05,-2.926806283338676679e-02,-3.559351111612167194e-05
3.330000000000000000e+02,2.389990564842159049e-01,-3.746434795662007683e-02,-1.114985965067109375e-05,-2.926859977217606198e-02,-1.288653094306465587e-04
3.340000000000000000e+02,2.389977048560436856e-01,-3.746457278066642888e-02,-5.395777112424059819e-05,-2.926896650657237822e-02,-8.801625511610168442e-05
3.350000000000000000e+02,2.389983436614380174e-01,-3.746472560359551118e-02,-3.667750298058361687e-05,-2.926948699455821090e-02,-1.249171166002493636e-04
3.360000000000000000e+02,2.389977862338029668e-01,-3.746494788928726727e-02,-5.334856602165142906e-05,-2.926995252854872748e-02,-1.117281577240745354e-04
3.370000000000000000e+02,2.389958914127797429e-01,-3.746504504219771992e-02,-2.331669850843925602e-05,-2.926947084206841729e-02,1.156047552748142883e-04
3.380000000000000000e+02,2.389998093724041150e-01,-3.746478774248389321e-02,6.175193131812416766e-05,-2.926996624977936529e-02,-1.188978506271600014e-04
3.390000000000000000e+02,2.389963634200641396e-01,-3.746498005374609974e-02,-4.615470292921634529e-05,-2.926994585884077141e-02,4.893825262339255330e-06
3.400000000000000000e+02,2.389982649636588352e-01,-3.746494484303813932e-02,8.450569911022022692e-06,-2.927028667401289017e-02,-8.179564130812135220e-05
3.410000000000000000e+02,2.389969164547762481e-01,-3.746507468621303877e-02,-3.116236197589556436e-05,-2.927041856514153370e-02,-3.165387087443084107e-05
3.420000000000000000e+02,2.389976617429811490e-01,-3.746511454882227310e-02,-9.567026216869710842e-06,-2.927070356022720699e-02,-6.839882056191761296e-05
3.430000000000000000e+02,2.389970898141784428e-01,-3.746522256439987347e-02,-2.592373862460515592e-05,-2.927091093656663395e-02,-4.977032146215411626e-05
3.440000000000000000e+02,2.389973524630966961e-01,-3.746529651694586321e-02,-1.774861103833444271e-05,-2.927118416988946925e-02,-6.557599748039912241e-05
3.450000000000000000e+02,2.389970888577401809e-01,-3.746540247974566168e-02,-2.543107195181978128e-05,-2.927143662486915432e-02,-6.058919512429482648e-05
3.460000000000000000e+02,2.389971473047922679e-01,-3.746550150866993778e-02,-2.376694182562980354e-05,-2.927172483759921465e-02,-6.917105521429199296e-05
3.470000000000000000e+02,2.389970154266691515e-01,-3.746561520567206344e-02,-2.728728050959818648e-05,-2.927201439170074374e-02,-6.949298436678229133e-05
3.480000000000000000e+02,2.389969793180953817e-01,-3.746573320301764543e-02,-2.831936294042866823e-05,-2.927232467960884724e-02,-7.446909794519139428e-05
3.490000000000000000e+02,2.389969118072099996e-01,-3.746585808917566457e-02,-2.997267792457914792e-05,-2.927264925071939791e-02,-7.789706653226526880e-05
3.500000000000000000e+02,2.389968408097205566e-01,-3.746599221001683383e-02,-3.218900188052103420e-05,-2.927299191235571349e-02,-8.223879271568967475e-05
3.510000000000000000e+02,2.389967835801779239e-01,-3.746613169746366989e-02,-3.347698724082550319e-05,-2.927335232912856716e-02,-8.650002548474948515e-05
3.520000000000000000e+02,2.389966916562513977e-01,-3.746628203048622124e-02,-3.607992541299894174e-05,-2.927372802745499200e-02,-9.016759834162509958e-05
3.530000000000000000e+02,2.389953251978232662e-01,-3.746634007577477610e-02,-1.393086925372002635e-05,-2.927342453688810270e-02,7.283773605374687721e-05
3.540000000000000000e+02,2.389978926900414857e-01,-3.746617047831204278e-02,4.070339105599235675e-05,-2.927377639744088711e-02,-8.444653266802746824e-05
3.550000000000000000e+02,2.389955537706660305e-01,-3.746630445460007175e-02,-3.215430912625954704e-05,-2.927378641402529277e-02,-2.403980257263866899e-06
3.560000000000000000e+02,2.389967923971164920e-01,-3.746629120944892227e-02,3.178836275433195879e-06,-2.927403974389393773e-02,-6.079916847443987557e-05
3.570000000000000000e+02,2.389958803148402033e-01,-3.746638704196238179e-02,-2.299980323097005990e-05,-2.927415583886264910e-02,-2.786279249100664777e-05
3.580000000000000000e+02,2.389963400753423450e-01,-3.746642600688985386e-02,-9.351582592978316196e-06,-2.927437221360675718e-02,-5.192993858603118585e-05
3.590000000000000000e+02,2.389959695846841092e-01,-3.746650625244051652e-02,-1.925893215870465384e-05,-2.927454184141202453e-02,-4.071067326408597651e-05
3.600000000000000000e+02,2.389960988903404582e-01,-3.746657000993925540e-02,-1.530179969695218736e-05,-2.927475597103366620e-02,-5.139110919438085573e-05
3.610000000000000000e+02,2.389959104934179512e-01,-3.746665474271689000e-02,-2.033586663274819401e-05,-2.927495864865898093e-02,-4.864263007529082356e-05
3.620000000000000000e+02,2.389959365162507010e-01,-3.746673452666227783e-02,-1.914814689375310235e-05,-2.927518741405550629e-02,-5.490369516596423452e-05
3.630000000000000000e+02,2.389958129793396113e-01,-3.746682778346954734e-02,-2.238163374503385935e-05,-2.927541769554437706e-02,-5.526755732932974542e-05
3.640000000000000000e+02,2.389957969853593600e-01,-3.746692126976779169e-02,-2.243671157785796709e-05,-2.927566825063188452e-02,-6.013322100165196458e-05
3.650000000000000000e+02,2.389957060048212567e-01,-3.746702394246671786e-02,-2.464144774171576354e-05,-2.927592675116811108e-02,-6.204012869466597638e-05
3.660000000000000000e+02,2.389956480208259293e-01,-3.746713193692820243e-02,-2.591867075711110047e-05,-2.927619977928156564e-02,-6.552674722936826103e-05
3.670000000000000000e+02,2.389955898467897299e-01,-3.746724475374543090e-02,-2.707603613483683852e-05,-2.927648723785560014e-02,-6.899005776800702747e-05
3.680000000000000000e+02,2.389954015247081343e-01,-3.746727878228441749e-02,-8.166849357304397907e-06,-2.927658582845407004e-02,-2.366174363287636216e-05
3.690000000000000000e+02,2.389956898790869533e-01,-3.746730915507096721e-02,-7.289468772419692177e-06,-2.927682139498485187e-02,-5.653596738804352511e-05
3.700000000000000000e+02,2.389952121765027970e-01,-3.746740560803168280e-02,-2.314871057124440149e-05,-2.927701237054610925e-02,-4.583413470145100444e-05
3.710000000000000000e+02,2.389953556106897414e-01,-3.746748402827516228e-02,-1.882085843579583211e-05,-2.927725184084613644e-02,-5.747287200689600014e-05
3.720000000000000000e+02,2.389951765081544388e-01,-3.746758203472369542e-02,-2.352154764750363368e-05,-2.927748349916393239e-02,-5.559799627127469618e-05
3.730000000000000000e+02,2.389951896970237133e-01,-3.746767682955936402e-02,-2.275076055997376909e-05,-2.927774183693568691e-02,-6.200106522145549279e-05
3.740000000000000000e+02,2.389947126000671329e-01,-3.746769321239788036e-02,-3.931881244449625986e-06,-2.927769641463814215e-02,1.090135141097072608e-05
3.750000000000000000e+02,2.389954612546979218e-01,-3.746765686703466824e-02,8.722887171200588519e-06,-2.927788681120994246e-02,-4.569517723240658217e-05
3.760000000000000000e+02,2.389946155251154170e-01,-3.746772882254359449e-02,-1.726932214197170830e-05,-2.927796569885200012e-02,-1.893303409417309885e-05
3.770000000000000000e+02,2.389949929664202388e-01,-3.746775514036888854e-02,-6.316278069791168531e-06,-2.927813259151077971e-02,-4.005423810708835358e-05
3.780000000000000000e+02,2.389946398599244459e-01,-3.746782091995997516e-02,-1.578710186074717918e-05,-2.927825639085940637e-02,-2.971184367057463232e-05
3.790000000000000000e+02,2.389947691563392151e-01,-3.746786856261270088e-02,-1.143423665353208706e-05,-2.927842152692514133e-02,-3.963265577643551016e-05
3.800000000000000000e+02,2.389945919882636993e-01,-3.746793269587261194e-02,-1.539198237927970881e-05,-2.927857151676657027e-02,-3.599756194331449360e-05
3.810000000000000000e+02,2.389946151256330809e-01,-3.746799081980534130e-02,-1.394974385505364512e-05,-2.927874408249450319e-02,-4.141577470399573316e-05
3.820000000000000000e+02,2.389945009653693664e-01,-3.746805846257381806e-02,-1.623426443475429649e-05,-2.927891420319600480e-02,-4.082896835998075998e-05
3.830000000000000000e+02,2.389944679461649124e-01,-3.746812874521599640e-02,-1.686783412258199591e-05,-2.927910138588612349e-02,-4.492384562839744818e-05
3.840000000000000000e+02,2.389943751827497964e-01,-3.746820739351017920e-02,-1.887559060330538509e-05,-2.927929321563073686e-02,-4.603913870680137260e-05
3.850000000000000000e+02,2.389943366071251574e-01,-3.746828763215738489e-02,-1.925727532921182433e-05,-2.927949906737528640e-02,-4.940441869176881976e-05
3.860000000000000000e+02,2.389932194548207434e-01,-3.746827710733260930e-02,2.525957945590677001e-06,-2.927912212441894507e-02,9.046630952195583344e-05
3.870000000000000000e+02,2.389952427990947592e-01,-3.746808721034239342e-02,4.557527765173576673e-05,-2.927927868766055236e-02,-3.757517798536741654e-05
3.880000000000000000e+02,2.389933307307202937e-01,-3.746813988048026955e-02,-1.264083309022622696e-05,-2.927914789475567769e-02,3.139029717009218649e-05
3.890000000000000000e+02,2.389943204125229981e-01,-3.746807091677477330e-02,1.655128931899761406e-05,-2.927920627465415912e-02,-1.401117563558538576e-05
3.900000000000000000e+02,2.389935835522737639e-01,-3.746808632304762798e-02,-3.697505485902927017e-06,-2.927914803398838986e-02,1.397775978477766523e-05
3.910000000000000000e+02,2.389939521931795097e-01,-3.746804942197646399e-02,8.856257079821797367e-06,-2.927915991098419685e-02,-2.850478993710238389e-06
3.920000000000000000e+02,2.389936461811166812e-01,-3.746804297677016476e-02,1.546849511360388680e-06,-2.927912654672944898e-02,8.007421139459386950e-06
3.930000000000000000e+02,2.389937364137709186e-01,-3.746801920997869240e-02,5.704029954183898439e-06,-2.927911685617501716e-02,2.325733063610884187e-06
3.940000000000000000e+02,2.389935922556736536e-01,-3.746800669206546558e-02,3.004299173664666376e-06,-2.927909039985493456e-02,6.349516819538624933e-06
3.950000000000000000e+02,2.389935987226967928e-01,-3.746798639992227065e-02,4.870114366355296427e-06,-2.927907199999330023e-02,4.415966792034701642e-06
3.960000000000000000e+02,2.389935197677249268e-01,-3.746796804808412429e-02,4.404441154604309431e-06,-2.927904580153065095e-02,6.287631035932261168e-06
3.970000000000000000e+02,2.389934727536014436e-01,-3.746794845713260352e-02,4.701828364511916648e-06,-2.927901833148085012e-02,6.592811952296231938e-06
3.980000000000000000e+02,2.389934135167733897e-01,-3.746793073833490362e-02,4.252511447186583638e-06,-2.927899001171291662e-02,6.796744304256118479e-06
3.990000000000000000e+02,2.389933676036599397e-01,-3.746791171603119919e-02,4.565352888239078161e-06,-2.927896058744731966e-02,7.061823743667922887e-06
4.000000000000000000e+02,2.389933123577215324e-01,-3.746789150978441924e-02,4.849499227637608878e-06,-2.927892674261734288e-02,8.122759194329968850e-06
4.010000000000000000e+02,2.389932542079269973e-01,-3.746787322734990155e-02,4.387784285063580205e-06,-2.927889227717256349e-02,8.271706746693853444e-06
4.020000000000000000e+02,2.389932093502381005e-01,-3.746785368833416979e-02,4.689363774802000900e-06,-2.927885693130350894e-02,8.483008572966009841e-06
4.030000000000000000e+02,2.389931551420218792e-01,-3.746783300802095790e-02,4.963275171329880598e-06,-2.927881738363348474e-02,9.491440805826923522e-06
4.040000000000000000e+02,2.389931095782557857e-01,-3.746781129804488408e-02,5.210394257062854016e-06,-2.927877693135134962e-02,9.708547712103208162e-06
4.050000000000000000e+02,2.389930548479580197e-01,-3.746778865156134841e-02,5.435156049011052285e-06,-2.927873227881031340e-02,1.071660984846113422e-05
4.060000000000000000e+02,2.389930089529308521e-01,-3.746776516026480153e-02,5.637911171797397476e-06,-2.927868674533547558e-02,1.092803396137816133e-05
4.070000000000000000e+02,2.389929540301167776e-01,-3.746774089934087892e-02,5.822621741198134497e-06,-2.927863705422661944e-02,1.192586612555188291e-05
4.080000000000000000e+02,2.389929080954820706e-01,-3.746771594428870145e-02,5.989212522282977274e-06,-2.927858654092753768e-02,1.212319177936085061e-05
4.090000000000000000e+02,2.389928532354897717e-01,-3.746769035569653267e-02,6.141262120619102088e-06,-2.927853194235239750e-02,1.310365803338317750e-05
4.100000000000000000e+02,2.389927988144724957e-01,-3.746766418996536063e-02,6.279775482068632747e-06,-2.927847337937870831e-02,1.405511368557563247e-05
4.110000000000000000e+02,2.389927535418882310e-01,-3.746763750410036370e-02,6.404607599168352656e-06,-2.927841419935659287e-02,1.420320530731387875e-05
4.120000000000000000e+02,2.389926907381344223e-01,-3.746761033607234892e-02,6.520326723091490271e-06,-2.927834792258247887e-02,1.590642578694491355e-05
4.130000000000000000e+02,2.389926691511793932e-01,-3.746757675101726470e-02,8.060413220016535816e-06,-2.927828028356466855e-02,1.623336427436117578e-05
4.140000000000000000e+02,2.389926114871520901e-01,-3.746754335061432128e-02,8.016096705752906847e-06,-2.927820841813549846e-02,1.724770300064264975e-05
4.150000000000000000e+02,2.389925662584664323e-01,-3.746750711915590448e-02,8.695550020747487709e-06,-2.927813204521440352e-02,1.832950106258994516e-05
4.160000000000000000e+02,2.389925085658121673e-01,-3.746747131873833653e-02,8.592100216133743339e-06,-2.927805156419852409e-02,1.931544381087212044e-05
4.170000000000000000e+02,2.389924634467216202e-01,-3.746743290981426749e-02,9.218141775985315645e-06,-2.927796671523523811e-02,2.036375118826517396e-05
4.180000000000000000e+02,2.389924172676862468e-01,-3.746739214073793733e-02,9.784578319578677777e-06,-2.927787741814528999e-02,2.143130158779546986e-05
4.190000000000000000e+02,2.389923614662452789e-01,-3.746734922963543962e-02,1.029866459865383900e-05,-2.927778039743583749e-02,2.328497026857540724e-05
4.200000000000000000e+02,2.389923144612094985e-01,-3.746730438102857663e-02,1.076366564755674667e-05,-2.927767900520275232e-02,2.433413594057993383e-05
4.210000000000000000e+02,2.389922581486293440e-01,-3.746725777198579160e-02,1.118617026781931165e-05,-2.927757000823051625e-02,2.615927333648863069e-05
4.220000000000000000e+02,2.389922109739365252e-01,-3.746720957002414032e-02,1.156847079698987554e-05,-2.927745679447802882e-02,2.717130059696258883e-05
4.230000000000000000e+02,2.389921547256731449e-01,-3.746715991885724711e-02,1.191628005362716872e-05,-2.927733616091558397e-02,2.895205498657281380e-05
4.240000000000000000e+02,2.389921298079336343e-01,-3.746710297143178436e-02,1.366738211186058189e-05,-2.927721052620093495e-02,3.015233151538372985e-05
4.250000000000000000e+02,2.389920714179686601e-01,-3.746704241213994618e-02,1.453423004118380671e-05,-2.927707337647826938e-02,3.291593343938568807e-05
4.260000000000000000e+02,2.389920304335247103e-01,-3.746697858966273331e-02,1.531739453052234271e-05,-2.927693130635241475e-02,3.409683020496601916e-05
4.270000000000000000e+02,2.389919682741101503e-01,-3.746691480170177835e-02,1.530911062949671876e-05,-2.927678146154623004e-02,3.596275348426065412e-05
4.280000000000000000e+02,2.389919187542535184e-01,-3.746684804257269935e-02,1.602219097919719529e-05,-2.927662370934940722e-02,3.786052723757799823e-05
4.290000000000000000e+02,2.389918793566523647e-01,-3.746677559910849969e-02,1.738643140868074735e-05,-2.927645759726033373e-02,3.986690137749905621e-05
4.300000000000000000e+02,2.389918265590394997e-01,-3.746670100626308536e-02,1.790228289999297462e-05,-2.927628339401770058e-02,4.180877823191684684e-05
4.310000000000000000e+02,2.389917754415280815e-01,-3.746662146466700483e-02,1.908998305991632091e-05,-2.927609751879516747e-02,4.461005340829841520e-05
4.320000000000000000e+02,2.389917228113743464e-01,-3.746653744110188533e-02,2.016565562842831860e-05,-2.927589997656176654e-02,4.741013601656555255e-05
4.330000000000000000e+02,2.389916781969247117e-01,-3.746644936284109634e-02,2.113878258932640436e-05,-2.927569404864036398e-02,4.942270113632921396e-05
4.340000000000000000e+02,2.389916230642048778e-01,-3.746635760792171865e-02,2.202118065019058164e-05,-2.927547645848092503e-02,5.222163826570508643e-05
4.350000000000000000e+02,2.389915778138949065e-01,-3.746625952701194279e-02,2.353941834579056152e-05,-2.927524685130831680e-02,5.510572142580487279e-05
4.360000000000000000e+02,2.389915299660672898e-01,-3.746615572055989052e-02,2.491354849319400277e-05,-2.927500509873791693e-02,5.802061689578142322e-05
4.370000000000000000e+02,2.389914707692109563e-01,-3.746604672443661077e-02,2.615906958703935895e-05,-2.927474791748728433e-02,6.172350015179551360e-05
4.380000000000000000e+02,2.389914299360680061e-01,-3.746593003770574276e-02,2.800481540802956138e-05,-2.927447818944303726e-02,6.473473061899503956e-05
4.390000000000000000e+02,2.389913567215298518e-01,-3.746580937338499229e-02,2.895943698086724397e-05,-2.927418970810879637e-02,6.923552021755044407e-05
4.400000000000000000e+02,2.389913226798223711e-01,-3.746567912188861899e-02,3.126035912884479479e-05,-2.927388836981652948e-02,7.232119014373211349e-05
4.410000000000000000e+02,2.389912546688612027e-01,-3.746554318051744520e-02,3.262592908141026928e-05,-2.927356777677866950e-02,7.694232908603875691e-05
4.420000000000000000e+02,2.389912050378797392e-01,-3.746539909208729258e-02,3.458122323668399371e-05,-2.927323093416575595e-02,8.084222709898392849e-05
4.430000000000000000e+02,2.389911614771229598e-01,-3.746524463664416271e-02,3.706930635136888793e-05,-2.927287721524697225e-02,8.489254050850008563e-05
4.440000000000000000e+02,2.389910745149456950e-01,-3.746508677447244612e-02,3.788692121193535024e-05,-2.927250082140048226e-02,9.033452315726833975e-05
4.450000000000000000e+02,2.389910272827369675e-01,-3.746491983531574643e-02,4.006539760784320566e-05,-2.927210789281705153e-02,9.430286002323592833e-05
4.460000000000000000e+02,2.389909555685188203e-01,-3.746474167158533874e-02,4.275929529816468647e-05,-2.927168803722175403e-02,1.007653428715992242e-04
4.470000000000000000e+02,2.389909089286458288e-01,-3.746455335924939872e-02,4.519496062512293319e-05,-2.927125096473459295e-02,1.048973969182556232e-04
4.480000000000000000e+02,2.389908085808491456e-01,-3.746435883275094081e-02,4.668635962917557376e-05,-2.927078396700963717e-02,1.120794539895006512e-04
4.490000000000000000e+02,2.389907646508578620e-01,-3.746414969951251256e-02,5.019197722347411902e-05,-2.927029594491873180e-02,1.171253018176622400e-04
4.500000000000000000e+02,2.389906733001076478e-01,-3.746393032911080057e-02,5.264889641162791127e-05,-2.926977710927246290e-02,1.245205551046353067e-04
4.510000000000000000e+02,2.389906074077463027e-01,-3.746369869813402642e-02,5.559143442599866376e-05,-2.926923373436322862e-02,1.304099782165349603e-04
4.520000000000000000e+02,2.389905045878349121e-01,-3.746345595088712566e-02,5.825933925652094624e-05,-2.926865595126945663e-02,1.386679425054946897e-04
4.530000000000000000e+02,2.389904347315313926e-01,-3.746319715265548911e-02,6.211157559220565499e-05,-2.926804960847538550e-02,1.455222705774483392e-04
4.540000000000000000e+02,2.389903165390119821e-01,-3.746292680389097518e-02,6.488370348371299613e-05,-2.926740510976320181e-02,1.546796909238443022e-04
4.550000000000000000e+02,2.389902413918674751e-01,-3.746264001325073922e-02,6.882975365612741577e-05,-2.926673165635714294e-02,1.616288174541729065e-04
4.560000000000000000e+02,2.389901244200289265e-01,-3.746233832648688394e-02,7.240482332513017950e-05,-2.926601913068339195e-02,1.710061617001342620e-04
4.570000000000000000e+02,2.389900074509211658e-01,-3.746202015128883428e-02,7.636204753131636488e-05,-2.926526723293820104e-02,1.804554588457425626e-04
4.580000000000000000e+02,2.389898885755169511e-01,-3.746168405001389090e-02,8.066430598669638795e-05,-2.926447550451168403e-02,1.900148223643953178e-04
4.590000000000000000e+02,2.389897438094824578e-01,-3.746132871254014007e-02,8.528099370093469845e-05,-2.926363690018242772e-02,2.012650390217652892e-04
4.600000000000000000e+02,2.389896056443914230e-01,-3.746095296501535110e-02,9.017940594955458928e-05,-2.926275423744269938e-02,2.118390575347802872e-04
4.610000000000000000e+02,2.389894321189594273e-01,-3.746055872597620767e-02,9.461736939408092165e-05,-2.926182089502143632e-02,2.240021811034919588e-04
4.620000000000000000e+02,2.389892595047405088e-01,-3.746014174593291501e-02,1.000752103894356974e-04,-2.926083622436324166e-02,2.363209579667838211e-04
4.630000000000000000e+02,2.389890656652015888e-01,-3.745970117467505023e-02,1.057371018870970742e-04,-2.925979641736187534e-02,2.495536803282328913e-04
4.640000000000000000e+02,2.389888491956247696e-01,-3.745923623984967477e-02,1.115843580896126708e-04,-2.925869775034594528e-02,2.636800838234856109e-04
4.650000000000000000e+02,2.389886328410835981e-01,-3.745874625136895453e-02,1.175972353733047284e-04,-2.925754304054541469e-02,2.771303521273888772e-04
4.660000000000000000e+02,2.389883658277760503e-01,-3.745823056623311803e-02,1.237644326002993085e-04,-2.925632199564636923e-02,2.930507757709904099e-04
4.670000000000000000e+02,2.389880915598125710e-01,-3.745768262403760540e-02,1.315061269225918053e-04,-2.925503341451954689e-02,3.092594704373827761e-04
4.680000000000000000e+02,2.389877788242624479e-01,-3.745710547247726313e-02,1.385163744815244167e-04,-2.925367370594912989e-02,3.263300569002761586e-04
4.690000000000000000e+02,2.389874356541810685e-01,-3.745649587330886210e-02,1.463038004168703415e-04,-2.925223878127621371e-02,3.443819214999034508e-04
4.700000000000000000e+02,2.389870435154380635e-01,-3.745585089238488014e-02,1.547954217558126448e-04,-2.925072116425685501e-02,3.642280846460694741e-04
4.710000000000000000e+02,2.389866492036392120e-01,-3.745517088760401403e-02,1.632011474083193273e-04,-2.924912680835465087e-02,3.826454165292151786e-04
4.720000000000000000e+02,2.389861408308301960e-01,-3.745445913445495656e-02,1.708207557731218954e-04,-2.924743611888802608e-02,4.057654719896478749e-04
4.730000000000000000e+02,2.389856491444126707e-01,-3.745370365627614245e-02,1.813147629145844722e-04,-2.924565731298250926e-02,4.269134173237296203e-04
4.740000000000000000e+02,2.389850564142026457e-01,-3.745290558074412801e-02,1.915381276840390364e-04,-2.924377633451248626e-02,4.514348328052138573e-04
4.750000000000000000e+02,2.389844333783668617e-01,-3.745206294495749544e-02,2.022325887914737180e-04,-2.924179553428853454e-02,4.753920537481041032e-04
4.760000000000000000e+02,2.389837164223102828e-01,-3.745117694869195407e-02,2.126391037296785551e-04,-2.923970453425510027e-02,5.018400080242189096e-04
4.770000000000000000e+02,2.389829299633363935e-01,-3.745024268881642221e-02,2.242223701279440228e-04,-2.923749902519977295e-02,5.293221732783782302e-04
4.780000000000000000e+02,2.389820287899304674e-01,-3.744925272993809839e-02,2.375901307984767659e-04,-2.923516741652885942e-02,5.595860810188576845e-04
4.790000000000000000e+02,2.389810719767012925e-01,-3.744820934620410324e-02,2.504120961580814301e-04,-2.923271224438080129e-02,5.892413155341210806e-04
4.800000000000000000e+02,2.389799556837924055e-01,-3.744711156569489191e-02,2.634673222103053425e-04,-2.923011632034943491e-02,6.230217675276139176e-04
