# Time, SliderHeight, Motor1Pos, Motor1Vel, Motor2Pos, Motor2Vel
0.000000000000000000e+00,2.600000000000000089e-01,0.000000000000000000e+00,0.000000000000000000e+00,0.000000000000000000e+00,0.000000000000000000e+00
1.000000000000000000e+00,2.536745054318444992e-01,-5.078375339508056857e-04,-1.218810081481933594e-01,-8.101688896308668029e-04,-1.944405335114080258e-01
2.000000000000000000e+00,2.561466441850995257e-01,-1.443611979484558158e-03,-2.245858669281005637e-01,-1.398004925648158817e-03,-1.410806486441500696e-01
3.000000000000000000e+00,2.611455500421275833e-01,-2.154738366603851235e-03,-1.706703329086303733e-01,-2.100413203533730427e-03,-1.685779866925372072e-01
4.000000000000000000e+00,2.589884308059261508e-01,-2.913216346502304002e-03,-1.820347151756286641e-01,-2.702025022261334529e-03,-1.443868364946249705e-01
5.000000000000000000e+00,2.592410366589892323e-01,-3.562181825041770781e-03,-1.557517148494720616e-01,-3.319819938798994601e-03,-1.482707799690383965e-01
6.000000000000000000e+00,2.578726722289657602e-01,-4.192265541493892834e-03,-1.512200919485092443e-01,-3.890902989854637395e-03,-1.370599322533542219e-01
7.000000000000000000e+00,2.570678232116345718e-01,-4.758595828241110257e-03,-1.359192688193321397e-01,-4.452078294864388053e-03,-1.346820732023402134e-01
8.000000000000000000e+00,2.557165783083270583e-01,-5.290978614115119869e-03,-1.277718686097621958e-01,-4.984989500627375926e-03,-1.278986893831171590e-01
9.000000000000000000e+00,2.543955949218300594e-01,-5.777645227572382469e-03,-1.167999872297429964e-01,-5.501647942267367565e-03,-1.239980259935979656e-01
1.000000000000000000e+01,2.528071940327868972e-01,-6.229497299129719765e-03,-1.084444971737608676e-01,-5.997158343168343397e-03,-1.189224962162342553e-01
1.100000000000000000e+01,2.511039067126648594e-01,-6.644610141695995661e-03,-9.962708221590628466e-02,-6.475864311500074445e-03,-1.148894323996154099e-01
1.200000000000000000e+01,2.492065508815308472e-01,-7.027867652459257770e-03,-9.198180258318282287e-02,-6.936901384313061934e-03,-1.106488974751170529e-01
1.300000000000000000e+01,2.471551816689293579e-01,-7.380148664846999072e-03,-8.454744297305788470e-02,-7.382178373247480323e-03,-1.068664773442604271e-01
1.400000000000000000e+01,2.449288329904361627e-01,-7.704300489188715441e-03,-7.779643784201187295e-02,-7.811991225306076647e-03,-1.031550844940631734e-01
1.500000000000000000e+01,2.356871006177049810e-01,-8.001866465357779928e-03,-7.141583428057562966e-02,-8.227474555923059568e-03,-9.971599934807583165e-02
1.600000000000000000e+01,2.376151946925618985e-01,-8.274915092183490750e-03,-6.553167043817054171e-02,-8.629161476097801584e-03,-9.640486084193805594e-02
1.700000000000000000e+01,2.409764868031539220e-01,-8.524998074465998249e-03,-6.001991574780170258e-02,-9.017859422268575606e-03,-9.328750708098557110e-02
1.800000000000000000e+01,2.410114417610254856e-01,-8.753780167425284642e-03,-5.490770231022856773e-02,-9.394163957031501436e-03,-9.031308834310200484e-02
1.900000000000000000e+01,2.410424820498749399e-01,-8.962700046114276120e-03,-5.014077088535805193e-02,-9.758730296008565064e-03,-8.749592135449513197e-02
2.000000000000000000e+01,2.410690122281423098e-01,-9.153171727370160507e-03,-4.571320350141210714e-02,-1.011210641000821059e-02,-8.481026735991502308e-02
2.100000000000000000e+01,2.410919469721013453e-01,-9.326461865881926355e-03,-4.158963324282363705e-02,-1.045485699833176990e-02,-8.226014119765423516e-02
2.200000000000000000e+01,2.411112086056161896e-01,-9.483776015978915425e-03,-3.775539602327757094e-02,-1.078746644849253034e-02,-7.982626803858229592e-02
2.300000000000000000e+01,2.411285722663737419e-01,-9.626002481229779806e-03,-3.413435166020764577e-02,-1.111017401392468996e-02,-7.744981570371844981e-02
2.400000000000000000e+01,2.411428854696934798e-01,-9.754077825529288912e-03,-3.073808263188223741e-02,-1.142349304594290731e-02,-7.519656768437223138e-02
2.500000000000000000e+01,2.411535259268791642e-01,-9.869065493568402944e-03,-2.759704032938738519e-02,-1.172783787701455263e-02,-7.304275945719498897e-02
2.600000000000000000e+01,2.411616268912544769e-01,-9.971892783246599085e-03,-2.467854952276700778e-02,-1.202364101100503527e-02,-7.099275215771566616e-02
2.700000000000000000e+01,2.411670465070225033e-01,-1.006345386731818080e-02,-2.197466017717976047e-02,-1.231128574092874538e-02,-6.903473518169049583e-02
2.800000000000000000e+01,2.411701530345241595e-01,-1.014456542219097958e-02,-1.946677316947155803e-02,-1.259114683282102319e-02,-6.716666205414663360e-02
2.900000000000000000e+01,2.411709880281979190e-01,-1.021600417988338325e-02,-1.714530184617674147e-02,-1.286356753657814933e-02,-6.538096890171048170e-02
3.000000000000000000e+01,2.411698798878288974e-01,-1.027847515967641838e-02,-1.499303515032857255e-02,-1.312888061896469102e-02,-6.367513977277014514e-02
3.100000000000000000e+01,2.411668540602593114e-01,-1.033264864170987778e-02,-1.300163568803015465e-02,-1.338738557006875947e-02,-6.204118826497645456e-02
3.200000000000000000e+01,2.411621089797031103e-01,-1.037914575950300324e-02,-1.115930827035022110e-02,-1.363937577282756108e-02,-6.047764866211243623e-02
3.300000000000000000e+01,2.411557524321187862e-01,-1.041854937508102617e-02,-9.456867738725427061e-03,-1.388512123234906213e-02,-5.897891028516036999e-02
3.400000000000000000e+01,2.411480027444479202e-01,-1.045139002473112998e-02,-7.881755916024813999e-03,-1.412488283462386487e-02,-5.754278454595265074e-02
3.500000000000000000e+01,2.411389065779502294e-01,-1.047816903296969020e-02,-6.426961977254454575e-03,-1.435889537704351099e-02,-5.616301018071501172e-02
3.600000000000000000e+01,2.411285859991752212e-01,-1.049935547325487814e-02,-5.084745668445168898e-03,-1.458739401911830075e-02,-5.483967409794941045e-02
3.700000000000000000e+01,2.411171610988204761e-01,-1.051538343262800254e-02,-3.846710249550040067e-03,-1.481059040440750076e-02,-5.356713246940797424e-02
3.800000000000000000e+01,2.411046985272100873e-01,-1.052666147081967631e-02,-2.706729166001529095e-03,-1.502868693304341106e-02,-5.234316687261844625e-02
3.900000000000000000e+01,2.410914121039421654e-01,-1.053355133112296969e-02,-1.653566472790328999e-03,-1.524187768607405784e-02,-5.116578072735515625e-02
4.000000000000000000e+01,2.410771659260014244e-01,-1.053642030575299010e-02,-6.885539112050405178e-04,-1.545033137597818552e-02,-5.002888557699078365e-02
4.100000000000000000e+01,2.410623216199587471e-01,-1.053557511584542541e-02,2.028455778153267271e-04,-1.565424156723801280e-02,-4.893844590235888609e-02
4.200000000000000000e+01,2.410466803201916919e-01,-1.053133353367373751e-02,1.017979721204949296e-03,-1.585374670510067766e-02,-4.788123308703932934e-02
4.300000000000000000e+01,2.410304971613834724e-01,-1.052396963335508646e-02,1.767336076476057902e-03,-1.604901311353994567e-02,-4.686393802542419829e-02
4.400000000000000000e+01,2.410137692143056176e-01,-1.051374796298835089e-02,2.453200888016595586e-03,-1.624019048413221505e-02,-4.588256894214494397e-02
4.500000000000000000e+01,2.409965409464657204e-01,-1.050091257632699768e-02,3.080492798724882020e-03,-1.642740161836729954e-02,-4.493067221642052522e-02
4.600000000000000000e+01,2.409789361536237573e-01,-1.048568312174914807e-02,3.655069098683916013e-03,-1.661078683990843338e-02,-4.401245316987207473e-02
4.700000000000000000e+01,2.409608947793704659e-01,-1.046828112465302343e-02,4.176479303069875054e-03,-1.679046647958806412e-02,-4.312311352311120477e-02
4.800000000000000000e+01,2.409425846089908174e-01,-1.044889403696806947e-02,4.652901044388814758e-03,-1.696656075608437425e-02,-4.226262635911471471e-02
4.900000000000000000e+01,2.409239935032162216e-01,-1.042770248635974638e-02,5.085972145997636959e-03,-1.713917786620776373e-02,-4.142810642961311518e-02
5.000000000000000000e+01,2.409051373746267377e-01,-1.040488095865592377e-02,5.477166648917258795e-03,-1.730842710801657261e-02,-4.061981803411375547e-02
5.100000000000000000e+01,2.408861038953390432e-01,-1.038058053063721682e-02,5.832102724489840115e-03,-1.747440088929887170e-02,-3.983370750775182267e-02
5.200000000000000000e+01,2.408669381140333687e-01,-1.035494313187065862e-02,6.152975703973790483e-03,-1.763720621892185883e-02,-3.907327910951725186e-02
5.300000000000000000e+01,2.408475440562537762e-01,-1.032812034082450370e-02,6.437469851077185640e-03,-1.779692748393702645e-02,-3.833310360363981206e-02
5.400000000000000000e+01,2.408281549856384207e-01,-1.030021877579780434e-02,6.696375606407978590e-03,-1.795365255361951878e-02,-3.761401672379795225e-02
5.500000000000000000e+01,2.408086381770425111e-01,-1.027136419558210591e-02,6.925099251767814594e-03,-1.810746647078092728e-02,-3.691534011873765647e-02
5.600000000000000000e+01,2.407891087554068221e-01,-1.024165786216084915e-02,7.129520021101426464e-03,-1.825844577395044355e-02,-3.623503276068400919e-02
5.700000000000000000e+01,2.407695439884064981e-01,-1.021120283224806989e-02,7.309207179067200161e-03,-1.840667126873032911e-02,-3.557411874717235356e-02
5.800000000000000000e+01,2.407499382273496913e-01,-1.018009781735077640e-02,7.465203575350632705e-03,-1.855220971969153559e-02,-3.492922823068960597e-02
5.900000000000000000e+01,2.407304332322582896e-01,-1.014841377643156337e-02,7.604169820611046161e-03,-1.869513313586221998e-02,-3.430161988096439712e-02
6.000000000000000000e+01,2.407108831642562619e-01,-1.011624437487842337e-02,7.720656372753561744e-03,-1.883550632533686695e-02,-3.368956547391544626e-02
6.100000000000000000e+01,2.406914597823743007e-01,-1.008365006968086307e-02,7.822633247414575650e-03,-1.897339357579713032e-02,-3.309294011046343131e-02
6.200000000000000000e+01,2.406720422500122358e-01,-1.005070911398327563e-02,7.905829367420996040e-03,-1.910885274601659134e-02,-3.251020085267099929e-02
6.300000000000000000e+01,2.406527726340597084e-01,-1.001747405421268139e-02,7.976414344942813275e-03,-1.924194782951469881e-02,-3.194282003954577315e-02
6.400000000000000000e+01,2.406335525782060947e-01,-9.984010063525923864e-03,8.031357764821741782e-03,-1.937273045936346860e-02,-3.138783116370477688e-02
6.500000000000000000e+01,2.406144834735853555e-01,-9.950363876788000106e-03,8.075084817101643025e-03,-1.950125902489952684e-02,-3.084685572865366113e-02
6.600000000000000000e+01,2.405954680995639750e-01,-9.916595436669384950e-03,8.104425628467833501e-03,-1.962758011328740934e-02,-3.031706121309200863e-02
6.700000000000000000e+01,2.405766682837063852e-01,-9.882734849480330486e-03,8.126540925373194543e-03,-1.975174756770766565e-02,-2.980018906086191743e-02
6.800000000000000000e+01,2.405579154962882993e-01,-9.848839012737607701e-03,8.135000818253522101e-03,-1.987380387439052765e-02,-2.929351360388655207e-02
6.900000000000000000e+01,2.405394150314376922e-01,-9.814929330755587863e-03,8.138323675684573655e-03,-1.999380512493076356e-02,-2.880030012965692846e-02
7.000000000000000000e+01,2.405209737468778086e-01,-9.781054867391756474e-03,8.129871207319712065e-03,-2.011178386597355441e-02,-2.831489785026951658e-02
7.100000000000000000e+01,2.405027295054003311e-01,-9.747241893503849272e-03,8.115113733097723339e-03,-2.022778715469528490e-02,-2.784078929321546006e-02
7.200000000000000000e+01,2.404846625910877500e-01,-9.713520002379761112e-03,8.093253869781037030e-03,-2.034186307105934413e-02,-2.737821992737454052e-02
7.300000000000000000e+01,2.404667232801469823e-01,-9.679921765250468213e-03,8.063576911030382460e-03,-2.045404250030904980e-02,-2.692306301992969039e-02
7.400000000000000000e+01,2.404489659676589119e-01,-9.646470487595216678e-03,8.028306637260550563e-03,-2.056436425349375194e-02,-2.647722076432810004e-02
7.500000000000000000e+01,2.404314631842891514e-01,-9.613175120520730393e-03,7.990888097876886961e-03,-2.067286742862580948e-02,-2.604076203169420137e-02
7.600000000000000000e+01,2.404140714614592111e-01,-9.580067389414895565e-03,7.945855465400320644e-03,-2.077957865085785713e-02,-2.561069333569159293e-02
7.700000000000000000e+01,2.403969118847806008e-01,-9.547157672629851682e-03,7.898332028410351424e-03,-2.088453015432997426e-02,-2.518836083330795728e-02
7.800000000000000000e+01,2.403799267460675348e-01,-9.514460966301372877e-03,7.847209518835111114e-03,-2.098773716450301474e-02,-2.476968244152984513e-02
7.900000000000000000e+01,2.403632102078863131e-01,-9.481978886872624232e-03,7.795699062899634837e-03,-2.108923627532476378e-02,-2.435978659721954945e-02
8.000000000000000000e+01,2.403466216630256447e-01,-9.449737653744405552e-03,7.737895950772454533e-03,-2.118906818432025191e-02,-2.395965815891686751e-02
8.100000000000000000e+01,2.403302707224058143e-01,-9.417749025530799262e-03,7.677270771265408238e-03,-2.128726985803966812e-02,-2.356840169265971008e-02
8.200000000000000000e+01,2.403141069418752718e-01,-9.386029784698964387e-03,7.612617799640408051e-03,-2.138388138518359030e-02,-2.318676651454123702e-02
8.300000000000000000e+01,2.402981682286044196e-01,-9.354588608781182202e-03,7.545882220267581368e-03,-2.147892949959737119e-02,-2.281154745930736444e-02
8.400000000000000000e+01,2.402823638689610408e-01,-9.323440365762943050e-03,7.475578324377346248e-03,-2.157245366240189907e-02,-2.244579907308650799e-02
8.500000000000000000e+01,2.402668544364079950e-01,-9.292596169663613209e-03,7.402607063839169478e-03,-2.166448392003120921e-02,-2.208726183103477958e-02
8.600000000000000000e+01,2.402512136155331990e-01,-9.262077245663843938e-03,7.324541759944522626e-03,-2.175504768454932999e-02,-2.173530348434893344e-02
8.700000000000000000e+01,2.402367084597553382e-01,-9.231864235067603619e-03,7.251122543097726116e-03,-2.184422308973858404e-02,-2.140209724542131015e-02
8.800000000000000000e+01,2.402198862129402424e-01,-9.202035048104803897e-03,7.159004871072074776e-03,-2.193195240865348714e-02,-2.105503653957658053e-02
8.900000000000000000e+01,2.402158434579939050e-01,-9.172594515943592597e-03,7.065727718690515032e-03,-2.202109236169546777e-02,-2.139358873007499162e-02
9.000000000000000000e+01,2.401762675307820560e-01,-9.145119158653234812e-03,6.594085749685939593e-03,-2.210526818976037144e-02,-2.020219873557680540e-02
9.100000000000000000e+01,2.401910442340460250e-01,-9.115489155249067998e-03,7.111200817000075912e-03,-2.219145714676173595e-02,-2.068534968032773730e-02
9.200000000000000000e+01,2.401487307786356329e-01,-9.088550632172053348e-03,6.465245538483520467e-03,-2.227286537612531078e-02,-1.953797504725802298e-02
9.300000000000000000e+01,2.401654251293679210e-01,-9.059605891381975265e-03,6.946737789618898616e-03,-2.235693194618660132e-02,-2.017597681471001991e-02
9.400000000000000000e+01,2.401186527369781609e-01,-9.033594618842384280e-03,6.242705409501987310e-03,-2.243554366798174160e-02,-1.886681323083345269e-02
9.500000000000000000e+01,2.401392279051448309e-01,-9.005100893071802531e-03,6.838494184939791429e-03,-2.251705699404641173e-02,-1.956319825552087222e-02
9.600000000000000000e+01,2.400916056681755284e-01,-8.979718087561039397e-03,6.091873322582981413e-03,-2.259309664312869614e-02,-1.824951577974844724e-02
9.700000000000000000e+01,2.401130812665613901e-01,-8.951810827187866096e-03,6.697742489561446522e-03,-2.267201860801512300e-02,-1.894127157274225551e-02
9.800000000000000000e+01,2.400657911144952750e-01,-8.926988598216801032e-03,5.957334953055568386e-03,-2.274564396456503490e-02,-1.767008557197921950e-02
9.900000000000000000e+01,2.400872469926212116e-01,-8.899720022329499214e-03,6.544458212952596922e-03,-2.282202917393419059e-02,-1.833245024859763914e-02
1.000000000000000000e+02,2.400408476301439109e-01,-8.875433687230219193e-03,5.828720423827209347e-03,-2.289333936455280674e-02,-1.711444574846826203e-02
1.010000000000000000e+02,2.400618571764842057e-01,-8.848829661499253707e-03,6.384966175431655913e-03,-2.296727518100466839e-02,-1.774459594844719421e-02
1.020000000000000000e+02,2.400165179567417262e-01,-8.825095925521003401e-03,5.696096634779916450e-03,-2.303635276034756915e-02,-1.657861904229637057e-02
1.030000000000000000e+02,2.400369905468544007e-01,-8.799166202119531807e-03,6.223133616353140017e-03,-2.310793293148254157e-02,-1.717924107239330103e-02
1.040000000000000000e+02,2.399927923415161035e-01,-8.775992627537941571e-03,5.561657899581544037e-03,-2.317483168510522940e-02,-1.605570086944478267e-02
1.050000000000000000e+02,2.400127749461775373e-01,-8.750715475176373132e-03,6.066516566776290927e-03,-2.324415505212469243e-02,-1.663760808467142430e-02
1.060000000000000000e+02,2.399696224554722646e-01,-8.728116036564450425e-03,5.423865266861351529e-03,-2.330891540971177442e-02,-1.554248582089932072e-02
1.070000000000000000e+02,2.399891008642787982e-01,-8.703476837141774225e-03,5.913407861442157923e-03,-2.337609940892151905e-02,-1.612415981033830242e-02
1.080000000000000000e+02,2.399469436329812744e-01,-8.681477494791941737e-03,5.279842163959968734e-03,-2.343876694076383466e-02,-1.504020764215589258e-02
1.090000000000000000e+02,2.399660087965515276e-01,-8.657448753483277387e-03,5.766897914079505659e-03,-2.350393157730297153e-02,-1.563951276939311991e-02
1.100000000000000000e+02,2.399247115631603922e-01,-8.636078126172017436e-03,5.128950554702228770e-03,-2.356457213091210992e-02,-1.455373286619297130e-02
1.110000000000000000e+02,2.399436059067659166e-01,-8.612649476985255112e-03,5.622875804823040079e-03,-2.362780295162086527e-02,-1.517539697010103494e-02
1.120000000000000000e+02,2.399030533501770035e-01,-8.591910227016798934e-03,4.977419992429513856e-03,-2.368648703848804868e-02,-1.408418084812386277e-02
1.130000000000000000e+02,2.399218290230064055e-01,-8.569077917792801424e-03,5.479754213759276647e-03,-2.374785541293728333e-02,-1.472840986781642769e-02
1.140000000000000000e+02,2.398819851434501327e-01,-8.548967122696055770e-03,4.826590823219133880e-03,-2.380465849396232875e-02,-1.363273944601118767e-02
1.150000000000000000e+02,2.399006841379243971e-01,-8.526727886343850316e-03,5.337416724529466146e-03,-2.386422297340749440e-02,-1.429547506683937624e-02
1.160000000000000000e+02,2.398615245310948829e-01,-8.507236512941268938e-03,4.677929616619403048e-03,-2.391921169769147329e-02,-1.319729382815481265e-02
1.170000000000000000e+02,2.398800952265829067e-01,-8.485582565042691650e-03,5.196947495658674199e-03,-2.397702957022557896e-02,-1.387628940818540040e-02
1.180000000000000000e+02,2.398416638053215422e-01,-8.466692721781174380e-03,4.533562382764087448e-03,-2.403026666063091260e-02,-1.277690169728047144e-02
1.190000000000000000e+02,2.398601748656231936e-01,-8.445618291931156554e-03,5.057863164004095143e-03,-2.408637959719758803e-02,-1.346710477600243303e-02
1.200000000000000000e+02,2.398225598486280752e-01,-8.427304672107111330e-03,4.395268757770715885e-03,-2.413794814092962496e-02,-1.237645049568845274e-02
1.210000000000000000e+02,2.398404939468723462e-01,-8.406814777476536577e-03,4.917574711337986855e-03,-2.419245213087412721e-02,-1.308095758668083308e-02
1.220000000000000000e+02,2.398034452504521630e-01,-8.389103365516919000e-03,4.250738870308334513e-03,-2.424234879577186544e-02,-1.197519957545723282e-02
1.230000000000000000e+02,2.398225635275441081e-01,-8.369139767420773895e-03,4.791263543074913631e-03,-2.429512226026239036e-02,-1.266563147772613307e-02
1.240000000000000000e+02,2.397905023096565946e-01,-8.351876767751452088e-03,4.143119920637227706e-03,-2.434514863680089722e-02,-1.200633036924150104e-02
1.250000000000000000e+02,2.397861608203905037e-01,-8.333457993628837907e-03,4.420505789427532813e-03,-2.439383591138957058e-02,-1.168494590128157234e-02
1.260000000000000000e+02,2.397914732088165801e-01,-8.315145191334727057e-03,4.395072550586519820e-03,-2.444350443905961637e-02,-1.192044664081077024e-02
1.270000000000000000e+02,2.397712951175730300e-01,-8.298222166297457639e-03,4.061526008944819910e-03,-2.449270168381540574e-02,-1.180733874138946427e-02
1.280000000000000000e+02,2.397541078968415951e-01,-8.281531343229330336e-03,4.005797536350578711e-03,-2.453867657426507531e-02,-1.103397370792042614e-02
1.290000000000000000e+02,2.397681889627585605e-01,-8.263573919083942385e-03,4.309781794893162085e-03,-2.458626608052584192e-02,-1.142148150258415207e-02
1.300000000000000000e+02,2.397459107698105552e-01,-8.247500313964898841e-03,3.857665228570503375e-03,-2.463297028995578911e-02,-1.120901026318748932e-02
1.310000000000000000e+02,2.397306109510244643e-01,-8.231323517929000494e-03,3.882431048615631042e-03,-2.467682036649806315e-02,-1.052401837014538266e-02
1.320000000000000000e+02,2.397429268892946885e-01,-8.214123866558250761e-03,4.127916328979796233e-03,-2.472217805086687065e-02,-1.088584424851361115e-02
1.330000000000000000e+02,2.397225630145548847e-01,-8.198683205155297277e-03,3.705758736708920833e-03,-2.476672228955036081e-02,-1.069061728403751521e-02
1.340000000000000000e+02,2.397071624321837069e-01,-8.183170553960320351e-03,3.723036286794470864e-03,-2.480841301724848180e-02,-1.000577464754874926e-02
1.350000000000000000e+02,2.397191499815095328e-01,-8.166608891051143140e-03,3.974799098202605116e-03,-2.485180187447852754e-02,-1.041332573521077179e-02
1.360000000000000000e+02,2.396991149850164760e-01,-8.151908589674489169e-03,3.528072330396863666e-03,-2.489432870672070655e-02,-1.020643973812290252e-02
1.370000000000000000e+02,2.396847499397551096e-01,-8.137053015536001299e-03,3.565337793237215083e-03,-2.493404699802316549e-02,-9.532389912589804559e-03
1.380000000000000000e+02,2.396963526610019213e-01,-8.121169249540866400e-03,3.812103838832320291e-03,-2.497550226088963640e-02,-9.949263087953099521e-03
1.390000000000000000e+02,2.396771125376289391e-01,-8.107131786579839516e-03,3.368991110646510183e-03,-2.501608960630671841e-02,-9.740962900099464292e-03
1.400000000000000000e+02,2.396634341508786514e-01,-8.092905270652714714e-03,3.414363822509855918e-03,-2.505391891643419730e-02,-9.079034430595090549e-03
1.410000000000000000e+02,2.396743665906052589e-01,-8.077666281936048132e-03,3.657357291999830534e-03,-2.509364791653479268e-02,-9.534960024143213780e-03
1.420000000000000000e+02,2.396552201320358844e-01,-8.064351748909180315e-03,3.195487926448319863e-03,-2.513247766965661864e-02,-9.319140749238239221e-03
1.430000000000000000e+02,2.396424554846933730e-01,-8.050802079904356701e-03,3.251920561157506471e-03,-2.516853822233726737e-02,-8.654532643355583588e-03
1.440000000000000000e+02,2.396539692477243078e-01,-8.036186208835486081e-03,3.507809056528978300e-03,-2.520630714747661497e-02,-9.064542033443383565e-03
1.450000000000000000e+02,2.396364069021611753e-01,-8.023353528135124604e-03,3.079843368086932973e-03,-2.524322048570572588e-02,-8.859201174986326352e-03
1.460000000000000000e+02,2.396301563575276850e-01,-8.010396255201408106e-03,3.109745504091905501e-03,-2.528054064523310371e-02,-8.956838286570904112e-03
1.470000000000000000e+02,2.396131675505412950e-01,-7.998169531987280034e-03,2.934413571390744047e-03,-2.531416476377372493e-02,-8.069788449749419612e-03
1.480000000000000000e+02,2.396288936204804820e-01,-7.984151659124581399e-03,3.364289487047847273e-03,-2.534965137053305645e-02,-8.516785622239793352e-03
1.490000000000000000e+02,2.396111820024959260e-01,-7.972046524946973037e-03,2.905232202625996924e-03,-2.538411705758555209e-02,-8.271764892598806526e-03
1.500000000000000000e+02,2.396066789960474563e-01,-7.959676652161280438e-03,2.968769468566314230e-03,-2.541905010913422455e-02,-8.383932371681010812e-03
1.510000000000000000e+02,2.395891595161391829e-01,-7.948054822663140270e-03,2.789239079553677229e-03,-2.545046129393636197e-02,-7.538684352512564635e-03
1.520000000000000000e+02,2.396040169958636723e-01,-7.934738195028290600e-03,3.195990632364105206e-03,-2.548382648878618623e-02,-8.007646763957532859e-03
1.530000000000000000e+02,2.395871788475427977e-01,-7.923346606086224125e-03,2.733981346095965166e-03,-2.551615848063283273e-02,-7.759678043194767096e-03
1.540000000000000000e+02,2.395835223789859747e-01,-7.911647562286404020e-03,2.807770511956970104e-03,-2.554896804801439977e-02,-7.874296171576001049e-03
1.550000000000000000e+02,2.395663711263348594e-01,-7.900674260685263198e-03,2.633592384273978227e-03,-2.557830737285742354e-02,-7.041437962325551060e-03
1.560000000000000000e+02,2.395807058386879851e-01,-7.888029666926628033e-03,3.034702502072266807e-03,-2.560991823867647330e-02,-7.586607796571915620e-03
1.570000000000000000e+02,2.395633619435247330e-01,-7.877481209178501323e-03,2.531629859550519820e-03,-2.564042549131165596e-02,-7.321740632443911670e-03
1.580000000000000000e+02,2.395606197595636089e-01,-7.866528591213388377e-03,2.628628311627170290e-03,-2.567147620964207663e-02,-7.452172399301197972e-03
1.590000000000000000e+02,2.395439897859428791e-01,-7.856329671000149978e-03,2.447740851177328172e-03,-2.569898333085943176e-02,-6.601709092165402790e-03
1.600000000000000000e+02,2.395587527980150844e-01,-7.844351721794200205e-03,2.874707809427980154e-03,-2.572847070164798258e-02,-7.076968989251836151e-03
1.610000000000000000e+02,2.395432101234789557e-01,-7.834276341942699243e-03,2.418091164360328983e-03,-2.575691596733182751e-02,-6.826863764122713743e-03
1.620000000000000000e+02,2.395408993606018833e-01,-7.823831364083207868e-03,2.506794686277994191e-03,-2.578584093945991002e-02,-6.941993310740119001e-03
1.630000000000000000e+02,2.395312730180477467e-01,-7.814164795210061173e-03,2.319976529555072605e-03,-2.581446872985709157e-02,-6.870669695323387664e-03
1.640000000000000000e+02,2.395197376645583354e-01,-7.804575808188492052e-03,2.301356885176560584e-03,-2.583997199315607451e-02,-6.120783191755657660e-03
1.650000000000000000e+02,2.395322931909039665e-01,-7.793492185999170013e-03,2.660069325437259321e-03,-2.586713596717013161e-02,-6.519353763373788961e-03
1.660000000000000000e+02,2.395187561193817538e-01,-7.784047351161653243e-03,2.266760361004050914e-03,-2.589339921260712385e-02,-6.303178904878113838e-03
1.670000000000000000e+02,2.395164763409228792e-01,-7.774323699028965438e-03,2.333676511845169787e-03,-2.592006283778566442e-02,-6.399270042849823821e-03
1.680000000000000000e+02,2.395081198419720669e-01,-7.765286991441320251e-03,2.168809821034792511e-03,-2.594646488705744033e-02,-6.336491825226043401e-03
1.690000000000000000e+02,2.394966184834576572e-01,-7.756317631660496030e-03,2.152646347397826031e-03,-2.596982693338748677e-02,-5.606891119211529668e-03
1.700000000000000000e+02,2.395088105793360400e-01,-7.745911986944027661e-03,2.497354731952318441e-03,-2.599528112398724958e-02,-6.109005743942998168e-03
1.710000000000000000e+02,2.394944108515160153e-01,-7.737375486822521860e-03,2.048760029161363159e-03,-2.601973962025812617e-02,-5.870039105010172072e-03
1.720000000000000000e+02,2.394931101021815500e-01,-7.728439222014202303e-03,2.144703553996678801e-03,-2.604468645537519333e-02,-5.987240428096356551e-03
1.730000000000000000e+02,2.394846624998723250e-01,-7.720224253560391790e-03,1.971592428914601194e-03,-2.606934958716898218e-02,-5.919151630509581277e-03
1.740000000000000000e+02,2.394742175032966158e-01,-7.712034997467274999e-03,1.965421462348014656e-03,-2.609091389244630813e-02,-5.175433266558305059e-03
1.750000000000000000e+02,2.394862759653050566e-01,-7.702312152051089822e-03,2.333482899884405277e-03,-2.611415998678542211e-02,-5.579062641387657479e-03
1.760000000000000000e+02,2.394739980846516958e-01,-7.694185487262797038e-03,1.950399549190364422e-03,-2.613650747901994156e-02,-5.363398136284288666e-03
1.770000000000000000e+02,2.394728444184858474e-01,-7.685723601125391859e-03,2.030852672977225253e-03,-2.615925034022808029e-02,-5.458286689953672013e-03
1.780000000000000000e+02,2.394658050932959026e-01,-7.677903734261610526e-03,1.876768047307535289e-03,-2.618172536367635930e-02,-5.394005627586844799e-03
1.790000000000000000e+02,2.394616905383048222e-01,-7.670196925357916813e-03,1.849634136886467613e-03,-2.620431118115591762e-02,-5.420596195093989322e-03
1.800000000000000000e+02,2.394496145683082666e-01,-7.662782866266133405e-03,1.779374182028030252e-03,-2.622363201495653967e-02,-4.637000112148967693e-03
1.810000000000000000e+02,2.394624832977450546e-01,-7.653702108782027731e-03,2.179381796185291074e-03,-2.624500016437038286e-02,-5.128355859322466723e-03
1.820000000000000000e+02,2.394495327673756835e-01,-7.646427182570472540e-03,1.745982290773317189e-03,-2.626535000150472324e-02,-4.883960912241645629e-03
1.830000000000000000e+02,2.394494602139142225e-01,-7.638689376323244858e-03,1.857073499334590053e-03,-2.628618189138874628e-02,-4.999653572165808392e-03
1.840000000000000000e+02,2.394425675012119836e-01,-7.631621864117846613e-03,1.696202929295662727e-03,-2.630671229029233824e-02,-4.927295736861677516e-03
1.850000000000000000e+02,2.394391552160149983e-01,-7.624615219774617293e-03,1.681594642375084563e-03,-2.632737987178362937e-02,-4.960219557909975249e-03
1.860000000000000000e+02,2.394275237067988171e-01,-7.617886295549098144e-03,1.614941814124557862e-03,-2.634479220582175776e-02,-4.178960169150565743e-03
1.870000000000000000e+02,2.394403388240675667e-01,-7.609469480318390745e-03,2.020035655369700669e-03,-2.636434079440552400e-02,-4.691661260104266866e-03
1.880000000000000000e+02,2.394276151102570915e-01,-7.602886820449026098e-03,1.579838368647464627e-03,-2.638285492669318472e-02,-4.443391749038903479e-03
1.890000000000000000e+02,2.394281148820165683e-01,-7.595795088152120823e-03,1.702015751257232937e-03,-2.640186613760385839e-02,-4.562690618561712590e-03
1.900000000000000000e+02,2.394216508361466655e-01,-7.589361861672292743e-03,1.543974355158718448e-03,-2.642057083655903471e-02,-4.489127749242047619e-03
1.910000000000000000e+02,2.394187925119148075e-01,-7.582960928934086471e-03,1.536223857169564033e-03,-2.643941686448237488e-02,-4.523046701601348384e-03
1.920000000000000000e+02,2.394085720932687678e-01,-7.576797286387586088e-03,1.479274211160133906e-03,-2.645546535399481702e-02,-3.851637482986130026e-03
1.930000000000000000e+02,2.394196959572856553e-01,-7.569242912841550076e-03,1.813049651048616664e-03,-2.647372576826079182e-02,-4.382499423834144633e-03
1.940000000000000000e+02,2.394067908143875933e-01,-7.563502626934598579e-03,1.377668617668404132e-03,-2.649101805911023913e-02,-4.150149803867138332e-03
1.950000000000000000e+02,2.394074776238131197e-01,-7.557259101149395482e-03,1.498446188448844052e-03,-2.650883038442263320e-02,-4.274958074974636452e-03
1.960000000000000000e+02,2.394009547024187612e-01,-7.551643507214753082e-03,1.347742544314203600e-03,-2.652637239591582388e-02,-4.210082758366126381e-03
1.970000000000000000e+02,2.393923220138848007e-01,-7.545961327984036966e-03,1.363723015371942279e-03,-2.654085251111292301e-02,-3.475227647303701529e-03
1.980000000000000000e+02,2.394034560179933713e-01,-7.538675409229908531e-03,1.748620500990866189e-03,-2.655710165053915342e-02,-3.899793462295485669e-03
1.990000000000000000e+02,2.393929746586749008e-01,-7.532941343367688045e-03,1.376175806933005105e-03,-2.657243364471571084e-02,-3.679678602373586804e-03
2.000000000000000000e+02,2.393936161004334984e-01,-7.526760300318968006e-03,1.483450331692886355e-03,-2.658817288555120201e-02,-3.777417800518185521e-03
2.010000000000000000e+02,2.393885485406370695e-01,-7.521138340537306816e-03,1.349270347598640262e-03,-2.660362789224223271e-02,-3.709201605846977699e-03
2.020000000000000000e+02,2.393864945176877035e-01,-7.515536640403156464e-03,1.344408032196062501e-03,-2.661918311088446593e-02,-3.733252474135837634e-03
2.030000000000000000e+02,2.393826676814320431e-01,-7.510240174331539280e-03,1.271151857188192050e-03,-2.663465796317673884e-02,-3.713964550145356942e-03
2.040000000000000000e+02,2.393796617560464413e-01,-7.505093624595312977e-03,1.235171936694293496e-03,-2.665017052377880238e-02,-3.723014544495178730e-03
2.050000000000000000e+02,2.393727729455868147e-01,-7.500051501546338949e-03,1.210109531753691438e-03,-2.666385265580402397e-02,-3.283711686052849001e-03
2.060000000000000000e+02,2.393793297601486958e-01,-7.494200429699327676e-03,1.404257243282714621e-03,-2.667910791257969982e-02,-3.661261626161843585e-03
2.070000000000000000e+02,2.393694675231549662e-01,-7.489640617308022941e-03,1.094354973913148335e-03,-2.669372287946809863e-02,-3.507592053216037394e-03
2.080000000000000000e+02,2.393645520571311691e-01,-7.484646942365590257e-03,1.198481986183832018e-03,-2.670612048506234779e-02,-2.975425342619567991e-03
2.090000000000000000e+02,2.393730657112421445e-01,-7.478631573977156076e-03,1.443688413224300743e-03,-2.672043637244718439e-02,-3.435812972360508845e-03
2.100000000000000000e+02,2.393624533411970456e-01,-7.474155188895049463e-03,1.074332419705492474e-03,-2.673394589638716096e-02,-3.242285745594100481e-03
2.110000000000000000e+02,2.393633785919130619e-01,-7.469244148180742733e-03,1.178649771433636952e-03,-2.674789325837301918e-02,-3.347366876606188736e-03
2.120000000000000000e+02,2.393583286530049925e-01,-7.464855563417402418e-03,1.053260343201685260e-03,-2.676162437496548002e-02,-3.295467982190447738e-03
2.130000000000000000e+02,2.393513311021132905e-01,-7.460362876425671516e-03,1.078244878015417654e-03,-2.677282160847399214e-02,-2.687336042042690748e-03
2.140000000000000000e+02,2.393613336353581644e-01,-7.454598055447827533e-03,1.383557034682559011e-03,-2.678610320875428330e-02,-3.187584067269748182e-03
2.150000000000000000e+02,2.393503434752720094e-01,-7.450489738912440159e-03,9.859959684930463212e-04,-2.679849943404761375e-02,-2.975094070399125941e-03
2.160000000000000000e+02,2.393518573916759151e-01,-7.445885452269675013e-03,1.105028794263714781e-03,-2.681138904510783211e-02,-3.093506654452011020e-03
2.170000000000000000e+02,2.393468817669129889e-01,-7.441831961758269692e-03,9.728377227371823267e-04,-2.682403196089049383e-02,-3.034299787838696909e-03
2.180000000000000000e+02,2.393453828113715487e-01,-7.437755450396942719e-03,9.783627267184004991e-04,-2.683683337484137413e-02,-3.072339348211383658e-03
2.190000000000000000e+02,2.393358697953995862e-01,-7.433855059022316178e-03,9.360939299104282119e-04,-2.684642923945704251e-02,-2.303007507760774109e-03
2.200000000000000000e+02,2.393478680350031584e-01,-7.428186761010958060e-03,1.360391522725960031e-03,-2.685820068336268809e-02,-2.825146537355265053e-03
2.210000000000000000e+02,2.393371201728855535e-01,-7.424264860590351449e-03,9.412561009456801072e-04,-2.686894167194502081e-02,-2.577837259759810373e-03
2.220000000000000000e+02,2.393393116740124837e-01,-7.419742761280619277e-03,1.085303834335717621e-03,-2.688019537556478669e-02,-2.700888868743483648e-03
2.230000000000000000e+02,2.393348425917532774e-01,-7.415790937978854538e-03,9.484375924236006271e-04,-2.689113778418253387e-02,-2.626178068258920931e-03
2.240000000000000000e+02,2.393339623009336781e-01,-7.411779825423634241e-03,9.626670132529255080e-04,-2.690221915198938787e-02,-2.659528273645077063e-03
2.250000000000000000e+02,2.393311176235865256e-01,-7.408038043375229226e-03,8.980276916172909166e-04,-2.691322241271560528e-02,-2.640782574291933391e-03
2.260000000000000000e+02,2.393292283871109871e-01,-7.404395853402872922e-03,8.741255933656128397e-04,-2.692427525291280974e-02,-2.652681647328718889e-03
2.270000000000000000e+02,2.393267726041509724e-01,-7.400933244111793444e-03,8.310262298590951995e-04,-2.693532828691885816e-02,-2.652728161451971180e-03
2.280000000000000000e+02,2.393245025446613938e-01,-7.397608835977831192e-03,7.978579521509385122e-04,-2.694642474907679372e-02,-2.663150917904663281e-03
2.290000000000000000e+02,2.393160496569040896e-01,-7.394340271627308434e-03,7.844554441254114521e-04,-2.695441502477444878e-02,-1.917666167437621222e-03
2.300000000000000000e+02,2.393277838581336636e-01,-7.389346193342942112e-03,1.198578788247967389e-03,-2.696459126310024948e-02,-2.442297198191950222e-03
2.310000000000000000e+02,2.393173850798835378e-01,-7.386072370090854267e-03,7.857175805010932794e-04,-2.697375409595382037e-02,-2.199079884857368852e-03
2.320000000000000000e+02,2.393198885767348350e-01,-7.382180747179049006e-03,9.339894988332118030e-04,-2.698343772079260863e-02,-2.324069961308767619e-03
2.330000000000000000e+02,2.393157391264499612e-01,-7.378837540857270498e-03,8.023695172268061320e-04,-2.699281505710622586e-02,-2.250560715268148503e-03
2.340000000000000000e+02,2.393152081481312865e-01,-7.375409344384640034e-03,8.227671534313125415e-04,-2.700233621816442234e-02,-2.285078653966764271e-03
2.350000000000000000e+02,2.393126884979881186e-01,-7.372233266002006617e-03,7.622588118320894335e-04,-2.701177903203214395e-02,-2.266275328253505861e-03
2.360000000000000000e+02,2.393111913291366966e-01,-7.369129288119611806e-03,7.449546917746661251e-04,-2.702127406459539985e-02,-2.278807815181225355e-03
2.370000000000000000e+02,2.393090976628216848e-01,-7.366186053440290649e-03,7.063763230371544136e-04,-2.703076353870114898e-02,-2.277473785379737284e-03
2.380000000000000000e+02,2.393072496134372729e-01,-7.363358044375411735e-03,6.787221755708870230e-04,-2.704029780882595199e-02,-2.288224829952613306e-03
2.390000000000000000e+02,2.393051646626163376e-01,-7.360563540281039180e-03,6.706809826494210302e-04,-2.704961902985458799e-02,-2.237093046872345743e-03
2.400000000000000000e+02,2.392994373307219536e-01,-7.357734973640461980e-03,6.788559937386181046e-04,-2.705669812759676357e-02,-1.698983458122241795e-03
2.410000000000000000e+02,2.393086583681921786e-01,-7.353741978523769401e-03,9.583188280061776150e-04,-2.706574293372508710e-02,-2.170753470797863894e-03
2.420000000000000000e+02,2.392991412666178042e-01,-7.351238707734734056e-03,6.007849893685181415e-04,-2.707398372442537324e-02,-1.977789768068843098e-03
2.430000000000000000e+02,2.393012867210823902e-01,-7.348232455807369827e-03,7.215004625673744057e-04,-2.708269130948739653e-02,-2.089820414885358319e-03
2.440000000000000000e+02,2.392974778516341050e-01,-7.345686987134053894e-03,6.109124815958193438e-04,-2.709118086330467370e-02,-2.037492916146388909e-03
2.450000000000000000e+02,2.392968781650461341e-01,-7.343079126756810529e-03,6.258864905383472238e-04,-2.709982465787040898e-02,-2.074510695776217786e-03
2.460000000000000000e+02,2.392944777823039215e-01,-7.340684038655099185e-03,5.748211444107296760e-04,-2.710843809059737888e-02,-2.067223854473181424e-03
2.470000000000000000e+02,2.392869732268377847e-01,-7.338253978718705349e-03,5.832143847345790241e-04,-2.711396085989443983e-02,-1.325464631294978254e-03
2.480000000000000000e+02,2.392980015770408975e-01,-7.334073369140917467e-03,1.003346298669042201e-03,-2.712159493987422246e-02,-1.832179195147578838e-03
2.490000000000000000e+02,2.392884500540079507e-01,-7.331536055084773157e-03,6.089553734747209842e-04,-2.712822958388371244e-02,-1.592314562277774093e-03
2.500000000000000000e+02,2.392912342416842197e-01,-7.328365283067704572e-03,7.609852840963584643e-04,-2.713536027619810678e-02,-1.711366155454545693e-03
2.510000000000000000e+02,2.392877112429693531e-01,-7.325698890545986192e-03,6.399342052125009525e-04,-2.714218070934162202e-02,-1.636903954443686944e-03
2.520000000000000000e+02,2.392876170091441101e-01,-7.322919694518916986e-03,6.670070464966175970e-04,-2.714912254151336662e-02,-1.666039721219012698e-03
2.530000000000000000e+02,2.392857133975425932e-01,-7.320349543975360716e-03,6.168361304534501809e-04,-2.715596558803545085e-02,-1.642331165300076924e-03
2.540000000000000000e+02,2.392847837892141116e-01,-7.317818575480988623e-03,6.074324386493526072e-04,-2.716283801893900479e-02,-1.649383416852841667e-03
2.550000000000000000e+02,2.392833536836349584e-01,-7.315412637378509650e-03,5.774251445949436659e-04,-2.716968538896352703e-02,-1.643368805885469771e-03
2.560000000000000000e+02,2.392821567258580640e-01,-7.313089642398842502e-03,5.575187951200982458e-04,-2.717654257335403237e-02,-1.645724253721408785e-03
2.570000000000000000e+02,2.392808291505591489e-01,-7.310871411499886285e-03,5.323754157494168518e-04,-2.718340592520972904e-02,-1.647204445366812209e-03
2.580000000000000000e+02,2.392795257412592969e-01,-7.308747738815867846e-03,5.096814441643254378e-04,-2.719028242567446407e-02,-1.650360111536352875e-03
2.590000000000000000e+02,2.392782199422355816e-01,-7.306715411979200839e-03,4.877584408000535505e-04,-2.719718182483106539e-02,-1.655855797583955609e-03
2.600000000000000000e+02,2.392768691438985629e-01,-7.304777522333144764e-03,4.650935150535346263e-04,-2.720411077814781711e-02,-1.662948796020802256e-03
2.610000000000000000e+02,2.392755009573593883e-01,-7.302930890716509242e-03,4.431915879924392494e-04,-2.721107822055728390e-02,-1.672186178272362569e-03
2.620000000000000000e+02,2.392706100338167219e-01,-7.301052495811813196e-03,4.508147771269711834e-04,-2.721615965093808834e-02,-1.219543291393013033e-03
2.630000000000000000e+02,2.392784310860040231e-01,-7.298198290158320646e-03,6.850093568381391022e-04,-2.722290139307542017e-02,-1.618018112959622272e-03
2.640000000000000000e+02,2.392704781273371772e-01,-7.296576115894763334e-03,3.893218232537835389e-04,-2.722898602246618185e-02,-1.460311053782603966e-03
2.650000000000000000e+02,2.392725100314334608e-01,-7.294523337706409517e-03,4.926667652048322263e-04,-2.723547639771255191e-02,-1.557690059129203516e-03
2.660000000000000000e+02,2.392694475632723694e-01,-7.292847216206027779e-03,4.022691600916923648e-04,-2.724179711573286589e-02,-1.516972324875660990e-03
2.670000000000000000e+02,2.392691564812112481e-01,-7.291104530548343614e-03,4.182445578441012775e-04,-2.724825960313086159e-02,-1.550996975519005217e-03
2.680000000000000000e+02,2.392621331161149389e-01,-7.289409430572975010e-03,4.068239940885577319e-04,-2.725194628727824891e-02,-8.848041953728032162e-04
2.690000000000000000e+02,2.392731204453025229e-01,-7.286155502861608145e-03,7.809426507280236218e-04,-2.725785223288398895e-02,-1.417426945377303626e-03
2.700000000000000000e+02,2.392633884261866628e-01,-7.284553759435345374e-03,3.844184223030928634e-04,-2.726279749303538863e-02,-1.186862436335802892e-03
2.710000000000000000e+02,2.392666823600519965e-01,-7.282296693874285021e-03,5.416957346545114025e-04,-2.726826229779181696e-02,-1.311553141542404557e-03
2.720000000000000000e+02,2.392633708435399353e-01,-7.280512348503955129e-03,4.282428888791615842e-04,-2.727344159793599829e-02,-1.243032034603510846e-03
2.730000000000000000e+02,2.392636219489043814e-01,-7.278592635503577241e-03,4.607311200906474185e-04,-2.727876036967322865e-02,-1.276505216935341913e-03
2.740000000000000000e+02,2.392620012019279208e-01,-7.276855665955490014e-03,4.168726915409902596e-04,-2.728400722425587330e-02,-1.259245099834787772e-03
2.750000000000000000e+02,2.392613432336398172e-01,-7.275140146302499881e-03,4.117247167177335329e-04,-2.728930087129555898e-02,-1.270475289524225417e-03
2.760000000000000000e+02,2.392601749322237070e-01,-7.273527697375162075e-03,3.869877425610719168e-04,-2.729458653353940278e-02,-1.268558938522920329e-03
2.770000000000000000e+02,2.392593017917683251e-01,-7.271966437919731227e-03,3.747022693034044241e-04,-2.729990064160908725e-02,-1.275385936724393989e-03
2.780000000000000000e+02,2.392582364000042927e-01,-7.270487285159402124e-03,3.549966624790121868e-04,-2.730523316048228885e-02,-1.279804529568753487e-03
2.790000000000000000e+02,2.392572340029174849e-01,-7.269076290868070264e-03,3.386386299196675266e-04,-2.731059692679916814e-02,-1.287303916050657263e-03
2.800000000000000000e+02,2.392561787276758223e-01,-7.267738816587161754e-03,3.209938274180041155e-04,-2.731599586494280751e-02,-1.295745154473121634e-03
2.810000000000000000e+02,2.392496412242803294e-01,-7.266357299118275485e-03,3.315641925326195797e-04,-2.731854484277648418e-02,-6.117546800822868704e-04
2.820000000000000000e+02,2.392604821315391372e-01,-7.263354531639442183e-03,7.206641949200016722e-04,-2.732331966167916848e-02,-1.145956536643931607e-03
2.830000000000000000e+02,2.392510188582964437e-01,-7.262001736583216863e-03,3.246708134939968221e-04,-2.732711190942736790e-02,-9.101394595677810961e-04
2.840000000000000000e+02,2.392544399134164390e-01,-7.259973672689091356e-03,4.867353345900783754e-04,-2.733141597329240280e-02,-1.032975327608249552e-03
2.850000000000000000e+02,2.392513411585574790e-01,-7.258412271612043297e-03,3.747362584916143690e-04,-2.733542059633638222e-02,-9.611095305549796457e-04
2.860000000000000000e+02,2.392517774197661651e-01,-7.256698061637370349e-03,4.114103939215067078e-04,-2.733955541895737376e-02,-9.923574290378218976e-04
2.870000000000000000e+02,2.392503779291226262e-01,-7.255150823180630572e-03,3.713372296175607092e-04,-2.734359811641320220e-02,-9.702473893988597647e-04
2.880000000000000000e+02,2.392499461822672202e-01,-7.253604795103550142e-03,3.710467384993001625e-04,-2.734766910195473438e-02,-9.770365299678095746e-04
2.890000000000000000e+02,2.392490304300194104e-01,-7.252143546152388896e-03,3.506997482787643067e-04,-2.735171247625891103e-02,-9.704098330020205368e-04
2.900000000000000000e+02,2.392483819254166422e-01,-7.250722935701101914e-03,3.409465083089776032e-04,-2.735576471662267209e-02,-9.725376873028225002e-04
2.910000000000000000e+02,2.392475822452851397e-01,-7.249368893512603274e-03,3.249701252396630419e-04,-2.735981155605343718e-02,-9.712414633835405979e-04
2.920000000000000000e+02,2.392468874132007428e-01,-7.248062976320611590e-03,3.134201260780792014e-04,-2.736386773525216823e-02,-9.734830076957180084e-04
2.930000000000000000e+02,2.392461181688048111e-01,-7.246818441062549687e-03,2.986884619348576853e-04,-2.736793073393907136e-02,-9.751196848568916692e-04
2.940000000000000000e+02,2.392453904273310894e-01,-7.245629327710429064e-03,2.853872045090038176e-04,-2.737201279873345550e-02,-9.796955506524635589e-04
2.950000000000000000e+02,2.392446411548909690e-01,-7.244496232967114792e-03,2.719427383953498616e-04,-2.737611304108224231e-02,-9.840581637086858249e-04
2.960000000000000000e+02,2.392438838374233434e-01,-7.243419706207904728e-03,2.583664222104601151e-04,-2.738023710450004228e-02,-9.897752202719040451e-04
2.970000000000000000e+02,2.392431077977960618e-01,-7.242400244657129157e-03,2.446707721861822384e-04,-2.738438719696247026e-02,-9.960221909825085068e-04
2.980000000000000000e+02,2.392423448534056474e-01,-7.241432321995358232e-03,2.323014388249896624e-04,-2.738856776359053710e-02,-1.003335990736057594e-03
2.990000000000000000e+02,2.392415400143465265e-01,-7.240522930091733769e-03,2.182540568699081437e-04,-2.739278753059787644e-02,-1.012744081761223977e-03
3.000000000000000000e+02,2.392354710834049270e-01,-7.239547695082094135e-03,2.340564023134900952e-04,-2.739425167884970355e-02,-3.513955804383645876e-04
3.010000000000000000e+02,2.392460738759049910e-01,-7.236998362680435726e-03,6.118397763981088706e-04,-2.739791761826494698e-02,-8.798254596581205804e-04
3.020000000000000000e+02,2.392368869278709287e-01,-7.236059206917969285e-03,2.253973829918425151e-04,-2.740062123971686789e-02,-6.488691484609518086e-04
3.030000000000000000e+02,2.392404381160849192e-01,-7.234444746662550829e-03,3.874704613003294800e-04,-2.740383174298182539e-02,-7.705207835901479703e-04
3.040000000000000000e+02,2.392375787809672416e-01,-7.233267014618950837e-03,2.826556904640278953e-04,-2.740674637559179644e-02,-6.995118263926967776e-04
3.050000000000000000e+02,2.392381679117505655e-01,-7.231927400451163522e-03,3.215074002689369292e-04,-2.740978792975155495e-02,-7.299729983419021590e-04
3.060000000000000000e+02,2.392369650476227072e-01,-7.230740598334549699e-03,2.848325079872890062e-04,-2.741274205734176711e-02,-7.089906216505373077e-04
3.070000000000000000e+02,2.392367044802529430e-01,-7.229542220963268775e-03,2.876105691073839866e-04,-2.741572109356985032e-02,-7.149686947400799887e-04
3.080000000000000000e+02,2.392359882414953620e-01,-7.228411100484279442e-03,2.714689149573499259e-04,-2.741867031899745261e-02,-7.078141026244645596e-04
3.090000000000000000e+02,2.392355021007383786e-01,-7.227310778696752723e-03,2.640772290064515374e-04,-2.742162226725858992e-02,-7.084675826729056438e-04
3.100000000000000000e+02,2.392349268737072876e-01,-7.226256180152150488e-03,2.531036507044947550e-04,-2.742456657693127797e-02,-7.066343214450494358e-04
3.110000000000000000e+02,2.392343881853823961e-01,-7.225242845698311503e-03,2.432002689214235978e-04,-2.742751141865897024e-02,-7.067620146461575442e-04
3.120000000000000000e+02,2.392338420370496155e-01,-7.224272733327639397e-03,2.328269689613897723e-04,-2.743045860665237548e-02,-7.073251184176659401e-04
3.130000000000000000e+02,2.392333189447077846e-01,-7.223341634643736311e-03,2.234636841367885866e-04,-2.743341235795567282e-02,-7.089003127913001776e-04
3.140000000000000000e+02,2.392327757391120580e-01,-7.222451728798262582e-03,2.135774029136181646e-04,-2.743637075171403983e-02,-7.100145020081601076e-04
3.150000000000000000e+02,2.392322682531357325e-01,-7.221599020091546903e-03,2.046500896116928362e-04,-2.743934411810909982e-02,-7.136079348142584456e-04
3.160000000000000000e+02,2.392317113738872125e-01,-7.220791859617184567e-03,1.937185138468838839e-04,-2.744233086187196358e-02,-7.168185030872583014e-04
3.170000000000000000e+02,2.392312053311818620e-01,-7.220019848750067019e-03,1.852826081081518795e-04,-2.744533718879894890e-02,-7.215184624763348832e-04
3.180000000000000000e+02,2.392306518953489780e-01,-7.219291550095716450e-03,1.747916770440905104e-04,-2.744836428724308289e-02,-7.265036265922618884e-04
3.190000000000000000e+02,2.392301123332647717e-01,-7.218602731553472492e-03,1.653164501384961262e-04,-2.745141552182374031e-02,-7.322962993581385487e-04
3.200000000000000000e+02,2.392295898213667449e-01,-7.217949583768128001e-03,1.567554684826934067e-04,-2.745449688281532616e-02,-7.395266379803821805e-04
3.210000000000000000e+02,2.392290044901669577e-01,-7.217340626340093546e-03,1.461497827282338307e-04,-2.745760588044272865e-02,-7.461594305764417253e-04
3.220000000000000000e+02,2.392284487646350877e-01,-7.216771607502453154e-03,1.365645210336043254e-04,-2.746075523456549886e-02,-7.558449894646082114e-04
3.230000000000000000e+02,2.392236835647484905e-01,-7.216119700315749841e-03,1.564577248087550983e-04,-2.746167292443722416e-02,-2.202455692136590527e-04
3.240000000000000000e+02,2.392327793517127488e-01,-7.214223533450507368e-03,4.550800476581820476e-04,-2.746449602301541740e-02,-6.775436587667060763e-04
3.250000000000000000e+02,2.392247353932122067e-01,-7.213693436289057154e-03,1.272233187480724631e-04,-2.746651950390220989e-02,-4.856354128301762886e-04
3.260000000000000000e+02,2.392279581893220208e-01,-7.212584626439761358e-03,2.661143638310278260e-04,-2.746898776540187756e-02,-5.923827599201385557e-04
3.270000000000000000e+02,2.392255084745836535e-01,-7.211844306216764859e-03,1.776768535191220627e-04,-2.747121867287114980e-02,-5.354177926252948801e-04
3.280000000000000000e+02,2.392260942795468304e-01,-7.210964234483772071e-03,2.112172159182823387e-04,-2.747356746484279702e-02,-5.637100731951473530e-04
3.290000000000000000e+02,2.392251045717813107e-01,-7.210209137383553728e-03,1.812233040523266608e-04,-2.747585367484594102e-02,-5.486904007542286370e-04
3.300000000000000000e+02,2.392249642022247214e-01,-7.209435294419043981e-03,1.857223114822617312e-04,-2.747817231743522950e-02,-5.564742214295316644e-04
3.310000000000000000e+02,2.392243715930520986e-01,-7.208722270187453013e-03,1.711258155818686682e-04,-2.748048044453683600e-02,-5.539505043859364397e-04
3.320000000000000000e+02,2.392240306904310776e-01,-7.208028275037769474e-03,1.665588359240143348e-04,-2.748280808150758980e-02,-5.586328729807555965e-04
3.330000000000000000e+02,2.392235517790484434e-01,-7.207375380211367838e-03,1.566947583363016597e-04,-2.748514057089812557e-02,-5.597974537285834665e-04
3.340000000000000000e+02,2.392231514762656330e-01,-7.206747625383196944e-03,1.506611587609185416e-04,-2.748748317082364001e-02,-5.622239821236547962e-04
3.350000000000000000e+02,2.392227439933324318e-01,-7.206148564114657658e-03,1.437747044495017116e-04,-2.748984203987820882e-02,-5.661285730967492540e-04
3.360000000000000000e+02,2.392223140355406730e-01,-7.205581399782259346e-03,1.361194397755763363e-04,-2.749221696262129852e-02,-5.699814583412346524e-04
3.370000000000000000e+02,2.392218770336945466e-01,-7.205049035326023185e-03,1.277674694965862871e-04,-2.749461448408186889e-02,-5.754051505371397986e-04
3.380000000000000000e+02,2.392214440445206702e-01,-7.204548103438995071e-03,1.202236528867872808e-04,-2.749703377201825893e-02,-5.806291047335602985e-04
3.390000000000000000e+02,2.392210200001501086e-01,-7.204075569816319018e-03,1.134080694423441504e-04,-2.749947691183212209e-02,-5.863535553272289326e-04
3.400000000000000000e+02,2.392205812043610158e-01,-7.203634688479496062e-03,1.058115208374271900e-04,-2.750194971632579852e-02,-5.934730784826302945e-04
3.410000000000000000e+02,2.392177681985767912e-01,-7.203103230143789205e-03,1.275500005697109284e-04,-2.750305868060803557e-02,-2.661514277372378345e-04
3.420000000000000000e+02,2.392233449155337921e-01,-7.201863980291025626e-03,2.974199646632431047e-04,-2.750536235842898636e-02,-5.528826770283103501e-04
3.430000000000000000e+02,2.392180313831662186e-01,-7.201483862941955583e-03,9.122816377679453638e-05,-2.750719181472346259e-02,-4.390695106743007460e-04
3.440000000000000000e+02,2.392200091570515219e-01,-7.200755095059939610e-03,1.749042916839092083e-04,-2.750930646145149927e-02,-5.075152147285528050e-04
3.450000000000000000e+02,2.392183304343349914e-01,-7.200261694910769887e-03,1.184160358006862402e-04,-2.751128551204290104e-02,-4.749721419360690097e-04
3.460000000000000000e+02,2.392186285128642120e-01,-7.199687780725859583e-03,1.377394043785195514e-04,-2.751335202193331414e-02,-4.959623736988972046e-04
3.470000000000000000e+02,2.392178969380817366e-01,-7.199196661273579885e-03,1.178686685471337810e-04,-2.751539217692626146e-02,-4.896371983075814170e-04
3.480000000000000000e+02,2.392176797691860091e-01,-7.198708547023714363e-03,1.171474199676655377e-04,-2.751746882392233987e-02,-4.983952790590024697e-04
3.490000000000000000e+02,2.392172222018206507e-01,-7.198259036688597727e-03,1.078824804280151142e-04,-2.751955384921475622e-02,-5.004060701802007412e-04
3.500000000000000000e+02,2.392168722970646755e-01,-7.197832441738378877e-03,1.023827880524367118e-04,-2.752166494600521290e-02,-5.066632297093929703e-04
3.510000000000000000e+02,2.392164575907306245e-01,-7.197438519330671795e-03,9.454137784974019965e-05,-2.752379854490649702e-02,-5.120637363080019757e-04
3.520000000000000000e+02,2.392127738717397811e-01,-7.196942184826622332e-03,1.191202809718770424e-04,-2.752410248845499688e-02,-7.294645163991269991e-05
3.530000000000000000e+02,2.392201522575906070e-01,-7.195448676764849144e-03,3.584419348255327717e-04,-2.752598271820433026e-02,-4.512551398398752635e-04
3.540000000000000000e+02,2.392134183760508681e-01,-7.195083457808178207e-03,8.765254960104823219e-05,-2.752720305844963064e-02,-2.928816588721706794e-04
3.550000000000000000e+02,2.392161474376248986e-01,-7.194235807872276234e-03,2.034359846164282050e-04,-2.752878073118660701e-02,-3.786414568745475077e-04
3.560000000000000000e+02,2.392141385965896316e-01,-7.193688096048616275e-03,1.314508376783933357e-04,-2.753015542742724697e-02,-3.299270977537765233e-04
3.570000000000000000e+02,2.392146955486195714e-01,-7.193016483356972496e-03,1.611870459945451682e-04,-2.753162470609755996e-02,-3.526268808749594900e-04
3.580000000000000000e+02,2.392139077678174242e-01,-7.192442281217123652e-03,1.378085135636850740e-04,-2.753303011180565849e-02,-3.372973699437847731e-04
3.590000000000000000e+02,2.392138416661768185e-01,-7.191848371117809044e-03,1.425384238355574941e-04,-2.753445799248684794e-02,-3.426913634858418513e-04
3.600000000000000000e+02,2.392133972670137942e-01,-7.191296446509854931e-03,1.324619059090858153e-04,-2.753586303368889265e-02,-3.372098884906451414e-04
3.610000000000000000e+02,2.392131748136223091e-01,-7.190752520680920162e-03,1.305421989444361590e-04,-2.753727489520838012e-02,-3.388467646771905063e-04
3.620000000000000000e+02,2.392128068846187672e-01,-7.190239717081555772e-03,1.230728638474937306e-04,-2.753867522058851131e-02,-3.360780912310910580e-04
3.630000000000000000e+02,2.392125727276971370e-01,-7.189737066221770119e-03,1.206362063484696715e-04,-2.754008100835874523e-02,-3.373890648557424177e-04
3.640000000000000000e+02,2.392122410480523875e-01,-7.189261513903090831e-03,1.141325564830478450e-04,-2.754148290859655471e-02,-3.364560570744886954e-04
3.650000000000000000e+02,2.392119840267364350e-01,-7.188798452692457021e-03,1.111346905520983156e-04,-2.754288520370884452e-02,-3.365508269498795803e-04
3.660000000000000000e+02,2.392116861603532929e-01,-7.188358633917509358e-03,1.055565059874451569e-04,-2.754429096470625143e-02,-3.373826393776728797e-04
3.670000000000000000e+02,2.392114023655621258e-01,-7.187939797409864662e-03,1.005207618347001491e-04,-2.754570235165699696e-02,-3.387328681786115842e-04
3.680000000000000000e+02,2.392111229130372274e-01,-7.187539900059793790e-03,9.597536401693043781e-05,-2.754711797796235290e-02,-3.397503132853656313e-04
3.690000000000000000e+02,2.392108616161510437e-01,-7.187157107997398792e-03,9.187009497490366010e-05,-2.754854274898507760e-02,-3.419450454535210670e-04
3.700000000000000000e+02,2.392105757700290769e-01,-7.186795744431261589e-03,8.672725587294869527e-05,-2.754997563656318496e-02,-3.438930187459842119e-04
3.710000000000000000e+02,2.392103082297326044e-01,-7.186453737997736471e-03,8.208154404597113141e-05,-2.755142160589374445e-02,-3.470326393340212104e-04
3.720000000000000000e+02,2.392100343762466053e-01,-7.186129207683331771e-03,7.788727545722912398e-05,-2.755287552828942360e-02,-3.489413749630716787e-04
3.730000000000000000e+02,2.392097829938191478e-01,-7.185820473008305148e-03,7.409632200632662211e-05,-2.755434519523925624e-02,-3.527200679597967503e-04
3.740000000000000000e+02,2.392095029341949342e-01,-7.185531993406491826e-03,6.923510443520448628e-05,-2.755582912443851548e-02,-3.561430078218585666e-04
3.750000000000000000e+02,2.392092307203221857e-01,-7.185261813885659467e-03,6.484308499985595177e-05,-2.755732864834235796e-02,-3.598857369225080425e-04
3.760000000000000000e+02,2.392089443093126100e-01,-7.185014161630043535e-03,5.943654134792216245e-05,-2.755884897188876428e-02,-3.648776511375978297e-04
3.770000000000000000e+02,2.392086717121653938e-01,-7.184786874772192480e-03,5.454884588432083346e-05,-2.756039454991614235e-02,-3.709387265706677985e-04
3.780000000000000000e+02,2.392077068117547667e-01,-7.184458132374770337e-03,7.889817538122441117e-05,-2.756136400926587765e-02,-2.326702439360747699e-04
3.790000000000000000e+02,2.392095877044376484e-01,-7.183905122669581936e-03,1.327223292452604439e-04,-2.756279415496753690e-02,-3.432349683979929672e-04
3.800000000000000000e+02,2.392074221188762451e-01,-7.183682970932987050e-03,5.331641678280644406e-05,-2.756405762069589344e-02,-3.032317748052652459e-04
3.810000000000000000e+02,2.392080553527353159e-01,-7.183340913034894082e-03,8.209389554237292604e-05,-2.756543675444318373e-02,-3.309920993492589678e-04
3.820000000000000000e+02,2.392072988685924884e-01,-7.183093920700263195e-03,5.927816031147282051e-05,-2.756677476548178435e-02,-3.211226492644354206e-04
3.830000000000000000e+02,2.392073237395294649e-01,-7.182819149655564860e-03,6.594505072754864650e-05,-2.756815573450822551e-02,-3.314325663456419270e-04
3.840000000000000000e+02,2.392068931668164811e-01,-7.182591086378426436e-03,5.473518651314153704e-05,-2.756954080348630529e-02,-3.324165547394034850e-04
3.850000000000000000e+02,2.392061138981029234e-01,-7.182243861321888426e-03,8.333401356912249530e-05,-2.757038608043508102e-02,-2.028664677058727073e-04
3.860000000000000000e+02,2.392077497768998473e-01,-7.181703736512464083e-03,1.296299542618071891e-04,-2.757165308049944197e-02,-3.040800154468978594e-04
3.870000000000000000e+02,2.392057776602650176e-01,-7.181463093329413551e-03,5.775436393204011942e-05,-2.757276450592755293e-02,-2.667421027464669217e-04
3.880000000000000000e+02,2.392063288299001722e-01,-7.181116073224666323e-03,8.328482513925017784e-05,-2.757397652039434918e-02,-2.908834720307746291e-04
3.890000000000000000e+02,2.392056550830865547e-01,-7.180852410058668166e-03,6.327915983948904487e-05,-2.757515003701398876e-02,-2.816439887139003434e-04
3.900000000000000000e+02,2.392056510890625265e-01,-7.180568337767229137e-03,6.817734994532534333e-05,-2.757636094864109391e-02,-2.906187905054825535e-04
3.910000000000000000e+02,2.392052826447919334e-01,-7.180319665609917121e-03,5.968131775484362327e-05,-2.757756865057097231e-02,-2.898484631709115572e-04
3.920000000000000000e+02,2.392050883585766785e-01,-7.180079040164255404e-03,5.775010695874892666e-05,-2.757879245804063101e-02,-2.937137927184809436e-04
3.930000000000000000e+02,2.392045647748525794e-01,-7.179850301806868333e-03,5.489720577284777614e-05,-2.757988952885461267e-02,-2.632969953558147460e-04
3.940000000000000000e+02,2.392045158171894059e-01,-7.179437748265586963e-03,9.901284990761506362e-05,-2.758062597247749881e-02,-1.767464694928599315e-04
3.950000000000000000e+02,2.392054139823024117e-01,-7.178945943884563335e-03,1.180330514456472889e-04,-2.758169812225532563e-02,-2.573159466788538371e-04
3.960000000000000000e+02,2.392038638270463924e-01,-7.178688884714572345e-03,6.169420079784339566e-05,-2.758265523970896554e-02,-2.297081888733344159e-04
3.970000000000000000e+02,2.392042198938169328e-01,-7.178356694618390904e-03,7.972562308350728834e-05,-2.758368487133187538e-02,-2.471115894983620166e-04
3.980000000000000000e+02,2.392036774913431363e-01,-7.178088226426865108e-03,6.443236596610066769e-05,-2.758468365550934345e-02,-2.397082025926211622e-04
3.990000000000000000e+02,2.392036326441638050e-01,-7.177805531190169751e-03,6.784685680678608410e-05,-2.758570631826831945e-02,-2.454390621543730308e-04
4.000000000000000000e+02,2.392033213112415568e-01,-7.177551860167841365e-03,6.088104535887983509e-05,-2.758672776972001181e-02,-2.451483484057766053e-04
4.010000000000000000e+02,2.392031385235921515e-01,-7.177306455788833375e-03,5.889705096187111162e-05,-2.758776107856482362e-02,-2.479941227546893050e-04
4.020000000000000000e+02,2.392029101071557473e-01,-7.177074494046632031e-03,5.567081812834760745e-05,-2.758879776916177071e-02,-2.488057432669702699e-04
4.030000000000000000e+02,2.392027030797180265e-01,-7.176854681506098822e-03,5.275500972806936891e-05,-2.758984545239476921e-02,-2.514439759193772776e-04
4.040000000000000000e+02,2.392022101380112120e-01,-7.176596935167636401e-03,6.185912123096587727e-05,-2.759065734687955393e-02,-1.948546763483113972e-04
4.050000000000000000e+02,2.392029499514705948e-01,-7.176263379570252399e-03,8.005334337216692304e-05,-2.759171447506212141e-02,-2.537107638163237566e-04
4.060000000000000000e+02,2.392017905385737941e-01,-7.176101312275804875e-03,3.889615066741774590e-05,-2.759269474712657683e-02,-2.352652954695389365e-04
4.070000000000000000e+02,2.392013905613522562e-01,-7.175765158018432288e-03,8.067702176933728249e-05,-2.759316048962550186e-02,-1.117781997422938171e-04
4.080000000000000000e+02,2.392029099018855298e-01,-7.175246434153900905e-03,1.244937274876061688e-04,-2.759402727516001297e-02,-2.080285282825471778e-04
4.090000000000000000e+02,2.392010283177739838e-01,-7.175018564182184498e-03,5.468879321188573029e-05,-2.759474000203510774e-02,-1.710544500229902733e-04
4.100000000000000000e+02,2.392015910968950942e-01,-7.174682486236768665e-03,8.065870689970809377e-05,-2.759553874143965899e-02,-1.916974570922067272e-04
4.110000000000000000e+02,2.392009733794856763e-01,-7.174422115584014326e-03,6.248895666111621235e-05,-2.759628723152322133e-02,-1.796376200553331294e-04
4.120000000000000000e+02,2.392010257500296055e-01,-7.174134422171762372e-03,6.904641894056534688e-05,-2.759706438762352804e-02,-1.865174640738885602e-04
4.130000000000000000e+02,2.392006758245587283e-01,-7.173881849497139307e-03,6.061744190946084641e-05,-2.759782382944210577e-02,-1.822660364585991803e-04
4.140000000000000000e+02,2.392005767130836180e-01,-7.173625102468325805e-03,6.161928691523483714e-05,-2.759859335875426700e-02,-1.846870349186884670e-04
4.150000000000000000e+02,2.392003311227762496e-01,-7.173388506896074754e-03,5.678293734030126938e-05,-2.759935966820010675e-02,-1.839142670016145583e-04
4.160000000000000000e+02,2.392001675318425058e-01,-7.173158139115582560e-03,5.528826731812986109e-05,-2.760012952566673686e-02,-1.847657919909874782e-04
4.170000000000000000e+02,2.391999807023295344e-01,-7.172939380893948030e-03,5.250197319223380815e-05,-2.760090430104652701e-02,-1.859460911498007451e-04
4.180000000000000000e+02,2.391997936764083121e-01,-7.172731101452917146e-03,4.998706584737972809e-05,-2.760168170298254314e-02,-1.865764646440324075e-04
4.190000000000000000e+02,2.391996201115919041e-01,-7.172532289176912143e-03,4.771494624118195776e-05,-2.760246586779348255e-02,-1.881995546255544184e-04
4.200000000000000000e+02,2.391994173371477517e-01,-7.172348008405383425e-03,4.422738516685891262e-05,-2.760325511833769396e-02,-1.894201306104185435e-04
4.210000000000000000e+02,2.391992572995979838e-01,-7.172170871885704541e-03,4.251276472290398779e-05,-2.760405295765344311e-02,-1.914814357796349440e-04
4.220000000000000000e+02,2.391990656061667442e-01,-7.172006172680950135e-03,3.952780914109208985e-05,-2.760485738644636103e-02,-1.930629103002613604e-04
4.230000000000000000e+02,2.391989149290236205e-01,-7.171846729555182709e-03,3.826635018409262285e-05,-2.760567162428509067e-02,-1.954170812951449079e-04
4.240000000000000000e+02,2.391979658067431569e-01,-7.171583867754040970e-03,6.308683227406280372e-05,-2.760587286638755550e-02,-4.829810459177884545e-05
4.250000000000000000e+02,2.391999213879802133e-01,-7.171077339219218347e-03,1.215668483574957790e-04,-2.760654384493126459e-02,-1.610348504903506752e-04
4.260000000000000000e+02,2.391977881488500379e-01,-7.170902006556346443e-03,4.207983908920911347e-05,-2.760702335327996221e-02,-1.150820036872031785e-04
4.270000000000000000e+02,2.391985444247107240e-01,-7.170589112434819917e-03,7.509458916634497957e-05,-2.760760508531017940e-02,-1.396156872523483979e-04
4.280000000000000000e+02,2.391978549289998646e-01,-7.170367287255315428e-03,5.323804308102764453e-05,-2.760812654839884042e-02,-1.251511412788643889e-04
4.290000000000000000e+02,2.391979455636865370e-01,-7.170114057162094504e-03,6.077522237303045782e-05,-2.760867557348875914e-02,-1.317660215802998963e-04
4.300000000000000000e+02,2.391976520791230243e-01,-7.169886272021572249e-03,5.466843372542062234e-05,-2.760920129147410862e-02,-1.261723164840215772e-04
4.310000000000000000e+02,2.391975764362088142e-01,-7.169651556187495341e-03,5.633180017843983156e-05,-2.760973172704681011e-02,-1.273045374485025718e-04
4.320000000000000000e+02,2.391973625377370183e-01,-7.169434503018129456e-03,5.209276064777708712e-05,-2.761025677373411466e-02,-1.260112049533586840e-04
4.330000000000000000e+02,2.391972289443065058e-01,-7.169221428519981579e-03,5.113787955558864900e-05,-2.761078305606408725e-02,-1.263077591931867870e-04
4.340000000000000000e+02,2.391970503460036090e-01,-7.169017912630335637e-03,4.884381351498713847e-05,-2.761130218820272153e-02,-1.245917132724181937e-04
4.350000000000000000e+02,2.391969278158768697e-01,-7.168817048643986480e-03,4.820735672371328655e-05,-2.761182420220537753e-02,-1.252833606372708193e-04
4.360000000000000000e+02,2.391967329701015499e-01,-7.168630531883474384e-03,4.476402252285266285e-05,-2.761234141794457336e-02,-1.241317774070026313e-04
4.370000000000000000e+02,2.391966159987373997e-01,-7.168445002176016163e-03,4.452712978988436813e-05,-2.761286009873233430e-02,-1.244833890627416258e-04
4.380000000000000000e+02,2.391964399813089892e-01,-7.168272327187481807e-03,4.144199724822319401e-05,-2.761337889581116922e-02,-1.245112989202481200e-04
4.390000000000000000e+02,2.391962993479307686e-01,-7.168105270573249706e-03,4.009358741573501529e-05,-2.761389817277431005e-02,-1.246264711536817387e-04
4.400000000000000000e+02,2.391961625314094619e-01,-7.167943285516477185e-03,3.887641362539088108e-05,-2.761441846930987043e-02,-1.248711685347821630e-04
4.410000000000000000e+02,2.391960289894848879e-01,-7.167785879185668146e-03,3.777751939413021801e-05,-2.761494024389703553e-02,-1.252259009198698422e-04
4.420000000000000000e+02,2.391958718932983841e-01,-7.167638591326647851e-03,3.534908616488442127e-05,-2.761546480240805249e-02,-1.258940426439369227e-04
4.430000000000000000e+02,2.391957213431678830e-01,-7.167500439650287790e-03,3.315640232651681382e-05,-2.761599302289928851e-02,-1.267729178965744884e-04
4.440000000000000000e+02,2.391955763819353931e-01,-7.167370538726105557e-03,3.117622180376790586e-05,-2.761652564201683147e-02,-1.278285882105846202e-04
4.450000000000000000e+02,2.391954291003543509e-01,-7.167248084373114593e-03,2.938904471791978256e-05,-2.761706005714887474e-02,-1.282596316902608969e-04
4.460000000000000000e+02,2.391952935029094951e-01,-7.167132359343560653e-03,2.777400709296905002e-05,-2.761760014132393082e-02,-1.296202020134856877e-04
4.470000000000000000e+02,2.391951611795653243e-01,-7.167022715346826368e-03,2.631455921621504799e-05,-2.761814629175894306e-02,-1.310761044031920819e-04
4.480000000000000000e+02,2.391950315308203623e-01,-7.166918567778992645e-03,2.499541628014195614e-05,-2.761869882125841946e-02,-1.326070798742708795e-04
4.490000000000000000e+02,2.391948768865837516e-01,-7.166825373365235362e-03,2.236665930179870140e-05,-2.761925888794480866e-02,-1.344160047332873249e-04
4.500000000000000000e+02,2.391947483798850804e-01,-7.166736084747336692e-03,2.142926829569750521e-05,-2.761982308733597347e-02,-1.354078538793556904e-04
4.510000000000000000e+02,2.391946075660998372e-01,-7.166656322679019336e-03,1.914289639612158330e-05,-2.762039895693617006e-02,-1.382087040472208480e-04
4.520000000000000000e+02,2.391940906464596062e-01,-7.166540449581971367e-03,2.780954329151646469e-05,-2.762070752709716928e-02,-7.405683863983826250e-05
4.530000000000000000e+02,2.391951685872473754e-01,-7.166306335139974691e-03,5.618746607916888037e-05,-2.762130239691249975e-02,-1.427687556790613853e-04
4.540000000000000000e+02,2.391938891890553753e-01,-7.166269206065840024e-03,8.910977792267598687e-06,-2.762179743023953499e-02,-1.188079984882292888e-04
4.550000000000000000e+02,2.391943294148849708e-01,-7.166152775221549566e-03,2.794340262973486725e-05,-2.762236416625659871e-02,-1.360166440957051364e-04
4.560000000000000000e+02,2.391939041658679432e-01,-7.165998684437897663e-03,3.698178807648148410e-05,-2.762270239894971946e-02,-8.117584634876915208e-05
4.570000000000000000e+02,2.391942771204633722e-01,-7.165805497406523006e-03,4.636488752998591808e-05,-2.762318292353502583e-02,-1.153259004732369483e-04
4.580000000000000000e+02,2.391935826804700016e-01,-7.165715506968789450e-03,2.159770505610293106e-05,-2.762361737855778890e-02,-1.042692054632887581e-04
4.590000000000000000e+02,2.391937400339803621e-01,-7.165587112297187346e-03,3.081472118457334358e-05,-2.762408492782633673e-02,-1.122118244515948985e-04
4.600000000000000000e+02,2.391934560798025244e-01,-7.165489832376216277e-03,2.334718103304380597e-05,-2.762454199709524216e-02,-1.096966245375734055e-04
4.610000000000000000e+02,2.391934072132879396e-01,-7.165384759923976513e-03,2.521738853746716618e-05,-2.762500920366301946e-02,-1.121295762667481026e-04
4.620000000000000000e+02,2.391932133220302237e-01,-7.165296579349712987e-03,2.116333782319674116e-05,-2.762547608956249234e-02,-1.120526158736527122e-04
4.630000000000000000e+02,2.391931410081101217e-01,-7.165205716396375393e-03,2.180710880099197185e-05,-2.762595446385946590e-02,-1.148098312739235480e-04
4.640000000000000000e+02,2.391929609528202216e-01,-7.165130381342361791e-03,1.808041296321965369e-05,-2.762643660998838346e-02,-1.157150709400585277e-04
4.650000000000000000e+02,2.391926711750373413e-01,-7.164942384256872514e-03,4.511930051738389927e-05,-2.762657686081173430e-02,-3.366019760417599590e-05
4.660000000000000000e+02,2.391933997163111503e-01,-7.164667532712798784e-03,6.596437057776641081e-05,-2.762693495580048619e-02,-8.594279730028598523e-05
4.670000000000000000e+02,2.391923497023274170e-01,-7.164551463022893370e-03,2.785672557736054928e-05,-2.762720713337859027e-02,-6.532261874496790935e-05
4.680000000000000000e+02,2.391926407509936403e-01,-7.164375400470720558e-03,4.225501252141971361e-05,-2.762752369469226310e-02,-7.597471528150254064e-05
4.690000000000000000e+02,2.391923122611938068e-01,-7.164234864279179701e-03,3.372868596988817813e-05,-2.762781309632262108e-02,-6.945639128552617695e-05
4.700000000000000000e+02,2.391922852979810610e-01,-7.164084541504873310e-03,3.607746583348962126e-05,-2.762811236685491084e-02,-7.182492774937857764e-05
4.710000000000000000e+02,2.391920940329418099e-01,-7.163949292542848638e-03,3.245975088585682474e-05,-2.762840121819060829e-02,-6.932432056763530544e-05
4.720000000000000000e+02,2.391919973307161384e-01,-7.163815691058066266e-03,3.206435634774924484e-05,-2.762869269035335765e-02,-6.995331905945391870e-05
4.730000000000000000e+02,2.391918870034433764e-01,-7.163683567971983364e-03,3.170954065979666119e-05,-2.762898039133741129e-02,-6.904823617315401145e-05
4.740000000000000000e+02,2.391917784946360481e-01,-7.163552774308547949e-03,3.139047922447858421e-05,-2.762926465379226745e-02,-6.822298916571110374e-05
4.750000000000000000e+02,2.391916382597691348e-01,-7.163429154013111096e-03,2.966887090494545832e-05,-2.762954348392004933e-02,-6.691923066733442298e-05
4.760000000000000000e+02,2.391915522363524671e-01,-7.163306035036470613e-03,2.954855439363886818e-05,-2.762982659066353514e-02,-6.794561843665785576e-05
4.770000000000000000e+02,2.391913845901207925e-01,-7.163195318083623482e-03,2.657206868334920213e-05,-2.763010279565335237e-02,-6.628919755574615071e-05
4.780000000000000000e+02,2.391913088137849197e-01,-7.163083841745768350e-03,2.675432108514010597e-05,-2.763038469905377409e-02,-6.765681610154298349e-05
4.790000000000000000e+02,2.391911763867700658e-01,-7.162977647466859700e-03,2.548662693811744805e-05,-2.763066000734983388e-02,-6.607399105397678831e-05
4.800000000000000000e+02,2.391910634565266036e-01,-7.162876223936050571e-03,2.434164739429243367e-05,-2.763093600153654003e-02,-6.623860480969559668e-05
