# Time, SliderHeight, Motor1Pos, Motor1Vel, Motor2Pos, Motor2Vel
0.000000000000000000e+00,2.600000000000000089e-01,0.000000000000000000e+00,0.000000000000000000e+00,0.000000000000000000e+00,0.000000000000000000e+00
1.000000000000000000e+00,2.157750507262364559e-01,-1.939183473587036046e-03,-4.654040336608886719e-01,-6.271355993572116667e-04,-1.505125438457307896e-01
2.000000000000000000e+00,2.597988207605226307e-01,-3.756433129310608222e-03,-4.361399173736572599e-01,-1.593393568880168689e-03,-2.319019126855096924e-01
3.000000000000000000e+00,2.618253476233308730e-01,-5.570914804935455690e-03,-4.354756021499634477e-01,-2.261338165258739742e-03,-1.603067031308570978e-01
4.000000000000000000e+00,2.608516347373034394e-01,-7.236522251367569561e-03,-3.997457871437073429e-01,-3.097627840773702762e-03,-2.007095221235911664e-01
5.000000000000000000e+00,2.604328319684897086e-01,-8.872576189637184502e-03,-3.926529451847076135e-01,-3.739167338476578201e-03,-1.539694794486900775e-01
6.000000000000000000e+00,2.592390559160511199e-01,-1.039406147533655268e-02,-3.651564685678482247e-01,-4.473969059079633930e-03,-1.763524129447334166e-01
7.000000000000000000e+00,2.583673639250838039e-01,-1.187417644501328681e-02,-3.552275927224159968e-01,-5.079565646786182199e-03,-1.453431810495716681e-01
8.000000000000000000e+00,2.568593570295081285e-01,-1.326818828201830648e-02,-3.345628408812046373e-01,-5.737547850062172522e-03,-1.579157287862375803e-01
9.000000000000000000e+00,2.556806474411723040e-01,-1.461667923107630267e-02,-3.236378277739190845e-01,-6.307295856077350590e-03,-1.367395214436426532e-01
1.000000000000000000e+01,2.539690386050528770e-01,-1.589272714830833322e-02,-3.062515001356873046e-01,-6.901518737738516693e-03,-1.426134915986797813e-01
1.100000000000000000e+01,2.523685765473384635e-01,-1.712215212444124363e-02,-2.950619942718988864e-01,-7.433607732762212081e-03,-1.277013588056869764e-01
1.200000000000000000e+01,2.504075829370721595e-01,-1.828766406291417249e-02,-2.797228652335029264e-01,-7.974530168750481110e-03,-1.298213846371847058e-01
1.300000000000000000e+01,2.484142288574864021e-01,-1.940719372672163046e-02,-2.686871193137903013e-01,-8.469287588712022530e-03,-1.187417807907699685e-01
1.400000000000000000e+01,2.461462160536342092e-01,-2.047081071116616663e-02,-2.552680762666887371e-01,-8.963475214850472744e-03,-1.186050302732279405e-01
1.500000000000000000e+01,2.437932909513515212e-01,-2.149060617069682710e-02,-2.447509102873586806e-01,-9.422417533430572922e-03,-1.101461564592239040e-01
1.600000000000000000e+01,1.813468360354420217e-01,-2.246092483562545442e-02,-2.328764795828704159e-01,-9.875389384073708643e-03,-1.087132441543525591e-01
1.700000000000000000e+01,2.373139694967319746e-01,-2.339008502807304185e-02,-2.229984461874213730e-01,-1.030054609195240993e-02,-1.020376098908884754e-01
1.800000000000000000e+01,2.374622422807350086e-01,-2.427508580070214181e-02,-2.124001854309839898e-01,-1.071675646498074230e-02,-9.989048952679990823e-02
1.900000000000000000e+01,2.375315910852361934e-01,-2.512179148836264295e-02,-2.032093650385203010e-01,-1.111036564285407258e-02,-9.446620268959927957e-02
2.000000000000000000e+01,2.376528938255769718e-01,-2.592884599545594582e-02,-1.936930817023929108e-01,-1.149359368122986752e-02,-9.197472921019075875e-02
2.100000000000000000e+01,2.377242183245599216e-01,-2.670050054233369385e-02,-1.851970912506594735e-01,-1.185796579275172694e-02,-8.744930676524635682e-02
2.200000000000000000e+01,2.378263052656046095e-01,-2.743639102078465272e-02,-1.766137148282302949e-01,-1.221144724387213630e-02,-8.483554826889815048e-02
2.300000000000000000e+01,2.378960503788387360e-01,-2.813969746676374742e-02,-1.687935470349824774e-01,-1.254885073153639077e-02,-8.097683703942103184e-02
2.400000000000000000e+01,2.379835202604183575e-01,-2.881064738733133193e-02,-1.610279809362205605e-01,-1.287541397495692644e-02,-7.837517842092869835e-02
2.500000000000000000e+01,2.380497749507336225e-01,-2.945168965371752420e-02,-1.538501439326864784e-01,-1.318802483156593028e-02,-7.502660558616072728e-02
2.600000000000000000e+01,2.381257062739526309e-01,-3.006339210253034661e-02,-1.468085877150769880e-01,-1.349015874214721383e-02,-7.251213853950795596e-02
2.700000000000000000e+01,2.381869612985292317e-01,-3.064771119935281660e-02,-1.402365832373925481e-01,-1.377969839466597519e-02,-6.948951660450285173e-02
2.800000000000000000e+01,2.382531594609914594e-01,-3.120533487960369667e-02,-1.338296832602108855e-01,-1.405883900785144178e-02,-6.699374716451214629e-02
2.900000000000000000e+01,2.383094456213895596e-01,-3.173783595947627517e-02,-1.278002591694192558e-01,-1.432670717653965198e-02,-6.428836048517062862e-02
3.000000000000000000e+01,2.383674601071812671e-01,-3.224606372941915544e-02,-1.219746647862908762e-01,-1.458486525908719335e-02,-6.195793981141001217e-02
3.100000000000000000e+01,2.384187754305887585e-01,-3.273135177519367195e-02,-1.164691309858843782e-01,-1.483290739681382073e-02,-5.953011305439073059e-02
3.200000000000000000e+01,2.384703591895251940e-01,-3.319455461704533955e-02,-1.111686820444005158e-01,-1.507195843302669772e-02,-5.737224869109067843e-02
3.300000000000000000e+01,2.385168655970452689e-01,-3.363682875338615957e-02,-1.061457927217964309e-01,-1.530188035705810912e-02,-5.518126176753865297e-02
3.400000000000000000e+01,2.385560363527599870e-01,-3.405979319784124826e-02,-1.015114666692212703e-01,-1.552366356616440880e-02,-5.322797018551188308e-02
3.500000000000000000e+01,2.385961736264178290e-01,-3.446435073947680394e-02,-9.709380999253348909e-02,-1.573754972724826159e-02,-5.133267866012503067e-02
3.600000000000000000e+01,2.386347830531495018e-01,-3.485127514543329835e-02,-9.286185742955946343e-02,-1.594397091724326226e-02,-4.954108559880051471e-02
3.700000000000000000e+01,2.386710170808772624e-01,-3.522136115380104099e-02,-8.882064200825888489e-02,-1.614317295424218257e-02,-4.780848887974106787e-02
3.800000000000000000e+01,2.387056510987037583e-01,-3.557532402886130762e-02,-8.495109001446432551e-02,-1.633552608614045540e-02,-4.616475165558579091e-02
3.900000000000000000e+01,2.387382664565365353e-01,-3.591387903404097415e-02,-8.125320124312047920e-02,-1.652127412907680726e-02,-4.457953030472484868e-02
4.000000000000000000e+01,2.387693011233252560e-01,-3.623768778781766287e-02,-7.771410090640611112e-02,-1.670073188500773367e-02,-4.306986142342263818e-02
4.100000000000000000e+01,2.387985943414499823e-01,-3.654739939100153795e-02,-7.433078476412985358e-02,-1.687414691290721469e-02,-4.161960669587571465e-02
4.200000000000000000e+01,2.388263545743598004e-01,-3.684362783664412583e-02,-7.109482695422074394e-02,-1.704178969956765197e-02,-4.023426879850523774e-02
4.300000000000000000e+01,2.388526098037655476e-01,-3.712696148127866969e-02,-6.800007471228988742e-02,-1.720389772263773015e-02,-3.890592553681915255e-02
4.400000000000000000e+01,2.388774739797418500e-01,-3.739795964810747192e-02,-6.503956003891241122e-02,-1.736071451432365589e-02,-3.763603000462199116e-02
4.500000000000000000e+01,2.389009463132875377e-01,-3.765716149079947200e-02,-6.220844224608071404e-02,-1.751245329314653210e-02,-3.641730691748996246e-02
4.600000000000000000e+01,2.389231397928546496e-01,-3.790508204997911079e-02,-5.950093420311335091e-02,-1.765934171856221868e-02,-3.525322209976480131e-02
4.700000000000000000e+01,2.389440863974012230e-01,-3.814221466453076442e-02,-5.691182749239676042e-02,-1.780157872361651239e-02,-3.413688121303083689e-02
4.800000000000000000e+01,2.389638753945253213e-01,-3.836902718130828088e-02,-5.443500402660434584e-02,-1.793936122944406533e-02,-3.306780139861280332e-02
4.900000000000000000e+01,2.389825233828257178e-01,-3.858597344503475468e-02,-5.206710329435411400e-02,-1.807288434645949390e-02,-3.204554808370309316e-02
5.000000000000000000e+01,2.390001018948922085e-01,-3.879348277758664504e-02,-4.980223981245292253e-02,-1.820231771357147532e-02,-3.106400810687584557e-02
5.100000000000000000e+01,2.390166711004479416e-01,-3.899196541051066361e-02,-4.763583190176420845e-02,-1.832783784765573340e-02,-3.012483218022196998e-02
5.200000000000000000e+01,2.390322521654566212e-01,-3.918181737428901024e-02,-4.556447130680260638e-02,-1.844960957436489121e-02,-2.922521441019799299e-02
5.300000000000000000e+01,2.390469310833724936e-01,-3.936341297774909043e-02,-4.358294483041915551e-02,-1.856779315771526703e-02,-2.836406000409052303e-02
5.400000000000000000e+01,2.390606983293274423e-01,-3.953711592092572225e-02,-4.168870636239188632e-02,-1.868253879578602589e-02,-2.753895313698252051e-02
5.500000000000000000e+01,2.390736488130619508e-01,-3.970326843501143649e-02,-3.987660338057168879e-02,-1.879399358777737380e-02,-2.674915007792318805e-02
5.600000000000000000e+01,2.390857842462268956e-01,-3.986219938970517879e-02,-3.814342912649892198e-02,-1.890228992296948823e-02,-2.599112044610749420e-02
5.700000000000000000e+01,2.390971486260740908e-01,-4.001422562936168131e-02,-3.648629751756002348e-02,-1.900756483310796913e-02,-2.526597843323526160e-02
5.800000000000000000e+01,2.391077760668482988e-01,-4.015964721506137813e-02,-3.490118056792800016e-02,-1.910993568629937647e-02,-2.456900476593736754e-02
5.900000000000000000e+01,2.391177019712399099e-01,-4.029875506340235142e-02,-3.338588360183351172e-02,-1.920953195569751956e-02,-2.390310465555464670e-02
6.000000000000000000e+01,2.391269711610177762e-01,-4.043182292025181840e-02,-3.193628564387184648e-02,-1.930646420667635893e-02,-2.326374023492131654e-02
6.100000000000000000e+01,2.391356116958476274e-01,-4.055911503828370929e-02,-3.055010832765359813e-02,-1.940084982946588266e-02,-2.265254946948604825e-02
6.200000000000000000e+01,2.391436514517073786e-01,-4.068088116583351566e-02,-2.922387061195364649e-02,-1.949278851480860941e-02,-2.206528448225443528e-02
6.300000000000000000e+01,2.391510828335575434e-01,-4.079736693802885755e-02,-2.795658532688135092e-02,-1.958238190530175657e-02,-2.150241371835532461e-02
6.400000000000000000e+01,2.391579749150326839e-01,-4.090880236718130031e-02,-2.674450299658574434e-02,-1.966972743974730251e-02,-2.096292826693079564e-02
6.500000000000000000e+01,2.391643705385411156e-01,-4.101540340506797111e-02,-2.558424909280117635e-02,-1.975491877353150252e-02,-2.044592010820764361e-02
6.600000000000000000e+01,2.391702259764925675e-01,-4.111738526991395859e-02,-2.447564756303773764e-02,-1.983804019650198258e-02,-1.994914151291561979e-02
6.700000000000000000e+01,2.391756393209208409e-01,-4.121494761858632283e-02,-2.341496368136786882e-02,-1.991918545091504733e-02,-1.947486105913565774e-02
6.800000000000000000e+01,2.391805689623144882e-01,-4.130828504342660967e-02,-2.240098196166869990e-02,-1.999842698387241033e-02,-1.901796790976737275e-02
6.900000000000000000e+01,2.391850653013294914e-01,-4.139758161823892113e-02,-2.143117795495503089e-02,-2.007584191869457232e-02,-1.857958435731861882e-02
7.000000000000000000e+01,2.391891733747330828e-01,-4.148301195014367226e-02,-2.050327965714031711e-02,-2.015151158729893560e-02,-1.816072046504704426e-02
7.100000000000000000e+01,2.391928466781620966e-01,-4.156474808671042909e-02,-1.961667277602113443e-02,-2.022549726748220852e-02,-1.775656324398560207e-02
7.200000000000000000e+01,2.391961888533848946e-01,-4.164294785098403284e-02,-1.876794342566522056e-02,-2.029787795111934190e-02,-1.737136407291169429e-02
7.300000000000000000e+01,2.391991144356473975e-01,-4.171777116509828298e-02,-1.795759538742019989e-02,-2.036870684950435606e-02,-1.699893561240323897e-02
7.400000000000000000e+01,2.392017581991944253e-01,-4.178935897874135746e-02,-1.718107527433757400e-02,-2.043805569465978120e-02,-1.664372283730182131e-02
7.500000000000000000e+01,2.392040373913885409e-01,-4.185785602802604560e-02,-1.643929182832492772e-02,-2.050597712447694079e-02,-1.630114315611796288e-02
7.600000000000000000e+01,2.392060193566514226e-01,-4.192339853591833809e-02,-1.573020189414993733e-02,-2.057253639445145652e-02,-1.597422479388400929e-02
7.700000000000000000e+01,2.392076799671882803e-01,-4.198611506355210549e-02,-1.505196663210342164e-02,-2.063777435313596254e-02,-1.565711008428116377e-02
7.800000000000000000e+01,2.392091135560615867e-01,-4.204612429618006381e-02,-1.440221583070983198e-02,-2.070175756655021071e-02,-1.535597121941970240e-02
7.900000000000000000e+01,2.392102266668756361e-01,-4.210354795169085618e-02,-1.378167732259048990e-02,-2.076452210225407380e-02,-1.506348856892729231e-02
8.000000000000000000e+01,2.392111028205826107e-01,-4.215850153664874034e-02,-1.318886038989261315e-02,-2.082613022337382810e-02,-1.478594906874073321e-02
8.100000000000000000e+01,2.392117299241900141e-01,-4.221108900696154964e-02,-1.262099287507402294e-02,-2.088661412486520971e-02,-1.451613635793150281e-02
8.200000000000000000e+01,2.392121440373067287e-01,-4.226141286364304417e-02,-1.207772560355866408e-02,-2.094602662404629681e-02,-1.425899980346085304e-02
8.300000000000000000e+01,2.392122951676028397e-01,-4.230957727853456446e-02,-1.155945957396553939e-02,-2.100440333557440642e-02,-1.401041076674621605e-02
8.400000000000000000e+01,2.392122815133408964e-01,-4.235567004582884570e-02,-1.106226415062789084e-02,-2.106178823357008137e-02,-1.377237551896234521e-02
8.500000000000000000e+01,2.392120185173490232e-01,-4.239978806169277664e-02,-1.058832380734395749e-02,-2.111821493427734273e-02,-1.354240816974258514e-02
8.600000000000000000e+01,2.392116068124588157e-01,-4.244201257221208445e-02,-1.013388252463387658e-02,-2.117372561324476488e-02,-1.332256295218154328e-02
8.700000000000000000e+01,2.392109757406625792e-01,-4.248243160002511398e-02,-9.700566675126762531e-03,-2.122835226800159555e-02,-1.311039714163960909e-02
8.800000000000000000e+01,2.392101906942626366e-01,-4.252112138527413404e-02,-9.285548459765148935e-03,-2.128212965678864463e-02,-1.290657330889209004e-02
8.900000000000000000e+01,2.392092438613930561e-01,-4.255815352431943643e-02,-8.887713370871972232e-03,-2.133508310155817281e-02,-1.270882674468701984e-02
9.000000000000000000e+01,2.392081544744730781e-01,-4.259360139458198691e-02,-8.507488863012304531e-03,-2.138725327346065880e-02,-1.252084125659703659e-02
9.100000000000000000e+01,2.392068780372027248e-01,-4.262753699620514675e-02,-8.144544389557698688e-03,-2.143865889513811573e-02,-1.233734920259005330e-02
9.200000000000000000e+01,2.392054965779124853e-01,-4.266002214908568707e-02,-7.796436691330436812e-03,-2.148933469836180818e-02,-1.216219277368629260e-02
9.300000000000000000e+01,2.392039379689849810e-01,-4.269112739229191655e-02,-7.465258369494728007e-03,-2.153930598126141058e-02,-1.199310789590494163e-02
9.400000000000000000e+01,2.392022617555392139e-01,-4.272091025052082019e-02,-7.147885974936914709e-03,-2.158859551215366185e-02,-1.182948741414059819e-02
9.500000000000000000e+01,2.392004953776529219e-01,-4.274942547623192951e-02,-6.843654170667030218e-03,-2.163723570345260985e-02,-1.167364591174757313e-02
9.600000000000000000e+01,2.391985977495515170e-01,-4.277672830710330804e-02,-6.552679409131506073e-03,-2.168524380540198457e-02,-1.152194446785014849e-02
9.700000000000000000e+01,2.391965721848980653e-01,-4.280287441750969119e-02,-6.275066497531896909e-03,-2.173264130368565694e-02,-1.137539958808124300e-02
9.800000000000000000e+01,2.391944539682443749e-01,-4.282791391438833806e-02,-6.009479250875267471e-03,-2.177945349588362653e-02,-1.123492612751258481e-02
9.900000000000000000e+01,2.391922287910612510e-01,-4.285189487421502824e-02,-5.755430358405575798e-03,-2.182569718935347194e-02,-1.109848643276323266e-02
1.000000000000000000e+02,2.391899256557498687e-01,-4.287486354605020422e-02,-5.512481240442399129e-03,-2.187139943164602418e-02,-1.096853815021295309e-02
1.010000000000000000e+02,2.391875022011417662e-01,-4.289686453428051549e-02,-5.280237175273887543e-03,-2.191656668416366860e-02,-1.084014060423498828e-02
1.020000000000000000e+02,2.391850593419763416e-01,-4.291793500262169880e-02,-5.056912401884256121e-03,-2.196123456449097094e-02,-1.072029127855245699e-02
1.030000000000000000e+02,2.391824319185763270e-01,-4.293812627981136859e-02,-4.845906525521562550e-03,-2.200539936566724142e-02,-1.059955228230457722e-02
1.040000000000000000e+02,2.391798331975631686e-01,-4.295746370008771825e-02,-4.640980866324071787e-03,-2.204909351421474595e-02,-1.048659565140128667e-02
1.050000000000000000e+02,2.391770866786570859e-01,-4.297599390612303477e-02,-4.447249448475399519e-03,-2.209232235214560192e-02,-1.037492110340576534e-02
1.060000000000000000e+02,2.391743317344442732e-01,-4.299374695539342345e-02,-4.260731824893697860e-03,-2.213511452912851618e-02,-1.027012247589903678e-02
1.070000000000000000e+02,2.391714706277662250e-01,-4.301075884032411895e-02,-4.082852383367602082e-03,-2.217747198800731553e-02,-1.016579013091169388e-02
1.080000000000000000e+02,2.391685606465311087e-01,-4.302706195409784079e-02,-3.912747305692786462e-03,-2.221941435873444129e-02,-1.006616897451042408e-02
1.090000000000000000e+02,2.391655834425780447e-01,-4.304268843081127810e-02,-3.750354411224281637e-03,-2.226095334780215165e-02,-9.969357376250733566e-03
1.100000000000000000e+02,2.391625640040744849e-01,-4.305766421091922203e-02,-3.594187225905765871e-03,-2.230209949105255163e-02,-9.875074380096241985e-03
1.110000000000000000e+02,2.391594796348824326e-01,-4.307202158152768218e-02,-3.445768946031171898e-03,-2.234286823120643084e-02,-9.784497636931090842e-03
1.120000000000000000e+02,2.391563723267751129e-01,-4.308578364056760146e-02,-3.302894169581312329e-03,-2.238327346671056470e-02,-9.697256520992394643e-03
1.130000000000000000e+02,2.391531877246080295e-01,-4.309898011687350594e-02,-3.167154313416405392e-03,-2.242332174569939413e-02,-9.611586957318698360e-03
1.140000000000000000e+02,2.391499820842848401e-01,-4.311163180593192285e-02,-3.036405374019552142e-03,-2.246302492195355327e-02,-9.528762300998130583e-03
1.150000000000000000e+02,2.391467160358177468e-01,-4.312376636437734168e-02,-2.912294026899746053e-03,-2.250239366386920167e-02,-9.448498059755356532e-03
1.160000000000000000e+02,2.391434153905284410e-01,-4.313540570294840948e-02,-2.793441257056663088e-03,-2.254143757299383738e-02,-9.370538189912850507e-03
1.170000000000000000e+02,2.391401002167780898e-01,-4.314656656107743182e-02,-2.678605950965105408e-03,-2.258016529070588571e-02,-9.294652250891741879e-03
1.180000000000000000e+02,2.391367306843482643e-01,-4.315727294494980243e-02,-2.569532129368680938e-03,-2.261858459422816728e-02,-9.220632845347258646e-03
1.190000000000000000e+02,2.391333315842808227e-01,-4.316754646013182262e-02,-2.465643643684745263e-03,-2.265670844350136867e-02,-9.149723825568140123e-03
1.200000000000000000e+02,2.391299090205747935e-01,-4.317740357140015250e-02,-2.365706704399867834e-03,-2.269454254197165663e-02,-9.080183632869389190e-03
1.210000000000000000e+02,2.391264665761066721e-01,-4.318686207728493487e-02,-2.270041412347442202e-03,-2.273209798316081637e-02,-9.013305885398710179e-03
1.220000000000000000e+02,2.391229669230582888e-01,-4.319594097669385985e-02,-2.178935858142603318e-03,-2.276937283024111844e-02,-8.945963299272758837e-03
1.230000000000000000e+02,2.391194900677662549e-01,-4.320465438840959127e-02,-2.091218811775225755e-03,-2.280638918185167938e-02,-8.883924386534926970e-03
1.240000000000000000e+02,2.391159365893711641e-01,-4.321302097979774076e-02,-2.007981933156343692e-03,-2.284313712431543242e-02,-8.819506191300899994e-03
1.250000000000000000e+02,2.391124019190290773e-01,-4.322105457125188788e-02,-1.928061948996123666e-03,-2.287963753753780027e-02,-8.760099173368569858e-03
1.260000000000000000e+02,2.391088306763157201e-01,-4.322877058135227157e-02,-1.851842424092236183e-03,-2.291589133181352184e-02,-8.700910626172892251e-03
1.270000000000000000e+02,2.391052422043663250e-01,-4.323617990658096266e-02,-1.778238054885371549e-03,-2.295189932612344205e-02,-8.641918634380520506e-03
1.280000000000000000e+02,2.391016547520418978e-01,-4.324329831423017606e-02,-1.708417835811105274e-03,-2.298768013876629351e-02,-8.587395034284217230e-03
1.290000000000000000e+02,2.390980150316995845e-01,-4.325013999484649679e-02,-1.642003347917372598e-03,-2.302322668377908277e-02,-8.531170803069415901e-03
1.300000000000000000e+02,2.390944006659869170e-01,-4.325671175944198477e-02,-1.577223502917772090e-03,-2.305855046468975253e-02,-8.477707418560676694e-03
1.310000000000000000e+02,2.390907398996107713e-01,-4.326303165883972623e-02,-1.516775855458335834e-03,-2.309365587371446302e-02,-8.425298165930534405e-03
1.320000000000000000e+02,2.390870984463816518e-01,-4.326910699805651406e-02,-1.458081412028258477e-03,-2.312855282342737850e-02,-8.375267931099543428e-03
1.330000000000000000e+02,2.390834174768426690e-01,-4.327495031203147657e-02,-1.402395353990960533e-03,-2.316323831296242253e-02,-8.324517488410792740e-03
1.340000000000000000e+02,2.390797608792404605e-01,-4.328056692170170749e-02,-1.347986320856173247e-03,-2.319772156114594669e-02,-8.275979564045778114e-03
1.350000000000000000e+02,2.390760563346886192e-01,-4.328597055655239445e-02,-1.296872364164169652e-03,-2.323199894235328244e-02,-8.226571489760376582e-03
1.360000000000000000e+02,2.390723834835330741e-01,-4.329116761259771407e-02,-1.247293450877520445e-03,-2.326608507330259201e-02,-8.180671427834155726e-03
1.370000000000000000e+02,2.390686763373263135e-01,-4.329616980662621961e-02,-1.200526566840564658e-03,-2.329997820528354607e-02,-8.134351675428645040e-03
1.380000000000000000e+02,2.390649832715616707e-01,-4.330098470343340250e-02,-1.155575233724470382e-03,-2.333368868312710176e-02,-8.090514682453253670e-03
1.390000000000000000e+02,2.390612402694069494e-01,-4.330562507166049735e-02,-1.113688374503265036e-03,-2.336721091210108847e-02,-8.045334953757176874e-03
1.400000000000000000e+02,2.390575547493818953e-01,-4.331009048195429145e-02,-1.071698470509866363e-03,-2.340055773268071015e-02,-8.003236939109295914e-03
1.410000000000000000e+02,2.390538142281941891e-01,-4.331439246861298886e-02,-1.032476798087974450e-03,-2.343371983389117008e-02,-7.958904290510044124e-03
1.420000000000000000e+02,2.390501205186046363e-01,-4.331853545196964750e-02,-9.943160055988766940e-04,-2.346671565667647966e-02,-7.918997468474148899e-03
1.430000000000000000e+02,2.390463632936587479e-01,-4.332253235065545993e-02,-9.592556845952586323e-04,-2.349953496585336504e-02,-7.876634202452673095e-03
1.440000000000000000e+02,2.390426866958116070e-01,-4.332637988988076450e-02,-9.234094140723750560e-04,-2.353219536146636259e-02,-7.838494947119811068e-03
1.450000000000000000e+02,2.390389256865410039e-01,-4.333009300338681868e-02,-8.911472414534282261e-04,-2.356468287288280422e-02,-7.797002739946270848e-03
1.460000000000000000e+02,2.390352210202060790e-01,-4.333367321038326947e-02,-8.592496791486436535e-04,-2.359701472418263349e-02,-7.759644311959184616e-03
1.470000000000000000e+02,2.390314893423640952e-01,-4.333712783774213567e-02,-8.291105661274147855e-04,-2.362918553251428314e-02,-7.720993999596047208e-03
1.480000000000000000e+02,2.390277635221685071e-01,-4.334046347960260337e-02,-8.005540465130016542e-04,-2.366120237529804188e-02,-7.684042268102436388e-03
1.490000000000000000e+02,2.390240377548072948e-01,-4.334368308893343097e-02,-7.727062393978682397e-04,-2.369306264264277317e-02,-7.646464162735860763e-03
1.500000000000000000e+02,2.390203344760063187e-01,-4.334678932283614339e-02,-7.454961366506832878e-04,-2.372477291553886508e-02,-7.610465495061839898e-03
1.510000000000000000e+02,2.390165965239785806e-01,-4.334979351383248802e-02,-7.210058391224466977e-04,-2.375633317054212656e-02,-7.574461200782792517e-03
1.520000000000000000e+02,2.390128937046257784e-01,-4.335269393698765183e-02,-6.961015572393339625e-04,-2.378774628668717597e-02,-7.539147874811516145e-03
1.530000000000000000e+02,2.390091727497345997e-01,-4.335549798099521540e-02,-6.729705618159281463e-04,-2.381901189085043266e-02,-7.503744999181975565e-03
1.540000000000000000e+02,2.390054742590960457e-01,-4.335820931501929015e-02,-6.507201657786431228e-04,-2.385013858466283193e-02,-7.470406514975633933e-03
1.550000000000000000e+02,2.390017680802505040e-01,-4.336083123767326547e-02,-6.292614369538744416e-04,-2.388112210347079906e-02,-7.436044513912014667e-03
1.560000000000000000e+02,2.389980704265748379e-01,-4.336336671700335293e-02,-6.085150392210782189e-04,-2.391196456028254341e-02,-7.402189634818239633e-03
1.570000000000000000e+02,2.389943757679794667e-01,-4.336582140588305517e-02,-5.891253311278448921e-04,-2.394267088338009400e-02,-7.369517543412544038e-03
1.580000000000000000e+02,2.389906710816680491e-01,-4.336820038900576074e-02,-5.709559494500561711e-04,-2.397323948564637069e-02,-7.336464543906069495e-03
1.590000000000000000e+02,2.389870085354841300e-01,-4.337050227914681505e-02,-5.524536338533431352e-04,-2.400367782099335420e-02,-7.305200483275887599e-03
1.600000000000000000e+02,2.389833200692521309e-01,-4.337273178408476010e-02,-5.350811851066788680e-04,-2.403397761539209990e-02,-7.271950655698885060e-03
1.610000000000000000e+02,2.389796542244462252e-01,-4.337489315119164718e-02,-5.187281056533803430e-04,-2.406414955266220415e-02,-7.241264944824965522e-03
1.620000000000000000e+02,2.389759809629819487e-01,-4.337698720404334352e-02,-5.025726844066949039e-04,-2.409418496181577399e-02,-7.208498196857071258e-03
1.630000000000000000e+02,2.389723387748125261e-01,-4.337901768547724329e-02,-4.873155441361230874e-04,-2.412409739198760963e-02,-7.178983241240786788e-03
1.640000000000000000e+02,2.389686684791873239e-01,-4.338098794049206203e-02,-4.728612035559694822e-04,-2.415387469063481202e-02,-7.146551675328939590e-03
1.650000000000000000e+02,2.389650462013260535e-01,-4.338289801955973884e-02,-4.584189762429123432e-04,-2.418353022400360208e-02,-7.117328008509452714e-03
1.660000000000000000e+02,2.389613835261076846e-01,-4.338475690863392853e-02,-4.461333778055844848e-04,-2.421305812638292754e-02,-7.086696571038382346e-03
1.670000000000000000e+02,2.389577711233857871e-01,-4.338656075708952758e-02,-4.329236293438710049e-04,-2.424246472921925966e-02,-7.057584680719702387e-03
1.680000000000000000e+02,2.389541330502368277e-01,-4.338831505111524767e-02,-4.210305661731398100e-04,-2.427174403922742821e-02,-7.027034401960812436e-03
1.690000000000000000e+02,2.389505455792733102e-01,-4.339001577648957803e-02,-4.081740898387109322e-04,-2.430090238702454705e-02,-6.998003471308232928e-03
1.700000000000000000e+02,2.389469344631838799e-01,-4.339167128008270674e-02,-3.973208623501070643e-04,-2.432994026224312434e-02,-6.969090052458687401e-03
1.710000000000000000e+02,2.389433460968162226e-01,-4.339328008861925712e-02,-3.861140487726664712e-04,-2.435885726899258280e-02,-6.940081619869651122e-03
1.720000000000000000e+02,2.389397505856299952e-01,-4.339484687481833664e-02,-3.760286877785641211e-04,-2.438765376804401599e-02,-6.911159772344154829e-03
1.730000000000000000e+02,2.389361802267585821e-01,-4.339637286092266205e-02,-3.662366650382161554e-04,-2.441633597816239912e-02,-6.883730428412219993e-03
1.740000000000000000e+02,2.389326242978598580e-01,-4.339785611838897772e-02,-3.559817919163812180e-04,-2.444489976540720547e-02,-6.855308938753194165e-03
1.750000000000000000e+02,2.389290619547508043e-01,-4.339930093794823474e-02,-3.467566942220778664e-04,-2.447334548010749247e-02,-6.826971528068724419e-03
1.760000000000000000e+02,2.389255124853663925e-01,-4.340071118884755025e-02,-3.384602158357562858e-04,-2.450167955290094568e-02,-6.800177470429166239e-03
1.770000000000000000e+02,2.389219794456908241e-01,-4.340208429930225015e-02,-3.295465091281210698e-04,-2.452989724654671549e-02,-6.772246474985124144e-03
1.780000000000000000e+02,2.389184493367460527e-01,-4.340342403380526015e-02,-3.215362807218693944e-04,-2.455800224953782335e-02,-6.745200717865535052e-03
1.790000000000000000e+02,2.389149389928431899e-01,-4.340473072798130966e-02,-3.136066022526839948e-04,-2.458599668525372761e-02,-6.718664571817330525e-03
1.800000000000000000e+02,2.389114170143578908e-01,-4.340600768661875830e-02,-3.064700729881597715e-04,-2.461387683221767653e-02,-6.691235271347434344e-03
1.810000000000000000e+02,2.389079443650064527e-01,-4.340725192016896966e-02,-2.986160520514715604e-04,-2.464165125147631946e-02,-6.665860622074058946e-03
1.820000000000000000e+02,2.389044170969641112e-01,-4.340847269010296439e-02,-2.929847841579290594e-04,-2.466931021728809362e-02,-6.638151794825627311e-03
1.830000000000000000e+02,2.389009787743912039e-01,-4.340966339562940535e-02,-2.857693263459628479e-04,-2.469687126718784695e-02,-6.614651975940724106e-03
1.840000000000000000e+02,2.388974825523001166e-01,-4.341082997972045554e-02,-2.799801818516625121e-04,-2.472431691345381918e-02,-6.586955103833591271e-03
1.850000000000000000e+02,2.388940525595006636e-01,-4.341196896617123546e-02,-2.733567481868639615e-04,-2.475166275478886749e-02,-6.563001920411913950e-03
1.860000000000000000e+02,2.388905966715154094e-01,-4.341308301551267956e-02,-2.673718419458015689e-04,-2.477889677124537129e-02,-6.536163949560975205e-03
1.870000000000000000e+02,2.388871622981279530e-01,-4.341417477698521210e-02,-2.620227534081291708e-04,-2.480602933379532846e-02,-6.511815011989806508e-03
1.880000000000000000e+02,2.388837284655097037e-01,-4.341524635793882203e-02,-2.571794288670254552e-04,-2.483305719889779273e-02,-6.486687624591040008e-03
1.890000000000000000e+02,2.388803272252976728e-01,-4.341629385328517332e-02,-2.513988831245149306e-04,-2.485998247452611901e-02,-6.462066150798341513e-03
1.900000000000000000e+02,2.388769183372748406e-01,-4.341732271362556961e-02,-2.469264816945318779e-04,-2.488680728206665513e-02,-6.437953809728367421e-03
1.910000000000000000e+02,2.388735233372793199e-01,-4.341833171392246032e-02,-2.421600712530956536e-04,-2.491352865160886138e-02,-6.413128690129778556e-03
1.920000000000000000e+02,2.388701551702923920e-01,-4.341931998110310637e-02,-2.371841233554248445e-04,-2.494015253258901124e-02,-6.389731435235784969e-03
1.930000000000000000e+02,2.388667713780863455e-01,-4.342028943694418303e-02,-2.326694018588228207e-04,-2.496666918878793356e-02,-6.363997487741253345e-03
1.940000000000000000e+02,2.388634023620375135e-01,-4.342124526034454868e-02,-2.293976160884031933e-04,-2.499309280039874528e-02,-6.341666786595171953e-03
1.950000000000000000e+02,2.388600517427794667e-01,-4.342218540918055258e-02,-2.256357206413053818e-04,-2.501941649277160742e-02,-6.317686169487273483e-03
1.960000000000000000e+02,2.388567205016716155e-01,-4.342310587587198262e-02,-2.209120059427314704e-04,-2.504564216237545674e-02,-6.294160704924128651e-03
1.970000000000000000e+02,2.388533891661449304e-01,-4.342401128059309584e-02,-2.172971330666340225e-04,-2.507176775334050631e-02,-6.270141831611743787e-03
1.980000000000000000e+02,2.388500799317304080e-01,-4.342490052745887064e-02,-2.134192477853943731e-04,-2.509780091130726920e-02,-6.247957912023332019e-03
1.990000000000000000e+02,2.388467550636717285e-01,-4.342577777153854707e-02,-2.105385791224678043e-04,-2.512373211610435114e-02,-6.223489151299480340e-03
2.000000000000000000e+02,2.388434660379425145e-01,-4.342664185270711519e-02,-2.073794804564808283e-04,-2.514957698609146530e-02,-6.202768796907594598e-03
2.010000000000000000e+02,2.388401668231127650e-01,-4.342749315286058981e-02,-2.043120368338581256e-04,-2.517531578565816719e-02,-6.177311896008353884e-03
2.020000000000000000e+02,2.388368986267832561e-01,-4.342833139025287226e-02,-2.011769741478589902e-04,-2.520097350192231772e-02,-6.157851903396044380e-03
2.030000000000000000e+02,2.388336257435546561e-01,-4.342915873880577593e-02,-1.985636526974939693e-04,-2.522652117422833490e-02,-6.131441353444278680e-03
2.040000000000000000e+02,2.388303753599433643e-01,-4.342997352715176340e-02,-1.955492030370987924e-04,-2.525199997178825470e-02,-6.114911414381168052e-03
2.050000000000000000e+02,2.388271287628288553e-01,-4.343077795153268972e-02,-1.930618514216415102e-04,-2.527734930664456842e-02,-6.083840365515609180e-03
2.060000000000000000e+02,2.388239095147516311e-01,-4.343156917945704965e-02,-1.898947018456820983e-04,-2.530266795320857895e-02,-6.076475175362255551e-03
2.070000000000000000e+02,2.388207205283588708e-01,-4.343235300809088206e-02,-1.881188721191250763e-04,-2.532781290592859072e-02,-6.034788652802455453e-03
2.080000000000000000e+02,2.388174978085028655e-01,-4.343312218713413220e-02,-1.846029703803856565e-04,-2.535301668540814943e-02,-6.048907075094402119e-03
2.090000000000000000e+02,2.388147359456254393e-01,-4.343388957808395207e-02,-1.841738279572992243e-04,-2.537802699706060219e-02,-6.002474796588929198e-03
2.100000000000000000e+02,2.388108873863130088e-01,-4.343465811959607709e-02,-1.844499629096843290e-04,-2.540314110030202771e-02,-6.027384777941971472e-03
2.110000000000000000e+02,2.388091669867716260e-01,-4.343541798985187802e-02,-1.823688613921269519e-04,-2.542814547369572423e-02,-6.001049614487277521e-03
2.120000000000000000e+02,2.388038937711825238e-01,-4.343620493298632618e-02,-1.888663522673622976e-04,-2.545299939475866718e-02,-5.964941055106527494e-03
2.130000000000000000e+02,2.388024183916079568e-01,-4.343693519464560809e-02,-1.752627982278000783e-04,-2.547767661691667518e-02,-5.922533317921544783e-03
2.140000000000000000e+02,2.387981043048494068e-01,-4.343766996027267208e-02,-1.763437504958744600e-04,-2.550241342365946323e-02,-5.936833618268719075e-03
2.150000000000000000e+02,2.387976203664584351e-01,-4.343839050599061780e-02,-1.729309723068390590e-04,-2.552743141483946807e-02,-6.004317883201193938e-03
2.160000000000000000e+02,2.387901005447025105e-01,-4.343921730941675136e-02,-1.984328222716331210e-04,-2.555169074118895586e-02,-5.822238323877182431e-03
2.170000000000000000e+02,2.387902891547612483e-01,-4.343986440032957669e-02,-1.553018190783472439e-04,-2.557613009230134613e-02,-5.865444266974036668e-03
2.180000000000000000e+02,2.387851574635899143e-01,-4.344058841758778600e-02,-1.737641419703685381e-04,-2.560030343851825430e-02,-5.801603092057606992e-03
2.190000000000000000e+02,2.387850102183590173e-01,-4.344122965603786080e-02,-1.538972280187591278e-04,-2.562496959607972122e-02,-5.919877814752128216e-03
2.200000000000000000e+02,2.387776854195984566e-01,-4.344203166623129830e-02,-1.924824464257607836e-04,-2.564886463084764881e-02,-5.734808344302381837e-03
2.210000000000000000e+02,2.387786219144888422e-01,-4.344263199132637060e-02,-1.440780228177875207e-04,-2.567315905248385502e-02,-5.830661192689546614e-03
2.220000000000000000e+02,2.387721589354089291e-01,-4.344337884020194746e-02,-1.792437301392202343e-04,-2.569697805711175856e-02,-5.716561110696898040e-03
2.230000000000000000e+02,2.387757382852927213e-01,-4.344398771173946933e-02,-1.461291690058201856e-04,-2.572225943403492684e-02,-6.067530461560524842e-03
2.240000000000000000e+02,2.387624157199898234e-01,-4.344495526760436960e-02,-2.322134075764613987e-04,-2.574516506138228161e-02,-5.497350563364783449e-03
2.250000000000000000e+02,2.387675610816341609e-01,-4.344539752382083064e-02,-1.061414919499618589e-04,-2.576945275225960702e-02,-5.829045810558428249e-03
2.260000000000000000e+02,2.387603540392868040e-01,-4.344615895119018079e-02,-1.827425686447179082e-04,-2.579276009717144935e-02,-5.593762778842527317e-03
2.270000000000000000e+02,2.387585756166489825e-01,-4.344674178188377006e-02,-1.398793664618858275e-04,-2.581663821306581438e-02,-5.730747814647666610e-03
2.280000000000000000e+02,2.387615818133568824e-01,-4.344743928666779803e-02,-1.674011481668610693e-04,-2.584201741439025313e-02,-6.091008317865211769e-03
2.290000000000000000e+02,2.387456798099430733e-01,-4.344847000168092221e-02,-2.473716031500175884e-04,-2.586420137161593580e-02,-5.324149734163962505e-03
2.300000000000000000e+02,2.387534344147898002e-01,-4.344881507969337864e-02,-8.281872298969102965e-05,-2.588836977912664997e-02,-5.800417802571233850e-03
2.310000000000000000e+02,2.387507859612777450e-01,-4.344970281856509742e-02,-2.130573292119734678e-04,-2.591320161082606710e-02,-5.959639607859906589e-03
2.320000000000000000e+02,2.387375570597204955e-01,-4.345062341222537955e-02,-2.209424784673915613e-04,-2.593541681868640272e-02,-5.331649886480431533e-03
2.330000000000000000e+02,2.387434680653251484e-01,-4.345100644679866092e-02,-9.192829758723766666e-05,-2.595910338909546838e-02,-5.684776898175454042e-03
2.340000000000000000e+02,2.387424406770825291e-01,-4.345181484074287642e-02,-1.940145466114217101e-04,-2.598385425259337050e-02,-5.940207239496207020e-03
2.350000000000000000e+02,2.387279609603463471e-01,-4.345275370920985425e-02,-2.253284320746100399e-04,-2.600568286748990501e-02,-5.238867575168661313e-03
2.360000000000000000e+02,2.387347821160124284e-01,-4.345307970856892438e-02,-7.823984617670167265e-05,-2.602920855198322808e-02,-5.646164278397152944e-03
2.370000000000000000e+02,2.387330578101766743e-01,-4.345388645262011212e-02,-1.936185722850676440e-04,-2.605363861981686152e-02,-5.863216280071726315e-03
2.380000000000000000e+02,2.387192045358512704e-01,-4.345478505255979257e-02,-2.156639855231369735e-04,-2.607527179485884250e-02,-5.191962010075742810e-03
2.390000000000000000e+02,2.387256115402874856e-01,-4.345509925381758204e-02,-7.540830186931069684e-05,-2.609848415004735467e-02,-5.570965245242975004e-03
2.400000000000000000e+02,2.387241382625109598e-01,-4.345586833132158988e-02,-1.845786009622279729e-04,-2.612273198600206792e-02,-5.819480629131526528e-03
2.410000000000000000e+02,2.387101312310889178e-01,-4.345676245844334179e-02,-2.145905092202652015e-04,-2.614407193845666097e-02,-5.121588589102047361e-03
2.420000000000000000e+02,2.387168747397712398e-01,-4.345704401671348499e-02,-6.757398483508994199e-05,-2.616706777358595790e-02,-5.519000431030899809e-03
2.430000000000000000e+02,2.387150742010978877e-01,-4.345780358592469389e-02,-1.822966106906660636e-04,-2.619105795416301966e-02,-5.757643338495203877e-03
2.440000000000000000e+02,2.387013868512057047e-01,-4.345867704087794797e-02,-2.096291887811918455e-04,-2.621217247862540553e-02,-5.067485870972852045e-03
2.450000000000000000e+02,2.387080286313192357e-01,-4.345894352207507749e-02,-6.395548731090680322e-05,-2.623490371114636441e-02,-5.455495805030099316e-03
2.460000000000000000e+02,2.387061454725648013e-01,-4.345968357254381687e-02,-1.776121124972505081e-04,-2.625869931934221232e-02,-5.710945967003810617e-03
2.470000000000000000e+02,2.386925595479658935e-01,-4.346055082324448704e-02,-2.081401681604498621e-04,-2.627954662163659028e-02,-5.003352550650810512e-03
2.480000000000000000e+02,2.386994445476132432e-01,-4.346079206922751764e-02,-5.789903592773014700e-05,-2.630206395288941026e-02,-5.404159500677175459e-03
2.490000000000000000e+02,2.386971575643059285e-01,-4.346144204369457864e-02,-1.559938720949281148e-04,-2.632543967624333472e-02,-5.610173604942127190e-03
2.500000000000000000e+02,2.386843981635293210e-01,-4.346226755324442137e-02,-1.981222919628554066e-04,-2.634614248377343745e-02,-4.968673807224506696e-03
2.510000000000000000e+02,2.386908351561312924e-01,-4.346251338967969252e-02,-5.900074446448473945e-05,-2.636840680241516258e-02,-5.343436474013757952e-03
2.520000000000000000e+02,2.386814431162020411e-01,-4.346314723577808514e-02,-1.521230636138956116e-04,-2.638919587776320658e-02,-4.989378083530396184e-03
2.530000000000000000e+02,2.386834209179866939e-01,-4.346345596502233788e-02,-7.409501861985191807e-05,-2.641107901768690799e-02,-5.251953581688666162e-03
2.540000000000000000e+02,2.386765749217469590e-01,-4.346404285352633429e-02,-1.408532409592682733e-04,-2.643190463920826183e-02,-4.998149165125291386e-03
2.550000000000000000e+02,2.386828180043493175e-01,-4.346438743730272197e-02,-8.270010633283972736e-05,-2.645527658127892756e-02,-5.609266096960068351e-03
2.560000000000000000e+02,2.386663157322786166e-01,-4.346532368609806740e-02,-2.246997108834718237e-04,-2.647510933318330401e-02,-4.759860457050420386e-03
2.570000000000000000e+02,2.386782451355877188e-01,-4.346545452018639455e-02,-3.140018119824768117e-05,-2.649816433733309315e-02,-5.533200995949115117e-03
2.580000000000000000e+02,2.386611229487842489e-01,-4.346636709400000798e-02,-2.190177152670795134e-04,-2.651786373676805544e-02,-4.727855864390961144e-03
2.590000000000000000e+02,2.386770370976301903e-01,-4.346659188290583065e-02,-5.394933739744458591e-05,-2.654223996439783809e-02,-5.850294631147875957e-03
2.600000000000000000e+02,2.386513507876052431e-01,-4.346778752856889777e-02,-2.869549591366881672e-04,-2.656083662459284359e-02,-4.463198446801003999e-03
2.610000000000000000e+02,2.386675886008646497e-01,-4.346769164757114529e-02,2.301143946044511245e-05,-2.658353219638578957e-02,-5.446937230306638997e-03
2.620000000000000000e+02,2.386499749112771518e-01,-4.346857496554324546e-02,-2.119963133033046267e-04,-2.660263856318711984e-02,-4.585528032319309728e-03
2.630000000000000000e+02,2.386618155495664473e-01,-4.346863036768394695e-02,-1.329651376829273676e-05,-2.662546825327335651e-02,-5.479125620696767909e-03
2.640000000000000000e+02,2.386440857621895950e-01,-4.346957704530262506e-02,-2.272026284831899130e-04,-2.664455242568037133e-02,-4.580201377683692371e-03
2.650000000000000000e+02,2.386613188352752213e-01,-4.346974555023781078e-02,-4.044118444484579109e-05,-2.666860350577853270e-02,-5.772259223558767922e-03
2.660000000000000000e+02,2.386347116894372289e-01,-4.347095364780088900e-02,-2.899434151389145356e-04,-2.668666632141425757e-02,-4.335075752573907572e-03
2.670000000000000000e+02,2.386527801276547844e-01,-4.347081529137693245e-02,3.320554174896661473e-05,-2.670936821424206228e-02,-5.448454278672834085e-03
2.680000000000000000e+02,2.386325252540175412e-01,-4.347179350534781384e-02,-2.347713530111240139e-04,-2.672789903983478071e-02,-4.447398142252353970e-03
2.690000000000000000e+02,2.386515080813309542e-01,-4.347189101048164195e-02,-2.340123211922110337e-05,-2.675179442665421431e-02,-5.734892836664342089e-03
2.700000000000000000e+02,2.386235258327196740e-01,-4.347311998403079192e-02,-2.949536517961953382e-04,-2.676945017543753969e-02,-4.237379707997948781e-03
2.710000000000000000e+02,2.386448260843042624e-01,-4.347293996077666173e-02,4.320558099141073340e-05,-2.679278536910241135e-02,-5.600446479569111229e-03
2.720000000000000000e+02,2.386192247035721914e-01,-4.347409652192507634e-02,-2.775746756190519650e-04,-2.681045856568232272e-02,-4.241567179178546906e-03
2.730000000000000000e+02,2.386422954824268527e-01,-4.347404552358293678e-02,1.223960211381994656e-05,-2.683458485990215803e-02,-5.790310612760358848e-03
2.740000000000000000e+02,2.386113360686433205e-01,-4.347537197505794287e-02,-3.183483540018609555e-04,-2.685154341987354074e-02,-4.070054393131782369e-03
2.750000000000000000e+02,2.386351212398180599e-01,-4.347508570785601351e-02,6.870412846365285368e-05,-2.687480531530809028e-02,-5.582854904291929474e-03
2.760000000000000000e+02,2.386079445726972947e-01,-4.347628079600075052e-02,-2.868211547376802806e-04,-2.689200177164860137e-02,-4.127149521722659961e-03
2.770000000000000000e+02,2.386324869817406380e-01,-4.347616859191461014e-02,2.692898067331610983e-05,-2.691596365447257097e-02,-5.750851877752448382e-03
2.780000000000000000e+02,2.386004318060679086e-01,-4.347751220001138533e-02,-3.224659432265334150e-04,-2.693253549200766775e-02,-3.977241008423246758e-03
2.790000000000000000e+02,2.386279575128856523e-01,-4.347720271619168880e-02,7.427611672634643492e-05,-2.695667544242869029e-02,-5.793588101045720092e-03
2.800000000000000000e+02,2.385941413759886942e-01,-4.347861873598469346e-02,-3.398447503204826193e-04,-2.697280872515401759e-02,-3.871987854078317096e-03
2.810000000000000000e+02,2.386237705155778710e-01,-4.347831379189200096e-02,7.318658224548575284e-05,-2.699720257917045257e-02,-5.854524963944325242e-03
2.820000000000000000e+02,2.385878465533470827e-01,-4.347980052280113472e-02,-3.568154181915597959e-04,-2.701292869259649607e-02,-3.774267222250058187e-03
2.830000000000000000e+02,2.386173933845816275e-01,-4.347932640165778212e-02,1.137890744053266174e-04,-2.703654597090782152e-02,-5.668146794717930995e-03
2.840000000000000000e+02,2.385843504504386314e-01,-4.348069368858450967e-02,-3.281488624145445661e-04,-2.705249295207408020e-02,-3.827275479901736180e-03
2.850000000000000000e+02,2.386137112218389422e-01,-4.348039360961319238e-02,7.201895311672679243e-05,-2.707644121680361990e-02,-5.747583535089663236e-03
2.860000000000000000e+02,2.385780398323044116e-01,-4.348183325672142635e-02,-3.455153059763285987e-04,-2.709200893983776740e-02,-3.736253528194987458e-03
2.870000000000000000e+02,2.386089359208717897e-01,-4.348146841318234479e-02,8.756244938029167195e-05,-2.711607396992537014e-02,-5.775607221024811611e-03
2.880000000000000000e+02,2.385721766437515212e-01,-4.348295258996177914e-02,-3.562024270647154217e-04,-2.713130588665502857e-02,-3.655660015118390727e-03
2.890000000000000000e+02,2.386043618974053315e-01,-4.348253265803209838e-02,1.007836631238286486e-04,-2.715539942489927916e-02,-5.782449178620519686e-03
2.900000000000000000e+02,2.385665703919437608e-01,-4.348404749937898744e-02,-3.635619232539036511e-04,-2.717036443382864902e-02,-3.591602143048495954e-03
2.910000000000000000e+02,2.385996868125183079e-01,-4.348358944172180107e-02,1.099338377246290789e-04,-2.719441401745256379e-02,-5.771900069739275066e-03
2.920000000000000000e+02,2.385611967726011251e-01,-4.348511780691746709e-02,-3.668076469597146149e-04,-2.720916092801716618e-02,-3.539258535504458906e-03
2.930000000000000000e+02,2.385949356868982685e-01,-4.348463290616307736e-02,1.163761810529985062e-04,-2.723312823722257026e-02,-5.752154209296990971e-03
2.940000000000000000e+02,2.385560027603303435e-01,-4.348616420375148867e-02,-3.675114212183847148e-04,-2.724769595815181022e-02,-3.496253023017416046e-03
2.950000000000000000e+02,2.385901317720260095e-01,-4.348565776241052755e-02,1.215459218304795470e-04,-2.727154764998497224e-02,-5.724406039958861332e-03
2.960000000000000000e+02,2.385509272559766247e-01,-4.348718789062809564e-02,-3.672307722167164807e-04,-2.728596262396776675e-02,-3.459593755870691081e-03
2.970000000000000000e+02,2.385852478603019966e-01,-4.348667410710313486e-02,1.233080459904288377e-04,-2.730968109638675506e-02,-5.692433380557030548e-03
2.980000000000000000e+02,2.385459509790478771e-01,-4.348819795503097718e-02,-3.657235026822562617e-04,-2.732395995634961591e-02,-3.426926391086609555e-03
2.990000000000000000e+02,2.385803742868464195e-01,-4.348767517595591298e-02,1.254669780161170615e-04,-2.734752894323428177e-02,-5.656556852319695808e-03
3.000000000000000000e+02,2.385410630511941854e-01,-4.348918830790676066e-02,-3.631516682032321459e-04,-2.736168527321257080e-02,-3.397519194789293956e-03
3.010000000000000000e+02,2.385755051387950521e-01,-4.348865848875071299e-02,1.271565974506417077e-04,-2.738509555618409350e-02,-5.618467913165574659e-03
3.020000000000000000e+02,2.385362321987484768e-01,-4.349015969704329160e-02,-3.602899902180483650e-04,-2.739913653743851832e-02,-3.369835501062194618e-03
3.030000000000000000e+02,2.385706424459667352e-01,-4.348962773237893820e-02,1.276715194448088263e-04,-2.742238944244865598e-02,-5.580697202433159559e-03
3.040000000000000000e+02,2.385314502299513140e-01,-4.349111544086704112e-02,-3.570500371442983031e-04,-2.743631843334776513e-02,-3.342957815786339656e-03
3.050000000000000000e+02,2.385657951921267284e-01,-4.349058289993679161e-02,1.278098232594494853e-04,-2.745941128637732764e-02,-5.542284727095127782e-03
3.060000000000000000e+02,2.385266884328842152e-01,-4.349206149392129128e-02,-3.548625562791345774e-04,-2.747323158691428527e-02,-3.316872128869999964e-03
3.070000000000000000e+02,2.385609670492870871e-01,-4.349152934568348977e-02,1.277155770725035854e-04,-2.749616145047478061e-02,-5.503167254518522358e-03
3.080000000000000000e+02,2.385219915587724060e-01,-4.349299373192219015e-02,-3.514526972875105367e-04,-2.750987625988137245e-02,-3.291554257581871552e-03
3.090000000000000000e+02,2.385561780091856876e-01,-4.349246037233149564e-02,1.280063017665836796e-04,-2.753264293414681152e-02,-5.464001823705235544e-03
3.100000000000000000e+02,2.385173343739427909e-01,-4.349391208855420826e-02,-3.484118934514074438e-04,-2.754625815585555818e-02,-3.267653210099242828e-03
3.110000000000000000e+02,2.385513944696547317e-01,-4.349338190252159675e-02,1.272446478271992100e-04,-2.756886178054645045e-02,-5.424869925814312065e-03
3.120000000000000000e+02,2.385127171352587616e-01,-4.349481891252499760e-02,-3.448824008162477820e-04,-2.758237671923593690e-02,-3.243585285476773081e-03
3.130000000000000000e+02,2.385466711379348459e-01,-4.349428708291925433e-02,1.276391053780135277e-04,-2.760481936800705111e-02,-5.386235705067678355e-03
3.140000000000000000e+02,2.385081002337738620e-01,-4.349571399542882105e-02,-3.424590022964479528e-04,-2.761823018941789512e-02,-3.218597138602961698e-03
3.150000000000000000e+02,2.385419773714704261e-01,-4.349518170612829554e-02,1.277494321261990538e-04,-2.764051493223097095e-02,-5.348338275138028036e-03
3.160000000000000000e+02,2.385035157026492436e-01,-4.349659957082348261e-02,-3.402875268451268677e-04,-2.765382385489000006e-02,-3.194141438166936929e-03
3.170000000000000000e+02,2.385372899928430990e-01,-4.349607077043787101e-02,1.269120925474617398e-04,-2.767595057983806076e-02,-5.310413987534592234e-03
3.180000000000000000e+02,2.384989866221468857e-01,-4.349747715599679848e-02,-3.375325341419669646e-04,-2.768916257368478351e-02,-3.170878523213149693e-03
3.190000000000000000e+02,2.385326461443075807e-01,-4.349694966320468564e-02,1.265982701068947601e-04,-2.771113292495789096e-02,-5.272884305545854494e-03
3.200000000000000000e+02,2.384944860063223093e-01,-4.349834259456191593e-02,-3.343035257350595864e-04,-2.772424323424780776e-02,-3.146474229579721785e-03
3.210000000000000000e+02,2.385280379513947391e-01,-4.349781463760898220e-02,1.267096687042022773e-04,-2.774605593412372839e-02,-5.235047970220599658e-03
3.220000000000000000e+02,2.384900222013325577e-01,-4.349919549649946399e-02,-3.314061337149885357e-04,-2.775906940312814625e-02,-3.123232561060521051e-03
3.230000000000000000e+02,2.385234467603686015e-01,-4.349867133693223475e-02,1.257982961345177229e-04,-2.778073018677271536e-02,-5.198588074696659962e-03
3.240000000000000000e+02,2.384855657601650525e-01,-4.350004392388967522e-02,-3.294208697854579320e-04,-2.779364472130329763e-02,-3.099488287339979570e-03
3.250000000000000000e+02,2.385189145745270356e-01,-4.349951803642209541e-02,1.262129922188244676e-04,-2.781515431690010851e-02,-5.162302943234274230e-03
3.260000000000000000e+02,2.384811502164621289e-01,-4.350087736831151353e-02,-3.262396534605896533e-04,-2.782796460909917058e-02,-3.074470127775219379e-03
3.270000000000000000e+02,2.385143909985535660e-01,-4.350035425625779772e-02,1.255468928922557725e-04,-2.784932574641933375e-02,-5.126672956839414645e-03
3.280000000000000000e+02,2.384767432186871705e-01,-4.350170733812075419e-02,-3.247396471090564936e-04,-2.786203616142109152e-02,-3.050499600422221843e-03
3.290000000000000000e+02,2.385099092142316524e-01,-4.350118737067138613e-02,1.247921878477444469e-04,-2.788325669426932121e-02,-5.092927883575531882e-03
3.300000000000000000e+02,2.384723707727163799e-01,-4.350253151563943793e-02,-3.225947923328811038e-04,-2.789586409705369779e-02,-3.025776668250702156e-03
3.310000000000000000e+02,2.385054691776738733e-01,-4.350200928806480238e-02,1.253346179125904556e-04,-2.791693760261405519e-02,-5.057641334486142649e-03
3.320000000000000000e+02,2.384680537969324499e-01,-4.350334261226780630e-02,-3.199978087215836573e-04,-2.792944862110373003e-02,-3.002644437522358246e-03
3.330000000000000000e+02,2.385010581160866838e-01,-4.350281944653580646e-02,1.255597756805397871e-04,-2.795037915367717257e-02,-5.023327817626346142e-03
3.340000000000000000e+02,2.384637312814013588e-01,-4.350414608822415069e-02,-3.183940052027628637e-04,-2.796278757824936442e-02,-2.978021897326283123e-03
3.350000000000000000e+02,2.384966562291635228e-01,-4.350362575106250795e-02,1.248809187948991687e-04,-2.798357686718753318e-02,-4.989429345160788926e-03
3.360000000000000000e+02,2.384594514912769248e-01,-4.350494309473754845e-02,-3.161624820100202623e-04,-2.799588283864125338e-02,-2.953433148892647877e-03
3.370000000000000000e+02,2.384923156929255328e-01,-4.350442026913624999e-02,1.254781443120439165e-04,-2.801653424338178960e-02,-4.956337137728757981e-03
3.380000000000000000e+02,2.384551949150884864e-01,-4.350572946761237930e-02,-3.142076342710520710e-04,-2.802873746872055344e-02,-2.928774081303384038e-03
3.390000000000000000e+02,2.384879885008003020e-01,-4.350520822710689239e-02,1.250977213167122097e-04,-2.804925543526093357e-02,-4.924311969691569021e-03
3.400000000000000000e+02,2.384509632940170765e-01,-4.350650992069842599e-02,-3.124064619678497607e-04,-2.806135543237817803e-02,-2.903999308138512526e-03
3.410000000000000000e+02,2.384836836248828418e-01,-4.350599087065211423e-02,1.245720111141178040e-04,-2.808174034044983586e-02,-4.892377937198209500e-03
3.420000000000000000e+02,2.384467568674101534e-01,-4.350728556938585762e-02,-3.107276960981992186e-04,-2.809373654470523340e-02,-2.879089021295073384e-03
3.430000000000000000e+02,2.384794457132717316e-01,-4.350676322908279131e-02,1.253616727366045364e-04,-2.811399416643530977e-02,-4.861829215218662140e-03
3.440000000000000000e+02,2.384425633620256002e-01,-4.350805192626166357e-02,-3.092873229300789400e-04,-2.812588223133574358e-02,-2.853135576104473287e-03
3.450000000000000000e+02,2.384752197137304519e-01,-4.350753023688762322e-02,1.252054497693962922e-04,-2.814601656937528243e-02,-4.832241129489303968e-03
3.460000000000000000e+02,2.384383939211076331e-01,-4.350881345360915059e-02,-3.079720131659232111e-04,-2.815779563892551948e-02,-2.826976692057163888e-03
3.470000000000000000e+02,2.384710380648386030e-01,-4.350828692050491553e-02,1.263679450169916401e-04,-2.817780238166762291e-02,-4.801618258104497529e-03
3.480000000000000000e+02,2.384342463368206710e-01,-4.350956564458544062e-02,-3.068937793262408332e-04,-2.818947152581342125e-02,-2.800594594991314464e-03
3.490000000000000000e+02,2.384668832933108107e-01,-4.350903822578324615e-02,1.265805125272403725e-04,-2.820936136283075379e-02,-4.773560884159503033e-03
3.500000000000000000e+02,2.384301083304683488e-01,-4.351031598681788515e-02,-3.066626483140490102e-04,-2.822091979162269157e-02,-2.774022910064701235e-03
3.510000000000000000e+02,2.384627729024439979e-01,-4.350978488765285673e-02,1.274637996065277690e-04,-2.824069465001092377e-02,-4.745966013176042622e-03
3.520000000000000000e+02,2.384260185969418466e-01,-4.351105612606188250e-02,-3.050972181661073005e-04,-2.825214003822190678e-02,-2.746893170635633912e-03
3.530000000000000000e+02,2.384586631777999566e-01,-4.351052538100855238e-02,1.273788128000456245e-04,-2.827180029121424340e-02,-4.718460718160449353e-03
3.540000000000000000e+02,2.384219537067747696e-01,-4.351179372359364333e-02,-3.044022204213069158e-04,-2.828313824405344692e-02,-2.721108681408586968e-03
3.550000000000000000e+02,2.384545824606998932e-01,-4.351126359236377056e-02,1.272314951692336891e-04,-2.830268546317561001e-02,-4.691332589318824089e-03
3.560000000000000000e+02,2.384179016675897489e-01,-4.351252922618779190e-02,-3.037521177648217809e-04,-2.831391061939247944e-02,-2.694037492048972134e-03
3.570000000000000000e+02,2.384505651560950845e-01,-4.351199395861248681e-02,1.284642180725856600e-04,-2.833334953777526602e-02,-4.665340411869020251e-03
3.580000000000000000e+02,2.384138891110877956e-01,-4.351325464398052290e-02,-3.025644883292723762e-04,-2.834446255867523190e-02,-2.667125015991625783e-03
3.590000000000000000e+02,2.384465690804856985e-01,-4.351271527095373903e-02,1.294495264278492969e-04,-2.836379529124363058e-02,-4.639855816415356347e-03
3.600000000000000000e+02,2.384098734342176007e-01,-4.351397489799479351e-02,-3.023104898530191206e-04,-2.837479146572623873e-02,-2.639081875825689035e-03
3.610000000000000000e+02,2.384425996747630838e-01,-4.351343194741320169e-02,1.303081395820700639e-04,-2.839401993278984140e-02,-4.614832095264790116e-03
3.620000000000000000e+02,2.384058860385445955e-01,-4.351469097026118560e-02,-3.021654835160579936e-04,-2.840490059478904816e-02,-2.611358879809451677e-03
3.630000000000000000e+02,2.384386631344038443e-01,-4.351414487851655577e-02,1.310620187118720988e-04,-2.842402965103363668e-02,-4.590973498701068217e-03
3.640000000000000000e+02,2.384019385787524425e-01,-4.351540066616035873e-02,-3.013890345124874831e-04,-2.843479519818660831e-02,-2.583731316712850959e-03
3.650000000000000000e+02,2.384347558046689131e-01,-4.351484909040110455e-02,1.323781822205022493e-04,-2.845382244208808850e-02,-4.566538536355120234e-03
3.660000000000000000e+02,2.383980155121958322e-01,-4.351610249661120450e-02,-3.008174904247617716e-04,-2.846447362794448169e-02,-2.556284605534294829e-03
3.670000000000000000e+02,2.384308782164304974e-01,-4.351554624286069206e-02,1.335009001232052937e-04,-2.848340360664558188e-02,-4.543194888264011355e-03
3.680000000000000000e+02,2.383940959313002594e-01,-4.351680097913911832e-02,-3.011367068215214764e-04,-2.849393843478601612e-02,-2.528358753703877169e-03
3.690000000000000000e+02,2.384270263714787785e-01,-4.351624038443873549e-02,1.345427280910970434e-04,-2.851277174141652812e-02,-4.519993591323286271e-03
3.700000000000000000e+02,2.383902150179385560e-01,-4.351749372067368477e-02,-3.008006963878152992e-04,-2.852319007351677635e-02,-2.500399704059568830e-03
3.710000000000000000e+02,2.384232023654272725e-01,-4.351692938712289210e-02,1.354400521901288641e-04,-2.854193131055534141e-02,-4.497896889255702420e-03
3.720000000000000000e+02,2.383863670260795709e-01,-4.351818189312101071e-02,-3.006014395484026165e-04,-2.855223718001707878e-02,-2.473408670817289160e-03
3.730000000000000000e+02,2.384194166648209712e-01,-4.351761127791287792e-02,1.369476499516635091e-04,-2.857088512481431586e-02,-4.475506751336572574e-03
3.740000000000000000e+02,2.383825307636025237e-01,-4.351886357824413798e-02,-3.005520795026034937e-04,-2.858107432457596131e-02,-2.445407942795047029e-03
3.750000000000000000e+02,2.384156338866015301e-01,-4.351829035252361561e-02,1.375741729258524106e-04,-2.859963087083372546e-02,-4.453571101863651113e-03
3.760000000000000000e+02,2.383787295723082400e-01,-4.351954283700697895e-02,-3.005962760078715939e-04,-2.860970801252618947e-02,-2.418514006191665750e-03
3.770000000000000000e+02,2.384119001666129833e-01,-4.351896423352613619e-02,1.388648354018543461e-04,-2.862817438589833341e-02,-4.431929609314878317e-03
3.780000000000000000e+02,2.383749515211567305e-01,-4.352021426898865231e-02,-3.000085110031380699e-04,-2.863813377583547537e-02,-2.390253584914197541e-03
3.790000000000000000e+02,2.384081848527221659e-01,-4.351963113261731603e-02,1.399527291202608487e-04,-2.865651548217433217e-02,-4.411609521325984481e-03
3.800000000000000000e+02,2.383711937683131166e-01,-4.352088263659366352e-02,-3.003609543240509400e-04,-2.866636282430459759e-02,-2.363362111263798016e-03
3.810000000000000000e+02,2.384044944067928717e-01,-4.352029520373726368e-02,1.409838855358442667e-04,-2.868465276900248120e-02,-4.389586727492181956e-03
3.820000000000000000e+02,2.383674731604230046e-01,-4.352154519461576276e-02,-2.999978108389702745e-04,-2.869438734865744495e-02,-2.336299117191515187e-03
3.830000000000000000e+02,2.384008451442216348e-01,-4.352094815334944106e-02,1.432899039170645742e-04,-2.871259092284162220e-02,-4.368857804202451456e-03
3.840000000000000000e+02,2.383637626557744138e-01,-4.352220101053624196e-02,-3.006857248318349865e-04,-2.872221536285532797e-02,-2.309865603289715415e-03
3.850000000000000000e+02,2.383972077039495097e-01,-4.352160094521632244e-02,1.440156767814641456e-04,-2.874033223458657971e-02,-4.348049215500462625e-03
3.860000000000000000e+02,2.383600814532740031e-01,-4.352285341292130849e-02,-3.005922491969828438e-04,-2.874984241450517092e-02,-2.282443180461528852e-03
3.870000000000000000e+02,2.383935956702731007e-01,-4.352224777209828810e-02,1.453537975242413923e-04,-2.876787844802040917e-02,-4.328648043657561117e-03
3.880000000000000000e+02,2.383564253910409325e-01,-4.352350077668666606e-02,-3.007211012112358402e-04,-2.877727670692487721e-02,-2.255582137072663015e-03
3.890000000000000000e+02,2.383900259903253271e-01,-4.352288997338717158e-02,1.465927918793671686e-04,-2.879522950324548553e-02,-4.308671116946311171e-03
3.900000000000000000e+02,2.383527959700149079e-01,-4.352414362245093232e-02,-3.008757753033478163e-04,-2.880451716620084299e-02,-2.229039109285789553e-03
3.910000000000000000e+02,2.383864469035030798e-01,-4.352352821309046077e-02,1.476982465125522680e-04,-2.882238663437729914e-02,-4.288672362349641928e-03
3.920000000000000000e+02,2.383492012689926998e-01,-4.352478336386574054e-02,-3.012361860671926598e-04,-2.883156996480719381e-02,-2.203999303174752986e-03
3.930000000000000000e+02,2.383829171881778897e-01,-4.352416351880204759e-02,1.487628152861340510e-04,-2.884935113911449647e-02,-4.267481833752872350e-03
3.940000000000000000e+02,2.383456213028186665e-01,-4.352541983031234935e-02,-3.015147624719800986e-04,-2.885842574785124279e-02,-2.177906096819363143e-03
3.950000000000000000e+02,2.383793784919989167e-01,-4.352479909322164164e-02,1.489769017691988553e-04,-2.887613626207722467e-02,-4.250523414235948469e-03
3.960000000000000000e+02,2.383420787193260559e-01,-4.352605449369802149e-02,-3.012961143319868541e-04,-2.888510478604686127e-02,-2.152445752712564379e-03
3.970000000000000000e+02,2.383759261422442322e-01,-4.352542674962950331e-02,1.506585764447675364e-04,-2.890272448923503906e-02,-4.228728765162620071e-03
3.980000000000000000e+02,2.383385626218094688e-01,-4.352668057679277142e-02,-3.009185191850467962e-04,-2.891158600022662728e-02,-2.126762637980864241e-03
3.990000000000000000e+02,2.383723858099650594e-01,-4.352605016246206132e-02,1.512994393703519258e-04,-2.892913165203322631e-02,-4.210956433583861597e-03
4.000000000000000000e+02,2.383350634065956042e-01,-4.352730820778483167e-02,-3.019308774651230810e-04,-2.893789645082140566e-02,-2.103551709163343445e-03
4.010000000000000000e+02,2.383690181352700055e-01,-4.352667416002232309e-02,1.521714630024853542e-04,-2.895533943859278023e-02,-4.186317065130080312e-03
4.020000000000000000e+02,2.383316135238974787e-01,-4.352792633280161416e-02,-3.005214670300455958e-04,-2.896399572992470334e-02,-2.077509919661337488e-03
4.030000000000000000e+02,2.383654597851850299e-01,-4.352728506868522307e-02,1.539033879338179834e-04,-2.898139591858911110e-02,-4.176045279457835102e-03
4.040000000000000000e+02,2.383281250811572771e-01,-4.352854872031756972e-02,-3.032763917625654233e-04,-2.898995826288765579e-02,-2.054962631650738246e-03
4.050000000000000000e+02,2.383623110827589042e-01,-4.352790328068129044e-02,1.549055127064392565e-04,-2.900721323848843777e-02,-4.141194144187586301e-03
4.060000000000000000e+02,2.383248414578394703e-01,-4.352914663439733101e-02,-2.984048918504176792e-04,-2.901568082783078512e-02,-2.032221442163361768e-03
4.070000000000000000e+02,2.383583424251426719e-01,-4.352850442741581366e-02,1.541296755645886192e-04,-2.903298608946541445e-02,-4.153262792311293410e-03
4.080000000000000000e+02,2.383212818684760370e-01,-4.352978887040344358e-02,-3.082663170307892815e-04,-2.904137685612533451e-02,-2.013783998380412523e-03
4.090000000000000000e+02,2.383558078306239336e-01,-4.352913977102357279e-02,1.557838511693787902e-04,-2.905837863052952372e-02,-4.080425857005244919e-03
4.100000000000000000e+02,2.383192975854569740e-01,-4.353034854255567743e-02,-2.901051677044071933e-04,-2.906702293623274896e-02,-2.074633368774251359e-03
4.110000000000000000e+02,2.383452605516672429e-01,-4.352969294415295204e-02,1.573436166543175623e-04,-2.908271131157285153e-02,-3.765210081624283025e-03
4.120000000000000000e+02,2.383192614892419015e-01,-4.353065952609200262e-02,-2.319796653722408074e-04,-2.909195246881998362e-02,-2.217877739311516563e-03
4.130000000000000000e+02,2.383443126733185979e-01,-4.353026194416691891e-02,9.541966201928985393e-05,-2.910840851874586799e-02,-3.949451982211861847e-03
4.140000000000000000e+02,2.383137382752450739e-01,-4.353141341819946608e-02,-2.763537678119446818e-04,-2.911716569650037167e-02,-2.101722661080514861e-03
4.150000000000000000e+02,2.383442097603366838e-01,-4.353090149849253576e-02,1.228607296625209688e-04,-2.913337133523576095e-02,-3.889353296493250865e-03
4.160000000000000000e+02,2.383138090948156984e-01,-4.353198383875348659e-02,-2.597616626284389441e-04,-2.914314739517854386e-02,-2.346254386267735553e-03
4.170000000000000000e+02,2.383286380079769895e-01,-4.353165974139944910e-02,7.778336496868710516e-05,-2.915680079123901189e-02,-3.276815054512374412e-03
4.180000000000000000e+02,2.383234767227355166e-01,-4.353229824740371262e-02,-1.532414410227052044e-04,-2.916864455741979140e-02,-2.842503883387063283e-03
4.190000000000000000e+02,2.383253223588969183e-01,-4.353250933843916953e-02,-5.066184850974096634e-05,-2.918290983869559901e-02,-3.423667506194068462e-03
4.200000000000000000e+02,2.383100760441006216e-01,-4.353319863472335932e-02,-1.654311082056702902e-04,-2.919298475088184103e-02,-2.417978924697729293e-03
4.210000000000000000e+02,2.383293014032736856e-01,-4.353303795959103523e-02,3.856203175840337621e-05,-2.920763474245562097e-02,-3.515997977707535464e-03
4.220000000000000000e+02,2.383079717665923802e-01,-4.353381131605829624e-02,-1.856055521427984242e-04,-2.921814620797001660e-02,-2.522751723454902915e-03
4.230000000000000000e+02,2.383157217646534876e-01,-4.353370226111292346e-02,2.617318688900873943e-05,-2.923070300148907646e-02,-3.013630444574713196e-03
4.240000000000000000e+02,2.383162875293915739e-01,-4.353413978582848509e-02,-1.050059317341229897e-04,-2.924295631101985968e-02,-2.940794287388275551e-03
4.250000000000000000e+02,2.383136452542487238e-01,-4.353449087776499471e-02,-8.426206476226769278e-05,-2.925640194791508802e-02,-3.226952854854764179e-03
4.260000000000000000e+02,2.383021378476676000e-01,-4.353504157786404483e-02,-1.321680237721344607e-04,-2.926665745651758910e-02,-2.461322064600309206e-03
4.270000000000000000e+02,2.383182569449455723e-01,-4.353496683110831544e-02,1.793922137429250583e-05,-2.928065576297207012e-02,-3.359593549075425012e-03
4.280000000000000000e+02,2.383028118626093761e-01,-4.353573743535885110e-02,-1.849450201278433469e-04,-2.929255365478901016e-02,-2.855494036065667901e-03
4.290000000000000000e+02,2.383017634170783161e-01,-4.353594906669076142e-02,-5.079151965882967531e-05,-2.930381775487519991e-02,-2.703384020685727952e-03
4.300000000000000000e+02,2.383097587937052786e-01,-4.353612572809627962e-02,-4.239873732376571891e-05,-2.931675559018019975e-02,-3.105080473199952392e-03
4.310000000000000000e+02,2.383008882065053846e-01,-4.353667311118558647e-02,-1.313719414339571310e-04,-2.932925894756198068e-02,-3.000805771627302037e-03
4.320000000000000000e+02,2.382947023457483438e-01,-4.353704445347385266e-02,-8.912214918468774731e-05,-2.933980777457361605e-02,-2.531718482792712568e-03
4.330000000000000000e+02,2.383068121843594511e-01,-4.353707586707967342e-02,-7.539265397237657662e-06,-2.935308290411484458e-02,-3.186031089894492650e-03
4.340000000000000000e+02,2.382947461020833713e-01,-4.353771840004184990e-02,-1.542079109223829436e-04,-2.936506209245037108e-02,-2.875005200526747472e-03
4.350000000000000000e+02,2.382911602343657509e-01,-4.353799115039218987e-02,-6.546008408114762983e-05,-2.937579101912120641e-02,-2.574942401000760144e-03
4.360000000000000000e+02,2.383010713740570663e-01,-4.353808524856294521e-02,-2.258356098098632454e-05,-2.938866756827434104e-02,-3.090371796752416390e-03
4.370000000000000000e+02,2.382909182940999571e-01,-4.353865899975325332e-02,-1.377002856742022975e-04,-2.940070416138384352e-02,-2.888782346280705394e-03
4.380000000000000000e+02,2.382858762695264643e-01,-4.353896875185159221e-02,-7.434050360106644363e-05,-2.941115722595406476e-02,-2.508735496852936616e-03
4.390000000000000000e+02,2.382968547820099592e-01,-4.353902139555256012e-02,-1.263448823272151917e-05,-2.942401851874996282e-02,-3.086710271015430905e-03
4.400000000000000000e+02,2.382859766487471220e-01,-4.353961414673524627e-02,-1.422602838442640753e-04,-2.943581964341916365e-02,-2.832269920608138439e-03
4.410000000000000000e+02,2.382815638159631599e-01,-4.353989090184649802e-02,-6.642122669994532163e-05,-2.944623136825927356e-02,-2.498813961626126286e-03
4.420000000000000000e+02,2.382919266978843487e-01,-4.353995516708038249e-02,-1.542365613206327752e-05,-2.945887967591500484e-02,-3.035593837375351409e-03
4.430000000000000000e+02,2.382816829256520774e-01,-4.354052245561169932e-02,-1.361492475161909881e-04,-2.947059875001080062e-02,-2.812577782990920931e-03
4.440000000000000000e+02,2.382768369960571453e-01,-4.354080066510888219e-02,-6.677027932368585750e-05,-2.948084992052452460e-02,-2.460280923293603483e-03
4.450000000000000000e+02,2.382874516656151020e-01,-4.354084807625657055e-02,-1.137867544450535878e-05,-2.949339110383046234e-02,-3.009883993425053680e-03
4.460000000000000000e+02,2.382771225875921495e-01,-4.354141186899485733e-02,-1.353102571880095270e-04,-2.950494683181735522e-02,-2.773374716854266377e-03
4.470000000000000000e+02,2.382723954272130962e-01,-4.354167552259730761e-02,-6.327686458819600812e-05,-2.951510100503201839e-02,-2.437001571519321723e-03
4.480000000000000000e+02,2.382827982729701644e-01,-4.354172444994394708e-02,-1.174256319325395892e-05,-2.952748150183299655e-02,-2.971319232234944860e-03
4.490000000000000000e+02,2.382727841076540121e-01,-4.354227152003861678e-02,-1.312968227204995943e-04,-2.953891982842855174e-02,-2.745198382933484744e-03
4.500000000000000000e+02,2.382678661806324760e-01,-4.354253249912023310e-02,-6.263497958791932273e-05,-2.954894515715435557e-02,-2.406078894192845933e-03
4.510000000000000000e+02,2.382783101009390281e-01,-4.354257583585271346e-02,-1.040081579506752147e-05,-2.956119863124156977e-02,-2.940833780931435739e-03
4.520000000000000000e+02,2.382683834712178428e-01,-4.354311767097859137e-02,-1.300404302101361193e-04,-2.957250226888110539e-02,-2.712873033488807841e-03
4.530000000000000000e+02,2.382634374769318775e-01,-4.354337432097538790e-02,-6.159599923114549458e-05,-2.958241644963256756e-02,-2.379403380351157241e-03
4.540000000000000000e+02,2.382738389072902863e-01,-4.354341359263181471e-02,-9.425197542158451664e-06,-2.959453590084472688e-02,-2.908668290918077493e-03
4.550000000000000000e+02,2.382640605194104866e-01,-4.354394559987035535e-02,-1.276817372497639365e-04,-2.960571024050123040e-02,-2.681841517560994408e-03
4.560000000000000000e+02,2.382590612767198912e-01,-4.354419372812090572e-02,-5.955078013287919256e-05,-2.961550782700771850e-02,-2.351420761557065572e-03
4.570000000000000000e+02,2.382694127891012148e-01,-4.354422820669006516e-02,-8.274856597681555916e-06,-2.962749294972470346e-02,-2.876429452076030482e-03
4.580000000000000000e+02,2.382597536329552901e-01,-4.354475571315181981e-02,-1.266015508206101551e-04,-2.963853862876903236e-02,-2.650962970639176002e-03
4.590000000000000000e+02,2.382547351017220705e-01,-4.354499705733804599e-02,-5.792260469359148312e-05,-2.964822393654950247e-02,-2.324473867312598988e-03
4.600000000000000000e+02,2.382650254740981410e-01,-4.354503137812370389e-02,-8.236988557728318707e-06,-2.966008144991669898e-02,-2.845803208127101538e-03
4.610000000000000000e+02,2.382555194013878386e-01,-4.354554959958564092e-02,-1.243731508642850910e-04,-2.967100387316929516e-02,-2.621381580623272870e-03
4.620000000000000000e+02,2.382504311488328752e-01,-4.354578572755384014e-02,-5.667071236839070090e-05,-2.968057044879558737e-02,-2.295978150310536321e-03
4.630000000000000000e+02,2.382607113014308664e-01,-4.354581541043701931e-02,-7.123891963662706145e-06,-2.969230513116574710e-02,-2.816323768838524012e-03
4.640000000000000000e+02,2.382512904697576539e-01,-4.354632926832466971e-02,-1.233258930369188038e-04,-2.970310019361245210e-02,-2.590814987209135063e-03
4.650000000000000000e+02,2.382461958041144634e-01,-4.354655856220994437e-02,-5.503053246617827931e-05,-2.971255406152413514e-02,-2.268928298803656214e-03
4.660000000000000000e+02,2.382564178757480833e-01,-4.354658521013961281e-02,-6.395503120753028698e-06,-2.972416128809612229e-02,-2.785734377276872717e-03
4.670000000000000000e+02,2.382471352863944625e-01,-4.354709318270559570e-02,-1.219134158354602055e-04,-2.973484038924107190e-02,-2.562984274787848214e-03
4.680000000000000000e+02,2.382419665313445234e-01,-4.354732013793081308e-02,-5.446925405166238047e-05,-2.974417444008076519e-02,-2.240172201526018439e-03
4.690000000000000000e+02,2.382522185550915994e-01,-4.354734194662462921e-02,-5.234086515311683451e-06,-2.975567176507269707e-02,-2.759357998063358564e-03
4.700000000000000000e+02,2.382429787771374596e-01,-4.354784536693600411e-02,-1.208208747293799110e-04,-2.976622290388587430e-02,-2.532273315162682226e-03
4.710000000000000000e+02,2.382378320901625268e-01,-4.354806513522149758e-02,-5.274438851803789992e-05,-2.977544813807714644e-02,-2.214056205905637429e-03
4.720000000000000000e+02,2.382480162869528573e-01,-4.354808377115176182e-02,-4.472623264043857532e-06,-2.978682290440385488e-02,-2.729943918409868855e-03
4.730000000000000000e+02,2.382388797306693173e-01,-4.354858416857087383e-02,-1.200953805864143475e-04,-2.979725678576964840e-02,-2.504131527790289490e-03
4.740000000000000000e+02,2.382337101818583769e-01,-4.354880101357175987e-02,-5.204280021325270364e-05,-2.980636862881468757e-02,-2.186842330809571182e-03
4.750000000000000000e+02,2.382438882579252792e-01,-4.354881444462479351e-02,-3.223452728202325015e-06,-2.981763084922344625e-02,-2.702932898102331557e-03
4.760000000000000000e+02,2.382348167005157447e-01,-4.354930997415586147e-02,-1.189270874556952142e-04,-2.982794388809087427e-02,-2.475129328182389642e-03
4.770000000000000000e+02,2.382296631532223041e-01,-4.354951915229497705e-02,-5.020275338743866169e-05,-2.983694606913400021e-02,-2.160523450349998310e-03
4.780000000000000000e+02,2.382397775281144825e-01,-4.354953218300227497e-02,-3.127369751037255025e-06,-2.984809639131787845e-02,-2.676077324131042982e-03
4.790000000000000000e+02,2.382307967090913636e-01,-4.355002420177994660e-02,-1.180845066414579160e-04,-2.985829568564835404e-02,-2.447830639314182120e-03
4.800000000000000000e+02,2.382256272309563605e-01,-4.355022984388411122e-02,-4.935410499944398318e-05,-2.986718333648750653e-02,-2.133036201396660680e-03
