# Time, SliderHeight, Motor1Pos, Motor1Vel, Motor2Pos, Motor2Vel
0.000000000000000000e+00,2.600000000000000089e-01,0.000000000000000000e+00,0.000000000000000000e+00,0.000000000000000000e+00,0.000000000000000000e+00
1.000000000000000000e+00,-3.270378408085266031e-01,9.118676185607908422e-03,2.188482284545897993e+00,-3.922253820642101693e-03,-9.413409169541044896e-01
2.000000000000000000e+00,-1.094418988140667404e-01,2.317384481430053572e-02,3.373240470886230469e+00,-1.298055485965770618e-02,-2.173992249363744911e+00
3.000000000000000000e+00,-1.870243228388052681e-01,4.256610512733459417e-02,4.654142475128175249e+00,-2.926723030419309257e-02,-3.908802106688492373e+00
4.000000000000000000e+00,-1.072036134129780161e-01,6.643456614017487216e-02,5.728430643081664719e+00,-5.355563344749952187e-02,-5.829216754393542921e+00
5.000000000000000000e+00,5.547160797338941407e-01,8.634810801744460806e-02,4.779250050544738393e+00,-7.014519663022661389e-02,-3.981495163854501307e+00
6.000000000000000000e+00,1.602944929071176139e-03,1.101481660282611907e-01,5.712013922595978954e+00,-9.532542996848009098e-02,-6.043256001180832726e+00
7.000000000000000000e+00,6.415850326156544714e-01,1.278273830481767848e-01,4.243012084779739901e+00,-1.097593878377572940e-01,-3.464149888626529172e+00
8.000000000000000000e+00,-7.878541941086397715e-02,1.505613597931027559e-01,5.456154418782234394e+00,-1.347864212457532962e-01,-6.006488017919041411e+00
9.000000000000000000e+00,6.093921500550798509e-01,1.664403980405533556e-01,3.810969179388141725e+00,-1.480157622847027288e-01,-3.175041849347866485e+00
1.000000000000000000e+01,-7.717657388708448751e-02,1.875115906087819473e-01,5.057086216374864662e+00,-1.708340995734386469e-01,-5.476400949296618137e+00
1.100000000000000000e+01,5.347184924675778550e-01,2.031350023944613614e-01,3.749618828563061612e+00,-1.859956502901306818e-01,-3.638772172006088823e+00
1.200000000000000000e+01,8.758495154294604346e-02,2.216144997536632910e-01,4.435079366208464435e+00,-2.060933654434343176e-01,-4.823451636792872144e+00
1.300000000000000000e+01,3.829140008758277203e-01,2.373498677008891167e-01,3.776488307334201266e+00,-2.232174388079605221e-01,-4.109777607486291728e+00
1.400000000000000000e+01,1.849249523534085005e-01,2.539680181855151764e-01,3.988356116310252997e+00,-2.411627597280406321e-01,-4.306877020819228186e+00
1.500000000000000000e+01,2.715248470032574080e-01,2.697499554378560149e-01,3.787664940561796811e+00,-2.583586603226931677e-01,-4.127016142716604108e+00
1.600000000000000000e+01,2.332505012376758502e-01,2.853751147707793701e-01,3.750038239901611892e+00,-2.757428049006455106e-01,-4.172194698708567628e+00
1.700000000000000000e+01,2.364004949400045352e-01,3.006088106263125059e-01,3.656087005327955275e+00,-2.929109326911712441e-01,-4.120350669726170700e+00
1.800000000000000000e+01,2.225199467827764788e-01,3.155631513978640057e-01,3.589041785172357724e+00,-3.095080155891615781e-01,-3.983299895517682376e+00
1.900000000000000000e+01,8.567475987687224181e-01,3.300891362058162581e-01,3.486236353908539698e+00,-3.253553210582529331e-01,-3.803353312581924328e+00
2.000000000000000000e+01,3.764289354083152905e-01,3.444182075388471098e-01,3.438977119927399073e+00,-3.405272488842867595e-01,-3.641262678248118334e+00
2.100000000000000000e+01,-2.441174867682499583e-03,3.587328193182265368e-01,3.435506827051067802e+00,-3.548340909228142603e-01,-3.433642089246599749e+00
2.200000000000000000e+01,3.627086222189032649e-02,3.734740732254606677e-01,3.537900937736191853e+00,-3.686518431374251614e-01,-3.316260531506622478e+00
2.300000000000000000e+01,3.273635774106986029e-01,3.879011438615938001e-01,3.462496952671951345e+00,-3.817698234953075254e-01,-3.148315285891772231e+00
2.400000000000000000e+01,2.570701316904361877e-01,4.012552350456919936e-01,3.204981884183569107e+00,-3.940629191023964362e-01,-2.950342945701333708e+00
2.500000000000000000e+01,2.333028141721820714e-01,4.133772238914282804e-01,2.909277322976709268e+00,-4.053373750786345986e-01,-2.705869434297161202e+00
2.600000000000000000e+01,2.224139862465668582e-01,4.243377850909937354e-01,2.630534687895710100e+00,-4.156939540739074679e-01,-2.485578958865486854e+00
2.700000000000000000e+01,2.154247240133773111e-01,4.342294460479717566e-01,2.373998629674729521e+00,-4.251998694073012008e-01,-2.281419680014497242e+00
2.800000000000000000e+01,2.095065174024387800e-01,4.431458526346301330e-01,2.139937580798005889e+00,-4.338729056045013133e-01,-2.081528687328027427e+00
2.900000000000000000e+01,2.048842324424039740e-01,4.511786055853901356e-01,1.927860708182400407e+00,-4.418040581509624087e-01,-1.903476611150659359e+00
3.000000000000000000e+01,2.012504473351388601e-01,4.584126727989494277e-01,1.736176131254234534e+00,-4.490797463418787494e-01,-1.746165165819915766e+00
3.100000000000000000e+01,1.982808477747401432e-01,4.649259797376889547e-01,1.563193665297484936e+00,-4.557633826586111603e-01,-1.604072716015782829e+00
3.200000000000000000e+01,1.976748293659212619e-01,4.707897798809240197e-01,1.407312034376414056e+00,-4.622963723399163838e-01,-1.567917523513252309e+00
3.300000000000000000e+01,1.983310302917112022e-01,4.760681298483401824e-01,1.266803992179880822e+00,-4.683127973067073846e-01,-1.443941992029843524e+00
3.400000000000000000e+01,1.958656634982317291e-01,4.808195150517981520e-01,1.140332448829910028e+00,-4.738028445534427924e-01,-1.317611339216497868e+00
3.500000000000000000e+01,1.929679824289509682e-01,4.850962147372380184e-01,1.026407924505573277e+00,-4.787653987015878521e-01,-1.191012995554813658e+00
3.600000000000000000e+01,1.899102624836555564e-01,4.889454113551764403e-01,9.238071883052146882e-01,-4.832341883479799871e-01,-1.072509515134113300e+00
3.700000000000000000e+01,1.870899823605012557e-01,4.924097956102772011e-01,8.314522212241759469e-01,-4.872567579606658650e-01,-9.654167070446081356e-01
3.800000000000000000e+01,1.846095386567360164e-01,4.955278368234727338e-01,7.483298911669332698e-01,-4.908776415188546016e-01,-8.690120539652942400e-01
3.900000000000000000e+01,1.824332769515585595e-01,4.983341454668328008e-01,6.735140744064177509e-01,-4.941369221356171626e-01,-7.822273480230181875e-01
4.000000000000000000e+01,1.805194160833299144e-01,5.008598828938273240e-01,6.061769824786824579e-01,-4.970706801832381894e-01,-7.041019314290422049e-01
4.100000000000000000e+01,1.788327834986379039e-01,5.031330943377727571e-01,5.455707465469068485e-01,-4.997113873215539570e-01,-6.337697131957843455e-01
4.200000000000000000e+01,1.773430896164426007e-01,5.051790324606840743e-01,4.910251494987093457e-01,-5.020882481546528053e-01,-5.704465999437245971e-01
4.300000000000000000e+01,1.760244527666047221e-01,5.070204128019957235e-01,4.419312819147871996e-01,-5.042275049408774246e-01,-5.134216286939076168e-01
4.400000000000000000e+01,1.748535919504711766e-01,5.086776913923002352e-01,3.977468616730863715e-01,-5.061526658324495553e-01,-4.620386139773085543e-01
4.500000000000000000e+01,1.738105436674062254e-01,5.101692669065429619e-01,3.579781234182620175e-01,-5.078847520409421890e-01,-4.157006900382375081e-01
4.600000000000000000e+01,1.728805660765594387e-01,5.115117100504078529e-01,3.221863545275746588e-01,-5.094427096984783798e-01,-3.739098378086984642e-01
4.700000000000000000e+01,1.720611638792864939e-01,5.127199340151603613e-01,2.899737515405891308e-01,-5.108445601766657962e-01,-3.364441147649857022e-01
4.800000000000000000e+01,1.713390032171724919e-01,5.138073605436823676e-01,2.609823668452899148e-01,-5.121065549375587445e-01,-3.028787426142955375e-01
4.900000000000000000e+01,1.706932014079539928e-01,5.147860693056901527e-01,2.348901028818641545e-01,-5.132424206198867855e-01,-2.726077637587344671e-01
5.000000000000000000e+01,1.701161939251907007e-01,5.156669319507575233e-01,2.114070348161678492e-01,-5.142646815225290213e-01,-2.453426166341267090e-01
5.100000000000000000e+01,1.695996808642253884e-01,5.164597211190485870e-01,1.902694003898650066e-01,-5.151845920173692139e-01,-2.207785187616467804e-01
5.200000000000000000e+01,1.691387316610773461e-01,5.171732559201327462e-01,1.712483522602107899e-01,-5.160124018036780225e-01,-1.986743487141041098e-01
5.300000000000000000e+01,1.687233317351045647e-01,5.178154500167354568e-01,1.541265831846397594e-01,-5.167570903522212822e-01,-1.787252516503770317e-01
5.400000000000000000e+01,1.683591752471091940e-01,5.183934368479312660e-01,1.387168394869818799e-01,-5.174274453569914778e-01,-1.608852011448545782e-01
5.500000000000000000e+01,1.680069886455132777e-01,5.189136390484601069e-01,1.248485281269185176e-01,-5.180290002991893017e-01,-1.443731861274656636e-01
5.600000000000000000e+01,1.677654331545090638e-01,5.193818293788016183e-01,1.123656792819558159e-01,-5.185739597032194004e-01,-1.307902569672319548e-01
5.700000000000000000e+01,1.674144884969075708e-01,5.198033453781625290e-01,1.011638398466187666e-01,-5.190536740138240734e-01,-1.151314345451293492e-01
5.800000000000000000e+01,1.673000242151836403e-01,5.201825751863555780e-01,9.101515396633898247e-02,-5.194981037777548494e-01,-1.066631433433984089e-01
5.900000000000000000e+01,1.670452820918024717e-01,5.205240102468512431e-01,8.194441451895928541e-02,-5.198881992523062268e-01,-9.362291389233837191e-02
6.000000000000000000e+01,1.667625888211493046e-01,5.208313301901970060e-01,7.375678640298315158e-02,-5.202357363264431545e-01,-8.340889779286383976e-02
6.100000000000000000e+01,1.667502609819651038e-01,5.211077850028474900e-01,6.634915503610505638e-02,-5.205626521759273428e-01,-7.845980387621066809e-02
6.200000000000000000e+01,1.665626241016039955e-01,5.213567005800823217e-01,5.973973853635841658e-02,-5.208480632875904792e-01,-6.849866679915911361e-02
6.300000000000000000e+01,1.663789686919708855e-01,5.215807447778018080e-01,5.377060745267602665e-02,-5.211024157511130461e-01,-6.104459124542795795e-02
6.400000000000000000e+01,1.661880108121419897e-01,5.217824039416260051e-01,4.839819931780505596e-02,-5.213289068733544251e-01,-5.435786933792067371e-02
6.500000000000000000e+01,1.662091747433209199e-01,5.219637661205629442e-01,4.352692294486968511e-02,-5.215443710239684449e-01,-5.171139614737714496e-02
6.600000000000000000e+01,1.660534496251189485e-01,5.221271081328157093e-01,3.920208294065698207e-02,-5.217303177168134409e-01,-4.462720628279644858e-02
6.700000000000000000e+01,1.659352293574528070e-01,5.222741298190932691e-01,3.528520470661041658e-02,-5.218959406489765973e-01,-3.974950371915116770e-02
6.800000000000000000e+01,1.658198869204925152e-01,5.224064626615394502e-01,3.175988218708150623e-02,-5.220433341539654215e-01,-3.537444119732024300e-02
6.900000000000000000e+01,1.658408525950062218e-01,5.225254224624478194e-01,2.855035221801119003e-02,-5.221841820473721585e-01,-3.380349441762046242e-02
7.000000000000000000e+01,1.657105152084303590e-01,5.226326281308341093e-01,2.572936041270577900e-02,-5.223041184749466215e-01,-2.878474261786464344e-02
7.100000000000000000e+01,1.656330028806968779e-01,5.227291233391825331e-01,2.315885000362685742e-02,-5.224107986908457235e-01,-2.560325181578873566e-02
7.200000000000000000e+01,1.656182225289878629e-01,5.228158332348983306e-01,2.081037497179111240e-02,-5.225101505915284994e-01,-2.384445616387496220e-02
7.300000000000000000e+01,1.655296061770464566e-01,5.228940125037895292e-01,1.876302453390009048e-02,-5.225956959987237971e-01,-2.053089772686384276e-02
7.400000000000000000e+01,1.655984734686513637e-01,5.229642290767383406e-01,1.685197750771171704e-02,-5.226816079721747776e-01,-2.061887362822441283e-02
7.500000000000000000e+01,1.654934525742933482e-01,5.230275492434725004e-01,1.519684001619465812e-02,-5.227525849536542868e-01,-1.703447555509323211e-02
7.600000000000000000e+01,1.654507570455762688e-01,5.230845432928543648e-01,1.367857185165566834e-02,-5.228157313390252581e-01,-1.515513248903318719e-02
7.700000000000000000e+01,1.654113872456022261e-01,5.231358436034782011e-01,1.231207454973076536e-02,-5.228718485260093196e-01,-1.346812487617267753e-02
7.800000000000000000e+01,1.653765293420384752e-01,5.231820193189753443e-01,1.108217171931335024e-02,-5.229216752507406252e-01,-1.195841393551578050e-02
7.900000000000000000e+01,1.653456052913930274e-01,5.232235826828608438e-01,9.975207332515213104e-03,-5.229658625673009320e-01,-1.060495597447258347e-02
8.000000000000000000e+01,1.654318322530477503e-01,5.232608428044005500e-01,8.942429169538286191e-03,-5.230142210819012094e-01,-1.160604350406537789e-02
8.100000000000000000e+01,1.653445665934443198e-01,5.232945016891716872e-01,8.078132345064737221e-03,-5.230520282654828046e-01,-9.073724059579971191e-03
8.200000000000000000e+01,1.653230544092440524e-01,5.233247977809601936e-01,7.271062029228472084e-03,-5.230856760838921149e-01,-8.075476418223615296e-03
8.300000000000000000e+01,1.653032370802161033e-01,5.233520672368273674e-01,6.544669408109731260e-03,-5.231155842329159311e-01,-7.177955765726622486e-03
8.400000000000000000e+01,1.652856593207493729e-01,5.233766126010601649e-01,5.890887415871404187e-03,-5.231421419995950783e-01,-6.373864002997719179e-03
8.500000000000000000e+01,1.652701083677174110e-01,5.233987061682430220e-01,5.302456123888291649e-03,-5.231656991327918726e-01,-5.653711967242898255e-03
8.600000000000000000e+01,1.652563786673759971e-01,5.234185930079928717e-01,4.772841539961305592e-03,-5.231865698250949270e-01,-5.008966152741206948e-03
8.700000000000000000e+01,1.652442064339790240e-01,5.234364936915413269e-01,4.296164051642365617e-03,-5.232050297798284122e-01,-4.430389136023540377e-03
8.800000000000000000e+01,1.652335756868830996e-01,5.234526067316366271e-01,3.867129622879748613e-03,-5.232213392294974286e-01,-3.914267920552385975e-03
8.900000000000000000e+01,1.652240389738279247e-01,5.234671227313019148e-01,3.483839919660273142e-03,-5.232357177948120386e-01,-3.450855675509484789e-03
9.000000000000000000e+01,1.652537355085524629e-01,5.234801376012288010e-01,3.123568782456849491e-03,-5.232515194066249542e-01,-3.792386835101174865e-03
9.100000000000000000e+01,1.652166079518082309e-01,5.234918981706346841e-01,2.822536657403357935e-03,-5.232631911701756122e-01,-2.801223252158637541e-03
9.200000000000000000e+01,1.652098874454362432e-01,5.235024844887802287e-01,2.540716354929996139e-03,-5.232734642255676416e-01,-2.465533294078418088e-03
9.300000000000000000e+01,1.652040515039867874e-01,5.235120139137643402e-01,2.287061996184373662e-03,-5.232824872876890021e-01,-2.165534909133620591e-03
9.400000000000000000e+01,1.652409152584805585e-01,5.235204488955880198e-01,2.024395637683165401e-03,-5.232937817884114606e-01,-2.710680173380328357e-03
9.500000000000000000e+01,1.652092190405293481e-01,5.235281740293779018e-01,1.854032109580697413e-03,-5.233017922196069316e-01,-1.922503486922131407e-03
9.600000000000000000e+01,1.652049362474257432e-01,5.235351276753684724e-01,1.668875037735347401e-03,-5.233088702037819173e-01,-1.698716201985076089e-03
9.700000000000000000e+01,1.652012417198027439e-01,5.235413869436089662e-01,1.502224377715780448e-03,-5.233151140365088771e-01,-1.498519854478751884e-03
9.800000000000000000e+01,1.651981628529047841e-01,5.235470212293211745e-01,1.352228570926495123e-03,-5.233206185598817672e-01,-1.321085609500643370e-03
9.900000000000000000e+01,1.651954566002942493e-01,5.235520929949361024e-01,1.217223747594112183e-03,-5.233254563213891597e-01,-1.161062761766599050e-03
1.000000000000000000e+02,1.651931462162978259e-01,5.235566584569336657e-01,1.095710879419174374e-03,-5.233296985370966548e-01,-1.018131769804801311e-03
1.010000000000000000e+02,1.651911881025558693e-01,5.235607682115250849e-01,9.863411019384409322e-04,-5.233334091249732811e-01,-8.905410903796482204e-04
1.020000000000000000e+02,1.651895444810413116e-01,5.235644677966377891e-01,8.879004270359186230e-04,-5.233366454409202895e-01,-7.767158272847109841e-04
1.030000000000000000e+02,1.651881817767033300e-01,5.235677981976937234e-01,7.992962534360601281e-04,-5.233394589414837039e-01,-6.752401352258645970e-04
1.040000000000000000e+02,1.651870699293802869e-01,5.235707963028101153e-01,7.195452279386603880e-04,-5.233418957801684313e-01,-5.848412843305527071e-04
1.050000000000000000e+02,1.651861819751536120e-01,5.235734953124807634e-01,6.477623209466510604e-04,-5.233439973438994697e-01,-5.043752954518776390e-04
1.060000000000000000e+02,1.652192939580083009e-01,5.235757790759156816e-01,5.481032243860204864e-04,-5.233485182261502500e-01,-1.085011740182868648e-03
1.070000000000000000e+02,1.651956996313196646e-01,5.235779721233457806e-01,5.263313832187454730e-04,-5.233509476146805950e-01,-5.830532472957685418e-04
1.080000000000000000e+02,1.651946630183410147e-01,5.235799460823604701e-01,4.737501635192392147e-04,-5.233531062515779375e-01,-5.180728553612960708e-04
1.090000000000000000e+02,1.651939130695075364e-01,5.235817228549916047e-01,4.264254314648325281e-04,-5.233550222022795850e-01,-4.598281683852599618e-04
1.100000000000000000e+02,1.651933482633441697e-01,5.235833221520675984e-01,3.838312982450499183e-04,-5.233567207587447312e-01,-4.076535516419589546e-04
1.110000000000000000e+02,1.651929194977020676e-01,5.235847617133261300e-01,3.454947020355551325e-04,-5.233582246617273226e-01,-3.609367158202125814e-04
1.120000000000000000e+02,1.651926052530354183e-01,5.235860575047612819e-01,3.109899444402001588e-04,-5.233595543432892905e-01,-3.191235748634945217e-04
1.130000000000000000e+02,1.651923917706383249e-01,5.235872238960487257e-01,2.799339089755077149e-04,-5.233607281556534874e-01,-2.817149674128927072e-04
1.140000000000000000e+02,1.651922680669887233e-01,5.235882738201805831e-01,2.519817916522251906e-04,-5.233617625797777340e-01,-2.482617898152615870e-04
1.150000000000000000e+02,1.651922246160525964e-01,5.235892189171265088e-01,2.268232670244351898e-04,-5.233626724136798414e-01,-2.183601365159126861e-04
1.160000000000000000e+02,1.651922529458278166e-01,5.235900696631253792e-01,2.041790397323633933e-04,-5.233634709420418307e-01,-1.916468068868702680e-04
1.170000000000000000e+02,1.651923454686514969e-01,5.235908354870479897e-01,1.837977414379507782e-04,-5.233641700888411741e-01,-1.677952318391231644e-04
1.180000000000000000e+02,1.651924953763591331e-01,5.235915248751237261e-01,1.654531381839399881e-04,-5.233647805546778331e-01,-1.465118007992570589e-04
1.190000000000000000e+02,1.651926965578099926e-01,5.235921454651947249e-01,1.489416170462803187e-04,-5.233653119403219867e-01,-1.275325546012444843e-04
1.200000000000000000e+02,1.651929435276260072e-01,5.235927041315452390e-01,1.340799241300602920e-04,-5.233657728578599011e-01,-1.106202090917286264e-04
1.210000000000000000e+02,1.651932313628143023e-01,5.235932070612483447e-01,1.207031287581961077e-04,-5.233661710306796166e-01,-9.556147672453559549e-05
1.220000000000000000e+02,1.651935556459330490e-01,5.235936598228785321e-01,1.086627912402508340e-04,-5.233665133834146665e-01,-8.216465640334554531e-05
1.230000000000000000e+02,1.651939124140092419e-01,5.235940674283529050e-01,9.782531385607388106e-05,-5.233668061228511359e-01,-7.025746474314273435e-05
1.240000000000000000e+02,1.651942981125973375e-01,5.235944343885893248e-01,8.807045674905839060e-05,-5.233670548107036691e-01,-5.968508461325639229e-05
1.250000000000000000e+02,1.651947095544561706e-01,5.235947647635985636e-01,7.929000220907924128e-05,-5.233672644290753295e-01,-5.030840920634408923e-05
1.260000000000000000e+02,1.651951438823771046e-01,5.235950622075674632e-01,7.138655253580150628e-05,-5.233674394393339480e-01,-4.200246206248837760e-05
1.270000000000000000e+02,1.651955985357478895e-01,5.235953300094345897e-01,6.427244811469920752e-05,-5.233675838350649867e-01,-3.465497544763105204e-05
1.280000000000000000e+02,1.651960712204779969e-01,5.235955711294082437e-01,5.786879366979848401e-05,-5.233677011896951115e-01,-2.816511124162348944e-05
1.290000000000000000e+02,1.651965598819469527e-01,5.235957882318328371e-01,5.210458189729162400e-05,-5.233677946993202657e-01,-2.244231004035467667e-05
1.300000000000000000e+02,1.651970626806731346e-01,5.235959837147692308e-01,4.691590473523392249e-05,-5.233678672212188632e-01,-1.740525567427942004e-05
1.310000000000000000e+02,1.651975779704314973e-01,5.235961597366171061e-01,4.224524349566866212e-05,-5.233679213084837523e-01,-1.298094357170158158e-05
1.320000000000000000e+02,1.651981042785725939e-01,5.235963182400753535e-01,3.804082998540445559e-05,-5.233679592411610848e-01,-9.103842564497454623e-06
1.330000000000000000e+02,1.651986402883240668e-01,5.235964609737066011e-01,3.425607151184397793e-05,-5.233679830542478095e-01,-5.715140801808545268e-06
1.340000000000000000e+02,1.651991848228741566e-01,5.235965895113456892e-01,3.084903338723019121e-05,-5.233679945628616492e-01,-2.762067319897506713e-06
1.350000000000000000e+02,1.651997368310599290e-01,5.235967052695672530e-01,2.778197317601871713e-05,-5.233679953848688893e-01,-1.972817261699332236e-07
1.360000000000000000e+02,1.652002953744980962e-01,5.235968095234069253e-01,2.502092152136609955e-05,-5.233679869612236635e-01,2.021674858507144583e-06
1.370000000000000000e+02,1.652008596160148002e-01,5.235969034205105732e-01,2.253530488292848085e-05,-5.233679705742498856e-01,3.932873700585916366e-06
1.380000000000000000e+02,1.652014288092427952e-01,5.235969879938688898e-01,2.029760599982107278e-05,-5.233679473640717728e-01,5.570442755028123444e-06
1.390000000000000000e+02,1.652020022892699280e-01,5.235970641732784481e-01,1.828305830321279369e-05,-5.233679183433788129e-01,6.964966312176215040e-06
1.400000000000000000e+02,1.652025794642330292e-01,5.235971327956571164e-01,1.646937089209963998e-05,-5.233678844106934847e-01,8.143844468163392457e-06
1.410000000000000000e+02,1.652031598077619845e-01,5.235971946143279654e-01,1.483648100275168887e-05,-5.233678463622916111e-01,9.131616459105338333e-06
1.420000000000000000e+02,1.652037428521888063e-01,5.235972503073748063e-01,1.336633123265484714e-05,-5.233678049029104606e-01,9.950251467082013614e-06
1.430000000000000000e+02,1.652043281824454313e-01,5.235973004851625090e-01,1.204266904389764778e-05,-5.233677606553681638e-01,1.061941014880446561e-05
1.440000000000000000e+02,1.652049154305794132e-01,5.235973456971054762e-01,1.085086631026579357e-05,-5.233677141692021362e-01,1.115667985809765087e-05
1.450000000000000000e+02,1.652055042708278632e-01,5.235973864377592157e-01,9.777756907229738487e-06,-5.233676659284265398e-01,1.157778615614472966e-05
1.460000000000000000e+02,1.652060944151911570e-01,5.235974231523031763e-01,8.811490546252141856e-06,-5.233676163584973784e-01,1.189678301124495987e-05
1.470000000000000000e+02,1.652066856094576430e-01,5.235974562414749123e-01,7.941401217400698644e-06,-5.233675658325647184e-01,1.212622382889326451e-05
1.480000000000000000e+02,1.652072776296327483e-01,5.235974860660115304e-01,7.157888798894731835e-06,-5.233675146770846442e-01,1.227731521971894844e-05
1.490000000000000000e+02,1.652078702787327935e-01,5.235975129506469372e-01,6.452312490740343461e-06,-5.233674631768544527e-01,1.236005525759494943e-05
1.500000000000000000e+02,1.652084633839070449e-01,5.235975371877090723e-01,5.816894907918227339e-06,-5.233674115795304838e-01,1.238335775411437290e-05
1.510000000000000000e+02,1.652090567938533650e-01,5.235975590403580959e-01,5.244635772811378260e-06,-5.233673600996805453e-01,1.235516398311317482e-05
1.520000000000000000e+02,1.652096503764988455e-01,5.235975787455007247e-01,4.729234223850325069e-06,-5.233673089224175623e-01,1.228254310873757408e-05
1.530000000000000000e+02,1.652102440169196662e-01,5.235975965164127999e-01,4.265018895394012059e-06,-5.233672582066574153e-01,1.217178243492979875e-05
1.540000000000000000e+02,1.652108376154732827e-01,5.235976125451002883e-01,3.846884999269537606e-06,-5.233672080880386046e-01,1.202846852340678881e-05
1.550000000000000000e+02,1.652114310861248769e-01,5.235976270044239156e-01,3.470237682813168080e-06,-5.233671586815382692e-01,1.185756007320123310e-05
1.560000000000000000e+02,1.652120243549457246e-01,5.235976400500116368e-01,3.130941059037617507e-06,-5.233671100838157564e-01,1.166345340796345199e-05
1.570000000000000000e+02,1.652126173587673275e-01,5.235976518219797038e-01,2.825272327685865411e-06,-5.233670623753102769e-01,1.145004131827773683e-05
1.580000000000000000e+02,1.652132100439754059e-01,5.235976624464817597e-01,2.549880489312958544e-06,-5.233670156221190695e-01,1.122076590022217311e-05
1.590000000000000000e+02,1.652138023654290688e-01,5.235976720371033899e-01,2.301749185852042230e-06,-5.233669698776772794e-01,1.097866602903105385e-05
1.600000000000000000e+02,1.652143942854936987e-01,5.235976806961168961e-01,2.078163249470858259e-06,-5.233669251842606451e-01,1.072641998047529006e-05
1.610000000000000000e+02,1.652149857731740890e-01,5.235976885156110594e-01,1.876678605395327180e-06,-5.233668815743285352e-01,1.046638370812628674e-05
1.620000000000000000e+02,1.652155768033396199e-01,5.235976955785076603e-01,1.695095174246390180e-06,-5.233668390717235441e-01,1.020062520384390682e-05
1.630000000000000000e+02,1.652161673560306188e-01,5.235977019594764137e-01,1.531432491664540207e-06,-5.233667976927429688e-01,9.930955334019474397e-06
1.640000000000000000e+02,1.652167574158383556e-01,5.235977077257587542e-01,1.383907765271201422e-06,-5.233667574470949324e-01,9.658955518965777625e-06
1.650000000000000000e+02,1.652173469713509313e-01,5.235977129379092432e-01,1.250916118565283300e-06,-5.233667183387509247e-01,9.386002568076483267e-06
1.660000000000000000e+02,1.652179360146586451e-01,5.235977176504625907e-01,1.131012811425583069e-06,-5.233666803667053058e-01,9.113290953933520262e-06
1.670000000000000000e+02,1.652185245409122372e-01,5.235977219125343973e-01,1.022897245156404468e-06,-5.233666435256519867e-01,8.841852785077604455e-06
1.680000000000000000e+02,1.652191125479287592e-01,5.235977257683617214e-01,9.253985579183933767e-07,-5.233666078065865035e-01,8.572575721843549320e-06
1.690000000000000000e+02,1.652197000358405221e-01,5.235977292577894682e-01,8.374626635875704581e-07,-5.233665731973404789e-01,8.306219033715215238e-06
1.700000000000000000e+02,1.652202870067819573e-01,5.235977324167085944e-01,7.581405906679731012e-07,-5.233665396830572414e-01,8.043427979640521122e-06
1.710000000000000000e+02,1.652208734646115063e-01,5.235977352774501270e-01,6.865779768462714260e-07,-5.233665072466127111e-01,7.784746700440833828e-06
1.720000000000000000e+02,1.652214594146637905e-01,5.235977378691402118e-01,6.220056238701663702e-07,-5.233664758689887675e-01,7.530629758532002022e-06
1.730000000000000000e+02,1.652220448635302041e-01,5.235977402180193030e-01,5.637309869880819947e-07,-5.233664455296035412e-01,7.281452463700648406e-06
1.740000000000000000e+02,1.652226298188631259e-01,5.235977423477298220e-01,5.111305247773710981e-07,-5.233664162066030690e-01,7.037520123432036995e-06
1.750000000000000000e+02,1.652232142892033628e-01,5.235977442795748393e-01,4.636428052425437009e-07,-5.233663878771184219e-01,6.799076310555347498e-06
1.760000000000000000e+02,1.652237982838271058e-01,5.235977460327511102e-01,4.207623069421917694e-07,-5.233663605174924127e-01,6.566310250308619677e-06
1.770000000000000000e+02,1.652243818126103159e-01,5.235977476245587958e-01,3.820338353071421689e-07,-5.233663341034781036e-01,6.339363435434105500e-06
1.780000000000000000e+02,1.652249648859099307e-01,5.235977490705900905e-01,3.470474980673059301e-07,-5.233663086104134443e-01,6.118335510861240864e-06
1.790000000000000000e+02,1.652255475144582264e-01,5.235977503848991965e-01,3.154341866960230172e-07,-5.233662840133735950e-01,5.903289551169994201e-06
1.800000000000000000e+02,1.652261297092705583e-01,5.235977515801554238e-01,2.868615051298537200e-07,-5.233662602873038194e-01,5.694256751705876789e-06
1.810000000000000000e+02,1.652267114815642590e-01,5.235977526677808580e-01,2.610301031349172129e-07,-5.233662374071346157e-01,5.491240618833789376e-06
1.820000000000000000e+02,1.652272164483454264e-01,5.235977536623551698e-01,2.386978305190800044e-07,-5.233662088344779306e-01,6.857437613102960822e-06
1.830000000000000000e+02,1.652278009467264552e-01,5.235977545715205794e-01,2.181996952966735946e-07,-5.233661813159204979e-01,6.604453785694183736e-06
1.840000000000000000e+02,1.652283849284669759e-01,5.235977554032694714e-01,1.996197351751536038e-07,-5.233661548164518784e-01,6.359872476395044712e-06
1.850000000000000000e+02,1.652289684103712408e-01,5.235977561648164080e-01,1.827712726719858826e-07,-5.233661293018140315e-01,6.123513085028931085e-06
1.860000000000000000e+02,1.652295514087128991e-01,5.235977568626751788e-01,1.674860973767537462e-07,-5.233661047385335108e-01,5.895187316596776270e-06
1.870000000000000000e+02,1.652301339394512125e-01,5.235977575027277453e-01,1.536126245308311803e-07,-5.233660810939462227e-01,5.674700955567707139e-06
1.880000000000000000e+02,1.652307160182114598e-01,5.235977580902870798e-01,1.410142478956440264e-07,-5.233660583362153007e-01,5.461855430148367627e-06
1.890000000000000000e+02,1.652312976602700600e-01,5.235977586301531206e-01,1.295678389417578136e-07,-5.233660364343437621e-01,5.256449166699412920e-06
1.900000000000000000e+02,1.652318788805416661e-01,5.235977591266631759e-01,1.191624107396348575e-07,-5.233660153581821683e-01,5.058278787517605471e-06
1.910000000000000000e+02,1.652324596935699497e-01,5.235977595837377763e-01,1.096979150952374365e-07,-5.233659950784315118e-01,4.867140151220484387e-06
1.920000000000000000e+02,1.652330401135215232e-01,5.235977600049217529e-01,1.010841484194016947e-07,-5.233659755666429936e-01,4.682829247210584441e-06
1.930000000000000000e+02,1.652336201541813321e-01,5.235977603934207636e-01,9.323977207243399592e-08,-5.233659567952139158e-01,4.505142981797189532e-06
1.940000000000000000e+02,1.652341998289508229e-01,5.235977607521351551e-01,8.609144161911648302e-08,-5.233659387373812422e-01,4.333879838495169580e-06
1.950000000000000000e+02,1.652347791508474995e-01,5.235977610836892726e-01,7.957299991504240405e-08,-5.233659213672127164e-01,4.168840458319465060e-06
1.960000000000000000e+02,1.652353581325058385e-01,5.235977613904592154e-01,7.362477901351315819e-08,-5.233659046595955378e-01,4.009828124194069732e-06
1.970000000000000000e+02,1.652359367861803985e-01,5.235977616745964847e-01,6.819293946621202727e-08,-5.233658885902240376e-01,3.856649170441907162e-06
1.980000000000000000e+02,1.652365151237486229e-01,5.235977619380502990e-01,6.322890771967670965e-08,-5.233658731355851357e-01,3.709113331347353770e-06
1.990000000000000000e+02,1.652370931567163914e-01,5.235977621825871342e-01,5.868884540293284230e-08,-5.233658582729433517e-01,3.567034016249227635e-06
2.000000000000000000e+02,1.652376708962226548e-01,5.235977624098087091e-01,5.453318510635427619e-08,-5.233658439803243745e-01,3.430228550654242120e-06
2.010000000000000000e+02,1.652382483530458190e-01,5.235977626211678615e-01,5.072620317687287611e-08,-5.233658302364978532e-01,3.298518357881211410e-06
2.020000000000000000e+02,1.652388255376109061e-01,5.235977628179830923e-01,4.723564293176940724e-08,-5.233658170209599669e-01,3.171729094713165248e-06
2.030000000000000000e+02,1.652394024599959932e-01,5.235977630014513329e-01,4.403236989404053817e-08,-5.233658043139151061e-01,3.049690772091740638e-06
2.040000000000000000e+02,1.652399791299402343e-01,5.235977631726599357e-01,4.109006922526272612e-08,-5.233657920962575538e-01,2.932237820198854997e-06
2.050000000000000000e+02,1.652405555568515483e-01,5.235977633325972214e-01,3.838496186180418947e-08,-5.233657803495528338e-01,2.819209142768067839e-06
2.060000000000000000e+02,1.652411317498146681e-01,5.235977634821620263e-01,3.589555499153955009e-08,-5.233657690560189479e-01,2.710448140521509772e-06
2.070000000000000000e+02,1.652417077175997451e-01,5.235977636221721410e-01,3.360241650053628516e-08,-5.233657581985076135e-01,2.605802714805630399e-06
2.080000000000000000e+02,1.652422834686702313e-01,5.235977637533720808e-01,3.148797581458588024e-08,-5.233657477604857222e-01,2.505125250664061827e-06
2.090000000000000000e+02,1.652428590111912343e-01,5.235977638764401920e-01,2.953634067252045951e-08,-5.233657377260165777e-01,2.408272594329235557e-06
2.100000000000000000e+02,1.652434343530384542e-01,5.235977639919948690e-01,2.773312970654676487e-08,-5.233657280797415767e-01,2.315106002136029718e-06
2.110000000000000000e+02,1.652440095018062050e-01,5.235977641006004379e-01,2.606532632870409892e-08,-5.233657188068620014e-01,2.225491090004463217e-06
2.120000000000000000e+02,1.652445844648162687e-01,5.235977642027718204e-01,2.452114021780528771e-08,-5.233657098931213669e-01,2.139297764394932858e-06
2.130000000000000000e+02,1.652451592491253340e-01,5.235977642989797509e-01,2.308989843024734240e-08,-5.233657013247873246e-01,2.056400160870165909e-06
2.140000000000000000e+02,1.652457338615344884e-01,5.235977643896544409e-01,2.176192257795335206e-08,-5.233656930886350089e-01,1.976676546056155644e-06
2.150000000000000000e+02,1.652463083085961293e-01,5.235977644751895754e-01,2.052844375755924157e-08,-5.233656851719298286e-01,1.900009254803420834e-06
2.160000000000000000e+02,1.652468825966223187e-01,5.235977645559458660e-01,1.938150882405729745e-08,-5.233656775624107027e-01,1.826284589245748070e-06
2.170000000000000000e+02,1.652474567316932763e-01,5.235977646322538259e-01,1.831389768982385525e-08,-5.233656702482744061e-01,1.755392722431816574e-06
2.180000000000000000e+02,1.652480307196642073e-01,5.235977647044165462e-01,1.731905885519361974e-08,-5.233656632181593604e-01,1.687227614194051782e-06
2.190000000000000000e+02,1.652486045661729908e-01,5.235977647727125817e-01,1.639104512617648500e-08,-5.233656564611305351e-01,1.621686906729992910e-06
2.200000000000000000e+02,1.652491782766481176e-01,5.235977648373977278e-01,1.552444630920168178e-08,-5.233656499666645701e-01,1.558671826745377214e-06
2.210000000000000000e+02,1.652497518563150192e-01,5.235977648987074629e-01,1.471434865348463207e-08,-5.233656437246350102e-01,1.498087092116974061e-06
2.220000000000000000e+02,1.652503253102036440e-01,5.235977649568586134e-01,1.395627818835169923e-08,-5.233656377252983161e-01,1.439840806711188946e-06
2.230000000000000000e+02,1.652508986431551474e-01,5.235977650120509086e-01,1.324616265573393795e-08,-5.233656319592800976e-01,1.383844363887034376e-06
2.240000000000000000e+02,1.652514718598285248e-01,5.235977650644687564e-01,1.258029588585809426e-08,-5.233656264175620132e-01,1.330012344313930807e-06
2.250000000000000000e+02,1.652520449647067458e-01,5.235977651142824651e-01,1.195529701932003792e-08,-5.233656210914685580e-01,1.278262426263974402e-06
2.260000000000000000e+02,1.652526179621037206e-01,5.235977651616494644e-01,1.136808276371491961e-08,-5.233656159726548518e-01,1.228515280232007111e-06
2.270000000000000000e+02,1.652531908561696017e-01,5.235977652067154153e-01,1.081583971466159692e-08,-5.233656110530945371e-01,1.180694478044839024e-06
2.280000000000000000e+02,1.652537636508969732e-01,5.235977652496154322e-01,1.029599924227634887e-08,-5.233656063250679003e-01,1.134726402267283333e-06
2.290000000000000000e+02,1.652543363501268459e-01,5.235977652904746371e-01,9.806209643529432685e-09,-5.233656017811506578e-01,1.090540147623446769e-06
2.300000000000000000e+02,1.652549089575537089e-01,5.235977653294092704e-01,9.344324259261859385e-09,-5.233655974142029654e-01,1.048067435245455008e-06
2.310000000000000000e+02,1.652554814767313029e-01,5.235977653665274678e-01,8.908376137276116961e-09,-5.233655932173590930e-01,1.007242520619055665e-06
2.320000000000000000e+02,1.652560539110775051e-01,5.235977654019298155e-01,8.496560674085894368e-09,-5.233655891840169883e-01,9.680021133370490485e-07
2.330000000000000000e+02,1.652566262638793249e-01,5.235977654357099054e-01,8.107223659290361978e-09,-5.233655853078282849e-01,9.302852923445628607e-07
2.340000000000000000e+02,1.652571985382979558e-01,5.235977654679551119e-01,7.738849063533055031e-09,-5.233655815826890878e-01,8.940334155321486799e-07
2.350000000000000000e+02,1.652577707373734106e-01,5.235977654987469254e-01,7.390041529370566676e-09,-5.233655780027305360e-01,8.591900488317123132e-07
2.360000000000000000e+02,1.652583428640289898e-01,5.235977655281616183e-01,7.059519562220261686e-09,-5.233655745623101430e-01,8.257008833488038421e-07
2.370000000000000000e+02,1.652589149210755282e-01,5.235977655562703559e-01,6.746100565676828991e-09,-5.233655712560032480e-01,7.935136645005058588e-07
2.380000000000000000e+02,1.652594869112157250e-01,5.235977655831399735e-01,6.448699173060085293e-09,-5.233655680785944675e-01,7.625781179056957379e-07
2.390000000000000000e+02,1.652600588370483070e-01,5.235977656088329768e-01,6.166309706578095801e-09,-5.233655650250700342e-01,7.328458724037752678e-07
2.400000000000000000e+02,1.652606307010718867e-01,5.235977656334079855e-01,5.898006984299007543e-09,-5.233655620906100259e-01,7.042703971518939220e-07
2.410000000000000000e+02,1.652612025056885148e-01,5.235977656569201777e-01,5.642936664596890783e-09,-5.233655592705811488e-01,6.768069320709487220e-07
2.420000000000000000e+02,1.652617742532075940e-01,5.235977656794214008e-01,5.400305413224723874e-09,-5.233655565605294102e-01,6.504124272678458219e-07
2.430000000000000000e+02,1.652623459458493760e-01,5.235977657009605046e-01,5.169379114145734678e-09,-5.233655539561732351e-01,6.250454757582020068e-07
2.440000000000000000e+02,1.652629175857484589e-01,5.235977657215833414e-01,4.949475674495292462e-09,-5.233655514533971376e-01,6.006662517899612411e-07
2.450000000000000000e+02,1.652634891749566182e-01,5.235977657413332098e-01,4.739965797626358523e-09,-5.233655490482452821e-01,5.772364576302672219e-07
2.460000000000000000e+02,1.652640607154460817e-01,5.235977657602509661e-01,4.540263085724887514e-09,-5.233655467369150438e-01,5.547192681346844575e-07
2.470000000000000000e+02,1.652646322091131104e-01,5.235977657783752459e-01,4.349822062081382725e-09,-5.233655445157514574e-01,5.330792648625795851e-07
2.480000000000000000e+02,1.652652036577804406e-01,5.235977657957424647e-01,4.168133585131111750e-09,-5.233655423812414442e-01,5.122823924813559333e-07
2.490000000000000000e+02,1.652657750631999489e-01,5.235977658123871503e-01,3.994725470180745789e-09,-5.233655403300084830e-01,4.922959083585573187e-07
2.500000000000000000e+02,1.652663464270557603e-01,5.235977658283419434e-01,3.829155100304077930e-09,-5.233655383588070586e-01,4.730883295024941265e-07
2.510000000000000000e+02,1.652669177509665521e-01,5.235977658436378190e-01,3.671010164355926501e-09,-5.233655364645179997e-01,4.546293870412087237e-07
2.520000000000000000e+02,1.652674890364881632e-01,5.235977658583040872e-01,3.519903750331845186e-09,-5.233655346441430378e-01,4.368899817305421211e-07
2.530000000000000000e+02,1.652680602851163139e-01,5.235977658723686146e-01,3.375475056125887119e-09,-5.233655328948008112e-01,4.198421306817837313e-07
2.540000000000000000e+02,1.652686314982883542e-01,5.235977658858577133e-01,3.237384519800913049e-09,-5.233655312137218685e-01,4.034589400005540197e-07
2.550000000000000000e+02,1.652692026773858458e-01,5.235977658987965855e-01,3.105317016643783472e-09,-5.233655295982445610e-01,3.877145510701658407e-07
2.560000000000000000e+02,1.652697738237367542e-01,5.235977659112089899e-01,2.978971721492626645e-09,-5.233655280458108239e-01,3.725841073614259285e-07
2.570000000000000000e+02,1.652703449386172530e-01,5.235977659231175751e-01,2.858070604283031218e-09,-5.233655265539619572e-01,3.580437161920406087e-07
2.580000000000000000e+02,1.652709160232541941e-01,5.235977659345439905e-01,2.742350838769983841e-09,-5.233655251203352954e-01,3.440704033872793083e-07
2.590000000000000000e+02,1.652714870788263568e-01,5.235977659455088862e-01,2.631562652535556707e-09,-5.233655237426598772e-01,3.306420944172431629e-07
2.600000000000000000e+02,1.652720581064671679e-01,5.235977659560316910e-01,2.525469668481697107e-09,-5.233655224187533372e-01,3.177375615083219203e-07
2.610000000000000000e+02,1.652726291072654508e-01,5.235977659661310568e-01,2.423854757056137578e-09,-5.233655211465183532e-01,3.053364062420940260e-07
2.620000000000000000e+02,1.652732000822676461e-01,5.235977659758248581e-01,2.326509676636479610e-09,-5.233655199239390932e-01,2.934190228412428308e-07
2.630000000000000000e+02,1.652737710324800602e-01,5.235977659851299704e-01,2.233235505515426339e-09,-5.233655187490784400e-01,2.819665593302382818e-07
2.640000000000000000e+02,1.652743419588691975e-01,5.235977659940627138e-01,2.143848278335935517e-09,-5.233655176200746606e-01,2.709609014592058611e-07
2.650000000000000000e+02,1.652749128623643982e-01,5.235977660026384095e-01,2.058168822865921763e-09,-5.233655165351386307e-01,2.603846368753885283e-07
2.660000000000000000e+02,1.652754837438583646e-01,5.235977660108719345e-01,1.976033535682147292e-09,-5.233655154925510589e-01,2.502210302706756821e-07
2.670000000000000000e+02,1.652760546042092993e-01,5.235977660187772775e-01,1.897281576640013750e-09,-5.233655144906593781e-01,2.404539989303845459e-07
2.680000000000000000e+02,1.652766254442419869e-01,5.235977660263679834e-01,1.821765734253210312e-09,-5.233655135278757475e-01,2.310680798995314507e-07
2.690000000000000000e+02,1.652771962647488768e-01,5.235977660336569306e-01,1.749342107819099200e-09,-5.233655126026740545e-01,2.220484177950172443e-07
2.700000000000000000e+02,1.652777670664918042e-01,5.235977660406564427e-01,1.679875682176610578e-09,-5.233655117135876944e-01,2.133807307271225130e-07
2.710000000000000000e+02,1.652783378502027944e-01,5.235977660473782880e-01,1.613238004459149413e-09,-5.233655108592073502e-01,2.050512931652642592e-07
2.720000000000000000e+02,1.652789086165852572e-01,5.235977660538337908e-01,1.549307405068854947e-09,-5.233655100381785497e-01,1.970469165166912002e-07
2.730000000000000000e+02,1.652794793663154294e-01,5.235977660600336092e-01,1.487966581711120340e-09,-5.233655092491996674e-01,1.893549215815407354e-07
2.740000000000000000e+02,1.652800501000429023e-01,5.235977660659881794e-01,1.429108181392634247e-09,-5.233655084910200372e-01,1.819631241118666614e-07
2.750000000000000000e+02,1.652806208183919545e-01,5.235977660717074933e-01,1.372624400336930845e-09,-5.233655077624375096e-01,1.748598193365912765e-07
2.760000000000000000e+02,1.652811915219628836e-01,5.235977660772008768e-01,1.318412546072738343e-09,-5.233655070622968974e-01,1.680337513127016457e-07
2.770000000000000000e+02,1.652817622113322005e-01,5.235977660824774338e-01,1.266380495996828694e-09,-5.233655063894880888e-01,1.614741041618319317e-07
2.780000000000000000e+02,1.652823328870541841e-01,5.235977660875459350e-01,1.216436374120344158e-09,-5.233655057429443813e-01,1.551704839134044746e-07
2.790000000000000000e+02,1.652829035496613252e-01,5.235977660924145960e-01,1.168491345264312598e-09,-5.233655051216405951e-01,1.491129044354130405e-07
2.800000000000000000e+02,1.652834741996652979e-01,5.235977660970915215e-01,1.122465101503591058e-09,-5.233655045245915183e-01,1.432917659281041959e-07
2.810000000000000000e+02,1.652840448375581528e-01,5.235977661015843720e-01,1.078275490516655865e-09,-5.233655039508504636e-01,1.376978418701930239e-07
2.820000000000000000e+02,1.652846154638124287e-01,5.235977661059003641e-01,1.035846616001183857e-09,-5.233655033995077144e-01,1.323222679939437455e-07
2.830000000000000000e+02,1.652851860788821514e-01,5.235977661100466030e-01,9.951090075472670271e-10,-5.233655028696888589e-01,1.271565260227619519e-07
2.840000000000000000e+02,1.652857566832039715e-01,5.235977661140298611e-01,9.559918392115385244e-10,-5.233655023605537915e-01,1.221924256459729150e-07
2.850000000000000000e+02,1.652863272771973036e-01,5.235977661178566889e-01,9.184283673214134825e-10,-5.233655018712950469e-01,1.174221000981026641e-07
2.860000000000000000e+02,1.652868978612654360e-01,5.235977661215331924e-01,8.823534185253137700e-10,-5.233655014011368012e-01,1.128379848651884525e-07
2.870000000000000000e+02,1.652874684357956425e-01,5.235977661250653670e-01,8.477089111497800855e-10,-5.233655009493334287e-01,1.084328143839338059e-07
2.880000000000000000e+02,1.652880390011600698e-01,5.235977661284588747e-01,8.144359866836231882e-10,-5.233655005151683914e-01,1.041996056144397545e-07
2.890000000000000000e+02,1.652886095577165426e-01,5.235977661317191556e-01,7.824804319046976388e-10,-5.233655000979532401e-01,1.001316459902912546e-07
2.900000000000000000e+02,1.652891801058086474e-01,5.235977661348516499e-01,7.517901812795933191e-10,-5.233654996970261708e-01,9.622248861969912087e-08
2.910000000000000000e+02,1.652897506457671473e-01,5.235977661378612424e-01,7.223101113729068536e-10,-5.233654993117514698e-01,9.246593195765868290e-08
2.920000000000000000e+02,1.652903211779091497e-01,5.235977661407529293e-01,6.939954469094709203e-10,-5.233654989415180703e-01,8.885602303737780613e-08
2.930000000000000000e+02,1.652908917025398827e-01,5.235977661435312625e-01,6.667959765816496423e-10,-5.233654985857387754e-01,8.538703785665324052e-08
2.940000000000000000e+02,1.652914622199525008e-01,5.235977661462006827e-01,6.406693912856793745e-10,-5.233654982438492587e-01,8.205347556809057449e-08
2.950000000000000000e+02,1.652920327304287507e-01,5.235977661487655199e-01,6.155734218880855631e-10,-5.233654979153073983e-01,7.885004841269307014e-08
2.960000000000000000e+02,1.652926032342393048e-01,5.235977661512299930e-01,5.914659717652629461e-10,-5.233654975995920555e-01,7.577167990185792112e-08
2.970000000000000000e+02,1.652931737316444827e-01,5.235977661535978767e-01,5.683052015043276142e-10,-5.233654972962025198e-01,7.281348690171278296e-08
2.980000000000000000e+02,1.652937442228941123e-01,5.235977661558731677e-01,5.460575707324748484e-10,-5.233654970046576205e-01,6.997077888568029493e-08
2.990000000000000000e+02,1.652943147082286957e-01,5.235977661580593079e-01,5.246820344410471344e-10,-5.233654967244949496e-01,6.723904839103855650e-08
3.000000000000000000e+02,1.652948851878788539e-01,5.235977661601599609e-01,5.041486934890005890e-10,-5.233654964552700850e-01,6.461396328759871830e-08
3.010000000000000000e+02,1.652954556620667426e-01,5.235977661621783463e-01,4.844202731322248874e-10,-5.233654961965560348e-01,6.209135950383016756e-08
3.020000000000000000e+02,1.652960261310053858e-01,5.235977661641177949e-01,4.654681761578571092e-10,-5.233654959479425717e-01,5.966723616051693564e-08
3.030000000000000000e+02,1.652965965948996752e-01,5.235977661659814153e-01,4.472592541565671543e-10,-5.233654957090352333e-01,5.733775249041806800e-08
3.040000000000000000e+02,1.652971670539466198e-01,5.235977661677720940e-01,4.297638424693496261e-10,-5.233654954794552117e-01,5.509921053560214988e-08
3.050000000000000000e+02,1.652977375083352907e-01,5.235977661694927177e-01,4.129558504514145454e-10,-5.233654952588382425e-01,5.294806274624329774e-08
3.060000000000000000e+02,1.652983079582476533e-01,5.235977661711460618e-01,3.968075202595643268e-10,-5.233654950468344946e-01,5.088089494644800992e-08
3.070000000000000000e+02,1.652988784038583181e-01,5.235977661727347909e-01,3.812921274918844271e-10,-5.233654948431076814e-01,4.889443074851705221e-08
3.080000000000000000e+02,1.652994488453352617e-01,5.235977661742613476e-01,3.663840434978234200e-10,-5.233654946473347280e-01,4.698551948455136182e-08
3.090000000000000000e+02,1.653000192828396608e-01,5.235977661757282853e-01,3.520614829617269025e-10,-5.233654944592049940e-01,4.515113451381341658e-08
3.100000000000000000e+02,1.653005897165268911e-01,5.235977661771378244e-01,3.382985656976934780e-10,-5.233654942784201625e-01,4.338836375115549236e-08
3.110000000000000000e+02,1.653011601465457225e-01,5.235977661784922965e-01,3.250760083309220822e-10,-5.233654941046934628e-01,4.169441362500516913e-08
3.120000000000000000e+02,1.653017305730394015e-01,5.235977661797938110e-01,3.123705512524295615e-10,-5.233654939377493376e-01,4.006659705472420928e-08
3.130000000000000000e+02,1.653023009961454848e-01,5.235977661810444772e-01,3.001629634039087373e-10,-5.233654937773229987e-01,3.850233205260466641e-08
3.140000000000000000e+02,1.653028714159962831e-01,5.235977661822462936e-01,2.884328269686447007e-10,-5.233654936231598720e-01,3.699913811822505734e-08
3.150000000000000000e+02,1.653034418327189725e-01,5.235977661834011476e-01,2.771611687230976180e-10,-5.233654934750155974e-01,3.555462794871435562e-08
3.160000000000000000e+02,1.653040122464354278e-01,5.235977661845108155e-01,2.663305471575379292e-10,-5.233654933326551406e-01,3.416651426197043074e-08
3.170000000000000000e+02,1.653045826572629995e-01,5.235977661855771847e-01,2.559251456311203483e-10,-5.233654931958526824e-01,3.283259492978952522e-08
3.180000000000000000e+02,1.653051530653145695e-01,5.235977661866019206e-01,2.459254032238573688e-10,-5.233654930643911740e-01,3.155075378323371737e-08
3.190000000000000000e+02,1.653057234706985512e-01,5.235977661875865774e-01,2.363160391700244536e-10,-5.233654929380622267e-01,3.031895477236797260e-08
3.200000000000000000e+02,1.653062938735188059e-01,5.235977661885327095e-01,2.270835852424476207e-10,-5.233654928166653342e-01,2.913524936386678472e-08
3.210000000000000000e+02,1.653068642738755867e-01,5.235977661894419821e-01,2.182135398608387429e-10,-5.233654927000079837e-01,2.799775579666987529e-08
3.220000000000000000e+02,1.653074346718650944e-01,5.235977661903157276e-01,2.096878843097531301e-10,-5.233654925879052122e-01,2.690467130056233176e-08
3.230000000000000000e+02,1.653080050675796164e-01,5.235977661911552783e-01,2.014957381168774515e-10,-5.233654924801791619e-01,2.585426371842678565e-08
3.240000000000000000e+02,1.653085754611078317e-01,5.235977661919620774e-01,1.936254063728244727e-10,-5.233654923766588585e-01,2.484486670587304256e-08
3.250000000000000000e+02,1.653091458525353386e-01,5.235977661927373461e-01,1.860617101226146560e-10,-5.233654922771802109e-01,2.387487549093195186e-08
3.260000000000000000e+02,1.653097162419439881e-01,5.235977661934823058e-01,1.787940648050197241e-10,-5.233654921815853456e-01,2.294275486751091508e-08
3.270000000000000000e+02,1.653102866294125506e-01,5.235977661941981776e-01,1.718111732808376126e-10,-5.233654920897227170e-01,2.204702534700145982e-08
3.280000000000000000e+02,1.653108570150167989e-01,5.235977661948860717e-01,1.651009682541527622e-10,-5.233654920014465528e-01,2.118626694009901879e-08
3.290000000000000000e+02,1.653114273988294802e-01,5.235977661955470985e-01,1.586534128448262569e-10,-5.233654919166169650e-01,2.035911324894903831e-08
3.300000000000000000e+02,1.653119977809204000e-01,5.235977661961823681e-01,1.524578521855530357e-10,-5.233654918350992835e-01,1.956425543712623928e-08
3.310000000000000000e+02,1.653125681613569209e-01,5.235977661967927688e-01,1.465029630349174869e-10,-5.233654917567641673e-01,1.880043036148013231e-08
3.320000000000000000e+02,1.653131385402035747e-01,5.235977661973794106e-01,1.407821550547120400e-10,-5.233654916814873825e-01,1.806642512935607345e-08
3.330000000000000000e+02,1.653137089175224783e-01,5.235977661979430708e-01,1.352829777718250687e-10,-5.233654916091495801e-01,1.736107665179719996e-08
3.340000000000000000e+02,1.653142792933730565e-01,5.235977661984847487e-01,1.300003482267895149e-10,-5.233654915396359630e-01,1.668326620796966688e-08
3.350000000000000000e+02,1.653148496678127632e-01,5.235977661990052212e-01,1.249234084290692559e-10,-5.233654914728362861e-01,1.603191906910761645e-08
3.360000000000000000e+02,1.653154200408966101e-01,5.235977661995053767e-01,1.200460390402549347e-10,-5.233654914086446341e-01,1.540600105204835094e-08
3.370000000000000000e+02,1.653159904126774715e-01,5.235977661999859922e-01,1.153590121791122109e-10,-5.233654913469590886e-01,1.480452096205186391e-08
3.380000000000000000e+02,1.653165607832063067e-01,5.235977662004478450e-01,1.108552991025643725e-10,-5.233654912876819498e-01,1.422652260114729352e-08
3.390000000000000000e+02,1.653171311525318266e-01,5.235977662008917122e-01,1.065273670152012320e-10,-5.233654912307190710e-01,1.367109180770043271e-08
3.400000000000000000e+02,1.653177015207011047e-01,5.235977662013182599e-01,1.023673067168056642e-10,-5.233654911759800799e-01,1.313734565978514524e-08
3.410000000000000000e+02,1.653182718877594104e-01,5.235977662017281542e-01,9.836942926776051488e-11,-5.233654911233782681e-01,1.262443595822765975e-08
3.420000000000000000e+02,1.653188422537497926e-01,5.235977662021220613e-01,9.452762018279007919e-11,-5.233654910728301468e-01,1.213155284460339389e-08
3.430000000000000000e+02,1.653194126187140234e-01,5.235977662025005364e-01,9.083546283293009690e-11,-5.233654910242555580e-01,1.165791386003676047e-08
3.440000000000000000e+02,1.653199829826920986e-01,5.235977662028642454e-01,8.728870906319900379e-11,-5.233654909775773412e-01,1.120276696664325984e-08
3.450000000000000000e+02,1.653205533457226539e-01,5.235977662032137436e-01,8.388016393583348325e-11,-5.233654909327215554e-01,1.076538788727138644e-08
3.460000000000000000e+02,1.653211237078425488e-01,5.235977662035495861e-01,8.060495377544795619e-11,-5.233654908896170355e-01,1.034508488085197973e-08
3.470000000000000000e+02,1.653216940690872827e-01,5.235977662038723279e-01,7.745790260300894142e-11,-5.233654908481953916e-01,9.941192827595553948e-09
3.480000000000000000e+02,1.653222644294911059e-01,5.235977662041824132e-01,7.443342190564877399e-11,-5.233654908083908985e-01,9.553068476695592359e-09
3.490000000000000000e+02,1.653228347890867700e-01,5.235977662044803971e-01,7.152837215385021850e-11,-5.233654907701404957e-01,9.180096235933871660e-09
3.500000000000000000e+02,1.653234051479057498e-01,5.235977662047668346e-01,6.873661676274811353e-11,-5.233654907333834538e-01,8.821686751104398369e-09
3.510000000000000000e+02,1.653239755059784932e-01,5.235977662050420589e-01,6.605176162723431721e-11,-5.233654906980614863e-01,8.477270066476259529e-09
3.520000000000000000e+02,1.653245458633340048e-01,5.235977662053065140e-01,6.347244844711660159e-11,-5.233654906641185267e-01,8.146299859880086191e-09
3.530000000000000000e+02,1.653251162200002622e-01,5.235977662055606441e-01,6.099441278135780671e-11,-5.233654906315008404e-01,7.828251090941726750e-09
3.540000000000000000e+02,1.653256865760041050e-01,5.235977662058048931e-01,5.861311522123061815e-11,-5.233654906001565799e-01,7.522620813083105952e-09
3.550000000000000000e+02,1.653262569313715125e-01,5.235977662060395943e-01,5.632383638178899559e-11,-5.233654905700361182e-01,7.228922609052298901e-09
3.560000000000000000e+02,1.653268272861271870e-01,5.235977662062650806e-01,5.412420346823956304e-11,-5.233654905410916047e-01,6.946691937829342916e-09
3.570000000000000000e+02,1.653273976402949708e-01,5.235977662064817961e-01,5.201169666127735263e-11,-5.233654905132770763e-01,6.675480020538311643e-09
3.580000000000000000e+02,1.653279679938980118e-01,5.235977662066900740e-01,4.998088776826942303e-11,-5.233654904865484569e-01,6.414855341470517271e-09
3.590000000000000000e+02,1.653285383469581815e-01,5.235977662068902472e-01,4.802880081698479713e-11,-5.233654904608634473e-01,6.164404939745637842e-09
3.600000000000000000e+02,1.653291086994967130e-01,5.235977662070825378e-01,4.615225352631122807e-11,-5.233654904361811910e-01,5.923733481819931731e-09
3.610000000000000000e+02,1.653296790515338122e-01,5.235977662072672789e-01,4.435061991149984599e-11,-5.233654904124626084e-01,5.692457947894432611e-09
3.620000000000000000e+02,1.653302494030890468e-01,5.235977662074449146e-01,4.262032099693934940e-11,-5.233654903896700628e-01,5.470212492598596581e-09
3.630000000000000000e+02,1.653308197541813462e-01,5.235977662076155559e-01,4.095500565632558333e-11,-5.233654903677673609e-01,5.256644405231916043e-09
3.640000000000000000e+02,1.653313901048286683e-01,5.235977662077795358e-01,3.935613686106655029e-11,-5.233654903467197528e-01,5.051414321751479099e-09
3.650000000000000000e+02,1.653319604550484434e-01,5.235977662079370765e-01,3.781964749211182966e-11,-5.233654903264939318e-01,4.854195192871841556e-09
3.660000000000000000e+02,1.653325308048572140e-01,5.235977662080885109e-01,3.634405631965041824e-11,-5.233654903070578124e-01,4.664677140427351018e-09
3.670000000000000000e+02,1.653331011542709950e-01,5.235977662082340611e-01,3.492500995046239962e-11,-5.233654902883805304e-01,4.482559935273373367e-09
3.680000000000000000e+02,1.653336715033053295e-01,5.235977662083739492e-01,3.356069288616800950e-11,-5.233654902704324430e-01,4.307552987143565392e-09
3.690000000000000000e+02,1.653342418519749835e-01,5.235977662085082862e-01,3.224913745996453087e-11,-5.233654902531850173e-01,4.139378167850046069e-09
3.700000000000000000e+02,1.653348122002941400e-01,5.235977662086374051e-01,3.099094180025653772e-11,-5.233654902366109418e-01,3.977767725062894786e-09
3.710000000000000000e+02,1.653353825482764550e-01,5.235977662087615281e-01,2.978124551748987252e-11,-5.233654902206840154e-01,3.822466840970599173e-09
3.720000000000000000e+02,1.653359528959350289e-01,5.235977662088807660e-01,2.861766862329862639e-11,-5.233654902053789248e-01,3.673229976697666750e-09
3.730000000000000000e+02,1.653365232432824627e-01,5.235977662089953411e-01,2.750046788722762760e-11,-5.233654901906713564e-01,3.529820664623886851e-09
3.740000000000000000e+02,1.653370935903309691e-01,5.235977662091054752e-01,2.642706614105494378e-11,-5.233654901765379952e-01,3.392009278667200950e-09
3.750000000000000000e+02,1.653376639370921775e-01,5.235977662092112794e-01,2.539480193845165423e-11,-5.233654901629564149e-01,3.259578598860067357e-09
3.760000000000000000e+02,1.653382342835772179e-01,5.235977662093129759e-01,2.440355968707130364e-11,-5.233654901499050771e-01,3.132317958441886002e-09
3.770000000000000000e+02,1.653388046297969149e-01,5.235977662094106755e-01,2.345047059340006229e-11,-5.233654901373633317e-01,3.010025608340482010e-09
3.780000000000000000e+02,1.653393749757615938e-01,5.235977662095046004e-01,2.253519843555457606e-11,-5.233654901253111946e-01,2.892508302193888382e-09
3.790000000000000000e+02,1.653399453214811909e-01,5.235977662095948615e-01,2.165473046811331955e-11,-5.233654901137295701e-01,2.779578670690491602e-09
3.800000000000000000e+02,1.653405156669653375e-01,5.235977662096815699e-01,2.080856127362254503e-11,-5.233654901026001394e-01,2.671056479326596515e-09
3.810000000000000000e+02,1.653410860122230264e-01,5.235977662097648366e-01,1.999609416255373347e-11,-5.233654900919052499e-01,2.566771805975278507e-09
3.820000000000000000e+02,1.653416563572630282e-01,5.235977662098448837e-01,1.921673150526248701e-11,-5.233654900816279154e-01,2.466560030096099920e-09
3.830000000000000000e+02,1.653422267020940306e-01,5.235977662099218222e-01,1.846702220964841426e-11,-5.233654900717518155e-01,2.370260108969656297e-09
3.840000000000000000e+02,1.653427970467241104e-01,5.235977662099957630e-01,1.774620108503180602e-11,-5.233654900622612960e-01,2.277719636088948118e-09
3.850000000000000000e+02,1.653433673911610391e-01,5.235977662100668173e-01,1.705336360550719889e-11,-5.233654900531413690e-01,2.188792475566342245e-09
3.860000000000000000e+02,1.653439377354123108e-01,5.235977662101350960e-01,1.638757872722808692e-11,-5.233654900443774904e-01,2.103338687325599817e-09
3.870000000000000000e+02,1.653445080794851973e-01,5.235977662102007102e-01,1.574781818705553906e-11,-5.233654900359557827e-01,2.021221077808561600e-09
3.880000000000000000e+02,1.653450784233866377e-01,5.235977662102637709e-01,1.513301913514200734e-11,-5.233654900278628119e-01,1.942309901602050380e-09
3.890000000000000000e+02,1.653456487671234321e-01,5.235977662103243890e-01,1.454199700132261810e-11,-5.233654900200858107e-01,1.866477275602245296e-09
3.900000000000000000e+02,1.653462191107018253e-01,5.235977662103825647e-01,1.397360372254125236e-11,-5.233654900126124554e-01,1.793605879862342487e-09
3.910000000000000000e+02,1.653467894541279515e-01,5.235977662104385200e-01,1.342921975161912957e-11,-5.233654900054308667e-01,1.723579822271798801e-09
3.920000000000000000e+02,1.653473597974078335e-01,5.235977662104922548e-01,1.290486125363971296e-11,-5.233654899985297204e-01,1.656288013458548539e-09
3.930000000000000000e+02,1.653479301405470503e-01,5.235977662105438801e-01,1.240183975860343391e-11,-5.233654899918979142e-01,1.591624502908812799e-09
3.940000000000000000e+02,1.653485004835512640e-01,5.235977662105935071e-01,1.191873919246318919e-11,-5.233654899855250120e-01,1.529483375487746652e-09
3.950000000000000000e+02,1.653490708264255815e-01,5.235977662106412467e-01,1.145408267829310490e-11,-5.233654899794010218e-01,1.469768337057368282e-09
3.960000000000000000e+02,1.653496411691750545e-01,5.235977662106870989e-01,1.100636120050889768e-11,-5.233654899735160626e-01,1.412386469206102769e-09
3.970000000000000000e+02,1.653502115118045956e-01,5.235977662107311748e-01,1.057669013591565985e-11,-5.233654899678609196e-01,1.357243810748259904e-09
3.980000000000000000e+02,1.653507818543187846e-01,5.235977662107734742e-01,1.016345600084252395e-11,-5.233654899624264889e-01,1.304255599696867924e-09
3.990000000000000000e+02,1.653513521967221456e-01,5.235977662108142194e-01,9.767705662318917429e-12,-5.233654899572042218e-01,1.253334509525101635e-09
4.000000000000000000e+02,1.653519225390191472e-01,5.235977662108532993e-01,9.385046505065391821e-12,-5.233654899521859027e-01,1.204400425743192238e-09
4.010000000000000000e+02,1.653524928812135086e-01,5.235977662108908248e-01,9.019142682974488219e-12,-5.233654899473635380e-01,1.157379221264391297e-09
4.020000000000000000e+02,1.653530632233095043e-01,5.235977662109269071e-01,8.668194393209762158e-12,-5.233654899427293561e-01,1.112194309603344802e-09
4.030000000000000000e+02,1.653536335653109646e-01,5.235977662109616571e-01,8.330438584170824405e-12,-5.233654899382761405e-01,1.068771098715674259e-09
4.040000000000000000e+02,1.653542039072215808e-01,5.235977662109949637e-01,8.004031262994025640e-12,-5.233654899339967859e-01,1.027044688447174996e-09
4.050000000000000000e+02,1.653547742490447114e-01,5.235977662110270492e-01,7.692439923600738614e-12,-5.233654899298845198e-01,9.869467742728778371e-10
4.060000000000000000e+02,1.653553445907839092e-01,5.235977662110578024e-01,7.391105750431689696e-12,-5.233654899259327919e-01,9.484142944506681554e-10
4.070000000000000000e+02,1.653559149324422550e-01,5.235977662110874453e-01,7.103473315923566176e-12,-5.233654899221353851e-01,9.113868002450875219e-10
4.080000000000000000e+02,1.653564852740230240e-01,5.235977662111158670e-01,6.824883470383350190e-12,-5.233654899184861931e-01,8.758057185195834411e-10
4.090000000000000000e+02,1.653570556155292415e-01,5.235977662111431785e-01,6.558702010955703338e-12,-5.233654899149794426e-01,8.416122004965024763e-10
4.100000000000000000e+02,1.653576259569637663e-01,5.235977662111694908e-01,6.302922836575879705e-12,-5.233654899116096937e-01,8.087529611121387258e-10
4.110000000000000000e+02,1.653581962983292353e-01,5.235977662111946929e-01,6.055533707520995793e-12,-5.233654899083713952e-01,7.771793801356903223e-10
4.120000000000000000e+02,1.653587666396285349e-01,5.235977662112188957e-01,5.819776248350111450e-12,-5.233654899052595511e-01,7.468354313071898915e-10
4.130000000000000000e+02,1.653593369808640801e-01,5.235977662112422104e-01,5.593605714297481628e-12,-5.233654899022692764e-01,7.176769723017393384e-10
4.140000000000000000e+02,1.653599073220383409e-01,5.235977662112646369e-01,5.374912183947566045e-12,-5.233654898993956861e-01,6.896589747923341966e-10
4.150000000000000000e+02,1.653604776631538154e-01,5.235977662112861752e-01,5.164204744544102132e-12,-5.233654898966343394e-01,6.627329789214467311e-10
4.160000000000000000e+02,1.653610480042126685e-01,5.235977662113068254e-01,4.962026088732074390e-12,-5.233654898939807953e-01,6.368591209030985458e-10
4.170000000000000000e+02,1.653616183452169819e-01,5.235977662113266984e-01,4.768889205245852855e-12,-5.233654898914308351e-01,6.119961531096014333e-10
4.180000000000000000e+02,1.653621886861691148e-01,5.235977662113457942e-01,4.582584924739323868e-12,-5.233654898889803508e-01,5.881032052858163105e-10
4.190000000000000000e+02,1.653627590270710379e-01,5.235977662113641129e-01,4.403594878116354296e-12,-5.233654898866255678e-01,5.651412418635202711e-10
4.200000000000000000e+02,1.653633293679245275e-01,5.235977662113817654e-01,4.232354722800180345e-12,-5.233654898843627112e-01,5.430763358189459885e-10
4.210000000000000000e+02,1.653638997087316376e-01,5.235977662113987519e-01,4.066601954360833155e-12,-5.233654898821882284e-01,5.218723676029544435e-10
4.220000000000000000e+02,1.653644700494940334e-01,5.235977662114150721e-01,3.906777558809199923e-12,-5.233654898800986777e-01,5.014966370594678406e-10
4.230000000000000000e+02,1.653650403902134081e-01,5.235977662114307263e-01,3.753269643128512525e-12,-5.233654898780907283e-01,4.819180136140981484e-10
4.240000000000000000e+02,1.653656107308914269e-01,5.235977662114457143e-01,3.606433836489257393e-12,-5.233654898761611607e-01,4.631033342052128675e-10
4.250000000000000000e+02,1.653661810715296721e-01,5.235977662114601472e-01,3.466671708468536960e-12,-5.233654898743068662e-01,4.450240303458051217e-10
4.260000000000000000e+02,1.653667514121298365e-01,5.235977662114740250e-01,3.331627534260577558e-12,-5.233654898725249582e-01,4.276485852538435015e-10
4.270000000000000000e+02,1.653673217526932804e-01,5.235977662114873477e-01,3.201659853441070364e-12,-5.233654898708126613e-01,4.109513273319922058e-10
4.280000000000000000e+02,1.653678920932213636e-01,5.235977662115001152e-01,3.077092315309511973e-12,-5.233654898691671997e-01,3.949072449268913629e-10
4.290000000000000000e+02,1.653684624337154740e-01,5.235977662115124387e-01,2.958230133135087952e-12,-5.233654898675860201e-01,3.794889641119764179e-10
4.300000000000000000e+02,1.653690327741769439e-01,5.235977662115243181e-01,2.842699369311941830e-12,-5.233654898660665689e-01,3.646734464436142530e-10
4.310000000000000000e+02,1.653696031146070500e-01,5.235977662115356424e-01,2.730787468802506453e-12,-5.233654898646064035e-01,3.504367488913902398e-10
4.320000000000000000e+02,1.653701734550069025e-01,5.235977662115466336e-01,2.625434652896289218e-12,-5.233654898632033037e-01,3.367548480713383897e-10
4.330000000000000000e+02,1.653707437953778059e-01,5.235977662115571807e-01,2.521576126502979125e-12,-5.233654898618549378e-01,3.236078024647974314e-10
4.340000000000000000e+02,1.653713141357207872e-01,5.235977662115672837e-01,2.422136080137034520e-12,-5.233654898605591965e-01,3.109736258852289736e-10
4.350000000000000000e+02,1.653718844760368734e-01,5.235977662115769427e-01,2.327352977847218146e-12,-5.233654898593140814e-01,2.988324339833919580e-10
4.360000000000000000e+02,1.653724548163270636e-01,5.235977662115862685e-01,2.237456476665607352e-12,-5.233654898581175940e-01,2.871659325312697825e-10
4.370000000000000000e+02,1.653730251565924403e-01,5.235977662115952613e-01,2.150020242369532190e-12,-5.233654898569677361e-01,2.759549459990360370e-10
4.380000000000000000e+02,1.653735954968340305e-01,5.235977662116039211e-01,2.065250368284892983e-12,-5.233654898558628421e-01,2.651800926755543580e-10
4.390000000000000000e+02,1.653741658370526113e-01,5.235977662116121367e-01,1.983338466077940487e-12,-5.233654898548010248e-01,2.548265556974016570e-10
4.400000000000000000e+02,1.653747361772489599e-01,5.235977662116201303e-01,1.907197811521642580e-12,-5.233654898537807298e-01,2.448772866408800827e-10
4.410000000000000000e+02,1.653753065174241310e-01,5.235977662116277909e-01,1.831653652313113913e-12,-5.233654898528002919e-01,2.353173088466551244e-10
4.420000000000000000e+02,1.653758768575787630e-01,5.235977662116351183e-01,1.759556895154335233e-12,-5.233654898518580456e-01,2.261310005112700300e-10
4.430000000000000000e+02,1.653764471977137995e-01,5.235977662116421127e-01,1.691087359955459058e-12,-5.233654898509526587e-01,2.173014097949860914e-10
4.440000000000000000e+02,1.653770175378297402e-01,5.235977662116488851e-01,1.626421188218428505e-12,-5.233654898500825770e-01,2.088180979844570273e-10
4.450000000000000000e+02,1.653775878779275288e-01,5.235977662116554354e-01,1.563060794025273490e-12,-5.233654898492464680e-01,2.006656691366297299e-10
4.460000000000000000e+02,1.653781582180078868e-01,5.235977662116616527e-01,1.501151887871993380e-12,-5.233654898484429996e-01,1.928308230926706578e-10
4.470000000000000000e+02,1.653787285580712585e-01,5.235977662116676479e-01,1.443514899362353786e-12,-5.233654898476709505e-01,1.853020742866726157e-10
4.480000000000000000e+02,1.653792988981183376e-01,5.235977662116734210e-01,1.387650861676022635e-12,-5.233654898469289884e-01,1.780690772417329510e-10
4.490000000000000000e+02,1.653798692381499014e-01,5.235977662116789721e-01,1.333658661771038229e-12,-5.233654898462160032e-01,1.711167452002581526e-10
4.500000000000000000e+02,1.653804395781664216e-01,5.235977662116843012e-01,1.281684922619565506e-12,-5.233654898455308846e-01,1.644354801399256442e-10
4.510000000000000000e+02,1.653810099181683979e-01,5.235977662116894082e-01,1.231901417296039679e-12,-5.233654898448725223e-01,1.580170085663548416e-10
4.520000000000000000e+02,1.653815802581564409e-01,5.235977662116942932e-01,1.184383853309712249e-12,-5.233654898442398062e-01,1.518487315734501671e-10
4.530000000000000000e+02,1.653821505981311057e-01,5.235977662116990672e-01,1.139253802081874247e-12,-5.233654898436318481e-01,1.459200309804400708e-10
4.540000000000000000e+02,1.653827209380928920e-01,5.235977662117036191e-01,1.093979704033098384e-12,-5.233654898430475377e-01,1.402244006169621613e-10
4.550000000000000000e+02,1.653832912780423270e-01,5.235977662117079490e-01,1.051332797379915028e-12,-5.233654898424860979e-01,1.347487627846733739e-10
4.560000000000000000e+02,1.653838616179796883e-01,5.235977662117121678e-01,1.011408499383267354e-12,-5.233654898419465296e-01,1.294883723083230954e-10
4.570000000000000000e+02,1.653844319579056144e-01,5.235977662117161646e-01,9.716641364705342337e-13,-5.233654898414280554e-01,1.244324744395181504e-10
4.580000000000000000e+02,1.653850022978204104e-01,5.235977662117200504e-01,9.348411639860371877e-13,-5.233654898409297873e-01,1.195743938156754898e-10
4.590000000000000000e+02,1.653855726377246038e-01,5.235977662117238252e-01,8.983595827985919480e-13,-5.233654898404510591e-01,1.149048909983582514e-10
4.600000000000000000e+02,1.653861429776184166e-01,5.235977662117273779e-01,8.623475214447049663e-13,-5.233654898399909827e-01,1.104202846819076257e-10
4.610000000000000000e+02,1.653867133175023485e-01,5.235977662117308196e-01,8.295148123565780877e-13,-5.233654898395488919e-01,1.061091936906311511e-10
4.620000000000000000e+02,1.653872836573766769e-01,5.235977662117341502e-01,7.973268053305240959e-13,-5.233654898391240096e-01,1.019681776575927660e-10
4.630000000000000000e+02,1.653878539972419015e-01,5.235977662117373699e-01,7.658141256897839171e-13,-5.233654898387157806e-01,9.798707486464679542e-11
4.640000000000000000e+02,1.653884243370982721e-01,5.235977662117404785e-01,7.350886836774903476e-13,-5.233654898383234277e-01,9.416297223982811747e-11
4.650000000000000000e+02,1.653889946769461494e-01,5.235977662117433651e-01,7.051849300905308272e-13,-5.233654898379463960e-01,9.048608634807224278e-11
4.660000000000000000e+02,1.653895650167857556e-01,5.235977662117461406e-01,6.788870001714464429e-13,-5.233654898375841302e-01,8.695310024716159322e-11
4.670000000000000000e+02,1.653901353566173127e-01,5.235977662117489162e-01,6.535793049090994651e-13,-5.233654898372359643e-01,8.356014262319420103e-11
4.680000000000000000e+02,1.653907056964414590e-01,5.235977662117515807e-01,6.266504270716545617e-13,-5.233654898369013431e-01,8.029739885002622348e-11
4.690000000000000000e+02,1.653912760362583056e-01,5.235977662117541342e-01,6.008293611824248878e-13,-5.233654898365798225e-01,7.716112543130540494e-11
4.700000000000000000e+02,1.653918463760679913e-01,5.235977662117565767e-01,5.761984980565481889e-13,-5.233654898362708474e-01,7.414830173298390042e-11
4.710000000000000000e+02,1.653924167158708769e-01,5.235977662117589082e-01,5.527818910648767916e-13,-5.233654898359739738e-01,7.125224416242857379e-11
4.720000000000000000e+02,1.653929870556670179e-01,5.235977662117611287e-01,5.306756312859353218e-13,-5.233654898356886465e-01,6.847072289771297257e-11
4.730000000000000000e+02,1.653935573954568861e-01,5.235977662117632381e-01,5.098901362586205500e-13,-5.233654898354145324e-01,6.579619282927130561e-11
4.740000000000000000e+02,1.653941277352405093e-01,5.235977662117652365e-01,4.905199602139066357e-13,-5.233654898351510765e-01,6.322852096372425620e-11
4.750000000000000000e+02,1.653946980750182483e-01,5.235977662117672349e-01,4.725843329713317223e-13,-5.233654898348979456e-01,6.075931436452077318e-11
4.760000000000000000e+02,1.653952684147902974e-01,5.235977662117691223e-01,4.534720573116971820e-13,-5.233654898346546958e-01,5.838799791414685886e-11
4.770000000000000000e+02,1.653958387545568232e-01,5.235977662117708986e-01,4.359036238885263501e-13,-5.233654898344208828e-01,5.610926409859393423e-11
4.780000000000000000e+02,1.653964090943180199e-01,5.235977662117726750e-01,4.199203155868160751e-13,-5.233654898341961736e-01,5.391802636557447902e-11
4.790000000000000000e+02,1.653969794340742483e-01,5.235977662117743403e-01,4.028927461269292198e-13,-5.233654898339803463e-01,5.181135256050597614e-11
4.800000000000000000e+02,1.653975497738253420e-01,5.235977662117760056e-01,3.875241917924812165e-13,-5.233654898337728456e-01,4.978988307415723992e-11
