# Time, SliderHeight, Motor1Pos, Motor1Vel, Motor2Pos, Motor2Vel
0.000000000000000000e+00,2.600000000000000089e-01,0.000000000000000000e+00,0.000000000000000000e+00,0.000000000000000000e+00,0.000000000000000000e+00
1.000000000000000000e+00,2.370228218199260106e-01,2.359014749526977366e-03,5.661635398864746094e-01,-3.597335080996774508e-03,-8.633604194392259235e-01
2.000000000000000000e+00,2.484275815356170591e-01,1.504297852516173900e-03,-2.051320552825928178e-01,-2.105046167871469504e-03,3.581493391500731871e-01
3.000000000000000000e+00,1.734395754957636093e-01,5.637868463993073002e-03,9.920569467544557707e-01,-8.044424860812951841e-03,-1.425450886305955844e+00
4.000000000000000000e+00,2.340486798268462953e-01,4.562208849191665659e-03,-2.581583075523377069e-01,-4.668427480424409623e-03,8.102393712932502989e-01
5.000000000000000000e+00,1.215074816921808132e-01,9.842744289040568015e-03,1.267328505563736663e+00,-1.194765133594674969e-02,-1.747013725325361921e+00
6.000000000000000000e+00,2.393349544193607292e-01,9.332773820936682285e-03,-1.223929123449325473e-01,-8.443663267577295947e-03,8.409571364086689815e-01
7.000000000000000000e+00,1.561713278168388452e-01,1.412583387170434149e-02,1.150334412184238486e+00,-1.489449583587161216e-02,-1.548199816390635863e+00
8.000000000000000000e+00,2.178649461046522906e-01,1.269744333273947409e-02,-3.428137293515682860e-01,-1.081244496772106219e-02,9.796922083561319106e-01
9.000000000000000000e+00,1.108428563822389523e-01,1.799099889379841138e-02,1.270453334654145339e+00,-1.843783180309435665e-02,-1.830092840489590422e+00
1.000000000000000000e+01,2.219512610112779893e-01,1.703043502851219956e-02,-2.305353276686912256e-01,-1.452536609327147177e-02,9.389917703574921504e-01
1.100000000000000000e+01,1.485339698446241918e-01,2.165183176652096461e-02,1.109135217122103834e+00,-2.110283497061517244e-02,-1.578592530562487717e+00
1.200000000000000000e+01,1.949187471361423230e-01,1.968650296380075257e-02,-4.716789126528508902e-01,-1.656474515142911802e-02,1.089141556604653394e+00
1.300000000000000000e+01,9.202106212962604670e-02,2.499386318072634172e-02,1.273766452062141674e+00,-2.473820477075341570e-02,-1.961630308637831499e+00
1.400000000000000000e+01,2.035315302115800473e-01,2.374098879884145238e-02,-3.006898516523737186e-01,-2.049931566825381746e-02,1.017333384599903523e+00
1.500000000000000000e+01,4.596526057033910595e-01,2.818013593069131767e-02,1.065395311643967169e+00,-2.720082116941396899e-02,-1.608361320278436812e+00
1.600000000000000000e+01,2.137630081619532052e-02,2.574602989415599938e-02,-5.841854487684765562e-01,-2.228319328564212776e-02,1.180230692105242341e+00
1.700000000000000000e+01,6.347160229833093137e-02,3.104442561918742058e-02,1.271614974007540866e+00,-3.082939398976802109e-02,-2.051088168990213845e+00
1.800000000000000000e+01,1.909154074261535383e-01,2.947065417695862027e-02,-3.777051461349123507e-01,-2.620051872604529236e-02,1.110930063293454673e+00
1.900000000000000000e+01,1.399059444796352525e-01,3.383186326678534056e-02,1.046690181558413091e+00,-3.315693055028384739e-02,-1.669538837817253762e+00
2.000000000000000000e+01,8.799184375401683522e-02,3.103127615718441132e-02,-6.721409063042231846e-01,-2.784006592501524560e-02,1.276047510064464374e+00
2.100000000000000000e+01,7.372733026242095367e-02,3.625566247464773184e-02,1.253852716191196981e+00,-3.643691059616474548e-02,-2.063242721075879693e+00
2.200000000000000000e+01,1.357603495216285761e-01,3.422574832119655575e-02,-4.871793968282818188e-01,-3.131073853997232148e-02,1.230281293486182204e+00
2.300000000000000000e+01,1.239970240024568793e-01,3.870583147476415464e-02,1.075219956856223735e+00,-3.876798577263411427e-02,-1.789739335838830492e+00
2.400000000000000000e+01,6.818003674348283027e-02,3.570128747840189964e-02,-7.210905591269418657e-01,-3.306671339974014828e-02,1.368305369494552393e+00
2.500000000000000000e+01,7.756468653283479786e-02,4.077101292329547710e-02,1.216734106774458368e+00,-4.155603073385273627e-02,-2.037436160187020118e+00
2.600000000000000000e+01,1.341947308344020595e-01,3.820473440432403667e-02,-6.159068445531452607e-01,-3.587920413014204779e-02,1.362438384890566123e+00
2.700000000000000000e+01,1.046620472680788450e-01,4.289674003074038511e-02,1.126081350339924070e+00,-4.373192738158112464e-02,-1.884653580345378998e+00
2.800000000000000000e+01,4.377304559602401834e-02,3.980219156202018105e-02,-7.426916324928485302e-01,-3.768924861239020263e-02,1.450242904605820948e+00
2.900000000000000000e+01,8.247958305031613535e-02,4.469892791500395396e-02,1.175216724716105610e+00,-4.599800099632851691e-02,-1.994100572145194761e+00
3.000000000000000000e+01,1.238522587447135614e-01,4.168992112929004873e-02,-7.221616285713368111e-01,-3.988828100594214027e-02,1.466332797692730061e+00
3.100000000000000000e+01,9.414273231728953473e-02,4.642657820154171000e-02,1.136797697340397928e+00,-4.796441052003738714e-02,-1.938271083382860027e+00
3.200000000000000000e+01,3.220091500151883723e-02,4.317680456565704122e-02,-7.799456726123212835e-01,-4.164845452964807682e-02,1.515829437693434922e+00
3.300000000000000000e+01,8.517169198092375271e-02,4.795876853162246711e-02,1.147671351831701880e+00,-4.986910556928819682e-02,-1.972956249513628135e+00
3.400000000000000000e+01,1.104285135894573222e-01,4.466372471595377036e-02,-7.908105157604881086e-01,-4.345039216641406049e-02,1.540491216689793053e+00
3.500000000000000000e+01,8.961654553338010976e-02,4.937901861856493907e-02,1.131670536626679935e+00,-5.160091239960162834e-02,-1.956124855965016174e+00
3.600000000000000000e+01,2.488267137324937095e-02,4.594316814518695918e-02,-8.246041136107156166e-01,-4.502632734159146832e-02,1.577900413922439071e+00
3.700000000000000000e+01,8.532780367807349386e-02,5.066469372072868876e-02,1.133166138130015099e+00,-5.322638019760256300e-02,-1.968012685442662724e+00
3.800000000000000000e+01,9.841785756045712263e-02,4.715721363636786456e-02,-8.417952202465976974e-01,-4.654063849357849975e-02,1.604578008965774849e+00
3.900000000000000000e+01,8.628087837083450728e-02,5.185723204743505899e-02,1.128004418656125996e+00,-5.471396507237138995e-02,-1.961598378910294205e+00
4.000000000000000000e+01,1.672789731756721410e-02,4.825210794208416309e-02,-8.652297852842156800e-01,-4.789554663298278142e-02,1.636420425453266603e+00
4.100000000000000000e+01,8.357427401787212440e-02,5.295825801251502485e-02,1.129476016903407709e+00,-5.608394075019225433e-02,-1.965214588130274054e+00
4.200000000000000000e+01,8.879223367294852842e-02,4.928380967988582606e-02,-8.818675998310085973e-01,-4.915722938425469424e-02,1.662410727825015311e+00
4.300000000000000000e+01,8.331670574628471937e-02,5.398053576183926144e-02,1.127214259668824159e+00,-5.733584521625113145e-02,-1.962867799679145486e+00
4.400000000000000000e+01,8.496542164113191076e-03,5.022967596572546628e-02,-9.002063510673106173e-01,-5.030305864351990869e-02,1.687868777455493907e+00
4.500000000000000000e+01,8.188293061576332188e-02,5.492550199975289316e-02,1.126998248166583227e+00,-5.848708464020893616e-02,-1.964166239205366482e+00
4.600000000000000000e+01,8.169853271972310482e-02,5.111113353848020791e-02,-9.154484307054446823e-01,-5.136174766161807209e-02,1.710080874861806821e+00
4.700000000000000000e+01,8.123726381435569799e-02,5.580068675529564065e-02,1.125492772035703304e+00,-5.954286283965008753e-02,-1.963467642727682705e+00
4.800000000000000000e+01,5.653518989973960185e-04,5.192334192056326930e-02,-9.305627603357695676e-01,-5.233278831906881118e-02,1.730417884939505768e+00
4.900000000000000000e+01,8.074437086503707950e-02,5.660501185410203584e-02,1.123600784049304080e+00,-6.051729286251032736e-02,-1.964281090425963106e+00
5.000000000000000000e+01,7.644206467254605064e-02,5.267094041476872573e-02,-9.441771454399947583e-01,-5.323267390236402496e-02,1.748308550435113018e+00
5.100000000000000000e+01,8.042507355555247872e-02,5.734356461975181202e-02,1.121429809195941374e+00,-6.141767569872583904e-02,-1.964400431126835045e+00
5.200000000000000000e+01,-6.210226241904981404e-03,5.335591691254627789e-02,-9.570354497293274143e-01,-5.406378154238380973e-02,1.764934597522087811e+00
5.300000000000000000e+01,8.008557949987085700e-02,5.802104882167922334e-02,1.119631658191907020e+00,-6.225035885410307862e-02,-1.964778554812624201e+00
5.400000000000000000e+01,7.160801171934591536e-02,5.398478290225078996e-02,-9.687038206628237891e-01,-5.483220412418599726e-02,1.780357135180099748e+00
5.500000000000000000e+01,7.977252178690313889e-02,5.864300293432185562e-02,1.117972807697055426e+00,-6.301930302642107240e-02,-1.964903736536419476e+00
5.600000000000000000e+01,-1.225821935642693039e-02,5.456174026019170592e-02,-9.795030417912362619e-01,-5.554122707166584544e-02,1.794738229141254804e+00
5.700000000000000000e+01,7.945417934897425205e-02,5.921403715092057873e-02,1.116551253774930252e+00,-6.372900289711783128e-02,-1.965066198108477824e+00
5.800000000000000000e+01,6.725788195124624003e-02,5.509162412906051798e-02,-9.893791252464141373e-01,-5.619532154296674742e-02,1.808083524996260127e+00
5.900000000000000000e+01,7.915120981021392388e-02,5.973857462547148278e-02,1.115268119138631553e+00,-6.438339012122711036e-02,-1.965136458782487106e+00
6.000000000000000000e+01,-1.757170028929536110e-02,5.557825299217386550e-02,-9.984771919914277039e-01,-5.679812136350752272e-02,1.820464501852701034e+00
6.100000000000000000e+01,7.951367305953305209e-02,6.020641445023491856e-02,1.110758749934653622e+00,-6.497665735433992562e-02,-1.962848637799776697e+00
6.200000000000000000e+01,6.439505847922988302e-02,5.600500598239047112e-02,-1.008338032282667163e+00,-5.732779262548826082e-02,1.835727534924399551e+00
6.300000000000000000e+01,7.827013020223572148e-02,6.060252631921001637e-02,1.103404880836691193e+00,-6.549332044366482086e-02,-1.959726676362374631e+00
6.400000000000000000e+01,-2.839870338430547370e-02,5.635885371402538785e-02,-1.018481425244310623e+00,-5.782650124507222184e-02,1.840036607662223433e+00
6.500000000000000000e+01,8.102019070984470273e-02,6.093078828128251773e-02,1.097264296141710949e+00,-6.598293671942136174e-02,-1.957544513843793688e+00
6.600000000000000000e+01,6.937184648987321234e-02,5.665268281753661761e-02,-1.026745311299016583e+00,-5.826058261201596394e-02,1.853364985777295804e+00
6.700000000000000000e+01,7.914178470908686536e-02,6.120140951564135429e-02,1.091694407545136691e+00,-6.640532260051071334e-02,-1.954737597238741742e+00
6.800000000000000000e+01,-4.165420191690352714e-02,5.689169177827383544e-02,-1.034332256968204522e+00,-5.867157763274093163e-02,1.856098792264747832e+00
6.900000000000000000e+01,8.216651387086268410e-02,6.142222174480985175e-02,1.087327191968644469e+00,-6.680590855125988214e-02,-1.952239420444549012e+00
7.000000000000000000e+01,7.719357174399615884e-02,5.708700378365125228e-02,-1.040452310678064762e+00,-5.901541960579126389e-02,1.869717346912469269e+00
7.100000000000000000e+01,7.975787412549725786e-02,6.160035097265367798e-02,1.083203325360583058e+00,-6.713791774386014544e-02,-1.949399553136530905e+00
7.200000000000000000e+01,-5.479792019209028808e-02,5.724146216005309568e-02,-1.046133315024140087e+00,-5.934246690277252684e-02,1.870908201861027909e+00
7.300000000000000000e+01,8.287041533591490983e-02,6.174224241575799327e-02,1.080187261369175200e+00,-6.745520511970024002e-02,-1.947057172062649943e+00
7.400000000000000000e+01,8.476522931664107197e-02,5.736519358159185983e-02,-1.050491720199871803e+00,-5.960539532955188430e-02,1.883954349635605263e+00
7.500000000000000000e+01,8.016712938197964600e-02,6.185357685328497085e-02,1.077211985206346201e+00,-6.770714717603884547e-02,-1.944420443156869238e+00
7.600000000000000000e+01,-6.584390998035966058e-02,5.745923629357439083e-02,-1.054641734330539427e+00,-5.985829463350459539e-02,1.883724610208219463e+00
7.700000000000000000e+01,8.327316297737905049e-02,6.193934778231997840e-02,1.075226757298941349e+00,-6.795157102045935871e-02,-1.942386332869144638e+00
7.800000000000000000e+01,8.358375364578229938e-02,5.753259867303329306e-02,-1.057619786228804371e+00,-6.005246437703248147e-02,1.895785594422450426e+00
7.900000000000000000e+01,8.045784086378779398e-02,6.200396725421629396e-02,1.073128459483919661e+00,-6.813610789152875491e-02,-1.940074443479105515e+00
8.000000000000000000e+01,-5.231653426114590832e-02,5.758487382666353099e-02,-1.060582422612662556e+00,-6.024317133607741404e-02,1.894304773308320922e+00
8.100000000000000000e+01,8.347217988141705791e-02,6.205114602270201535e-02,1.071905327049235579e+00,-6.831987072020723195e-02,-1.938407852191156966e+00
8.200000000000000000e+01,6.790688183513124421e-02,5.762399625081133375e-02,-1.062515945253763583e+00,-6.038134129895163238e-02,1.905247061101343675e+00
8.300000000000000000e+01,8.056331873069663696e-02,6.208423427908103115e-02,1.070457126784727597e+00,-6.844992487051224095e-02,-1.936460057174547833e+00
8.400000000000000000e+01,-5.686437990709014567e-02,5.764848394540829368e-02,-1.064580080081456881e+00,-6.052191608639367892e-02,1.902722108188455330e+00
8.500000000000000000e+01,8.354332466085798159e-02,6.210591557634964621e-02,1.069783591425923719e+00,-6.858508187303084813e-02,-1.935159788792921498e+00
8.600000000000000000e+01,7.955790778437132893e-02,5.766530182671256166e-02,-1.065747299912899404e+00,-6.061602590474984842e-02,1.912573432387439931e+00
8.700000000000000000e+01,8.063817888146249113e-02,6.211864364187455467e-02,1.068802035638878989e+00,-6.867255828544090168e-02,-1.933567771365854115e+00
8.800000000000000000e+01,-6.979365464631395732e-02,5.767216862288999241e-02,-1.067154004556295277e+00,-6.071753032890057217e-02,1.909206709569679195e+00
8.900000000000000000e+01,8.353742664903968107e-02,6.212429923756022238e-02,1.068511347520854970e+00,-6.877003664498343438e-02,-1.932601515859887265e+00
9.000000000000000000e+01,8.164408529748282128e-02,5.767524292716174478e-02,-1.067773514495634846e+00,-6.077805657958725016e-02,1.918075215695083990e+00
9.100000000000000000e+01,8.071036418807958635e-02,6.212464020236244111e-02,1.067855346048167009e+00,-6.882525532812795721e-02,-1.931327699649770802e+00
9.200000000000000000e+01,-5.362088941889522897e-02,5.767166656804598862e-02,-1.068713672235948042e+00,-6.085001401632287449e-02,1.914057914833219298e+00
9.300000000000000000e+01,8.348883987255681371e-02,6.212092080014214313e-02,1.067821015703077858e+00,-6.889438008171402950e-02,-1.930647855693877979e+00
9.400000000000000000e+01,6.424689628407234676e-02,5.766693924338080895e-02,-1.068955573622719646e+00,-6.088568605023080699e-02,1.922086567555973957e+00
9.500000000000000000e+01,8.066644015780044530e-02,6.211436546865515412e-02,1.067382294065843285e+00,-6.892587098386235289e-02,-1.929644384071570684e+00
9.600000000000000000e+01,-5.605452545895706074e-02,5.765780769499634362e-02,-1.069573865678113966e+00,-6.093595933473323900e-02,1.917578795790988222e+00
9.700000000000000000e+01,8.342094688700169014e-02,6.210578348677600613e-02,1.067514190027119225e+00,-6.897428790754024652e-02,-1.929198857473682471e+00
9.800000000000000000e+01,7.573904476333931379e-02,5.764925658501002248e-02,-1.069566456423836520e+00,-6.095377647903865714e-02,1.924922742840380563e+00
9.900000000000000000e+01,8.065099514764259570e-02,6.209597748336326967e-02,1.067213015604779436e+00,-6.898884216146769499e-02,-1.928415763782970860e+00
1.000000000000000000e+02,-6.762994455070769906e-02,5.763775423675493448e-02,-1.069973579186000334e+00,-6.098862127136608913e-02,1.920053013624384741e+00
1.010000000000000000e+02,8.334865752362022318e-02,6.208543463507040783e-02,1.067443295595714048e+00,-6.902261348296270804e-02,-1.928158130783188540e+00
1.020000000000000000e+02,8.106568815276932183e-02,5.762790278159449220e-02,-1.069807644834219085e+00,-6.099403297179313566e-02,1.926859322680696929e+00
1.030000000000000000e+02,8.065542397048600098e-02,6.207468481865111021e-02,1.067227688893587434e+00,-6.902547831654128052e-02,-1.927546882739556100e+00
1.040000000000000000e+02,-6.104029966567511845e-02,5.761600869465402508e-02,-1.070082269759301097e+00,-6.101823785613050277e-02,1.921737710498585772e+00
1.050000000000000000e+02,8.327917826732003648e-02,6.206398014040468564e-02,1.067513146980158867e+00,-6.904920582436759047e-02,-1.927432312376899937e+00
1.060000000000000000e+02,7.415393988347851462e-02,5.760638836453261385e-02,-1.069822026209297228e+00,-6.101533154669179504e-02,1.928129826642190681e+00
1.070000000000000000e+02,8.060295348227142220e-02,6.205365291324170529e-02,1.067343491690182278e+00,-6.904430430723949852e-02,-1.926953462531449279e+00
1.080000000000000000e+02,-6.612279251234426392e-02,5.759523498736474761e-02,-1.070020302210469509e+00,-6.103250773581082866e-02,1.922831177142880099e+00
1.090000000000000000e+02,8.321786972571101892e-02,6.204379368772495323e-02,1.067654088086448905e+00,-6.906144670916310180e-02,-1.926945353604544664e+00
1.100000000000000000e+02,8.098574102194663893e-02,5.758667083636273554e-02,-1.069709484326932358e+00,-6.102429199216601041e-02,1.928917132079301489e+00
1.110000000000000000e+02,8.059808175769814231e-02,6.203460775663271337e-02,1.067504860864794347e+00,-6.905163855127258166e-02,-1.926563174185576877e+00
1.120000000000000000e+02,-6.444793474159327129e-02,5.757681976701677085e-02,-1.069869117507826317e+00,-6.103702247109001056e-02,1.923507859243817730e+00
1.130000000000000000e+02,8.316640922603266151e-02,6.202606961976760841e-02,1.067819964660201126e+00,-6.906465762448975310e-02,-1.926632436815939542e+00
1.140000000000000000e+02,7.924150440088081893e-02,5.756965821252327253e-02,-1.069538737738641165e+00,-6.102560824389054867e-02,1.929371851343809618e+00
1.150000000000000000e+02,8.055558619326744219e-02,6.201834868132526796e-02,1.067685712512478569e+00,-6.905201851511583166e-02,-1.926338465094067809e+00
1.160000000000000000e+02,-7.097617355035987230e-02,5.756137540103808264e-02,-1.069673587268924475e+00,-6.103582033015390179e-02,1.923887564390862837e+00
1.170000000000000000e+02,8.312475385061179889e-02,6.201132926489545671e-02,1.067988927325769666e+00,-6.906265182565027305e-02,-1.926439558919128547e+00
1.180000000000000000e+02,8.100394419654341482e-02,5.755570047925979288e-02,-1.069350908552559432e+00,-6.102263477930141428e-02,1.929604091123725551e+00
1.190000000000000000e+02,8.058040699085255998e-02,6.200503570286396843e-02,1.067840453665001466e+00,-6.904840660407764175e-02,-1.926185237946294038e+00
1.200000000000000000e+02,-5.466996419559860820e-02,5.754882536036633189e-02,-1.069490482199433101e+00,-6.103141888786607627e-02,1.924077051890776602e+00
1.210000000000000000e+02,8.309223741755658588e-02,6.199940837952074013e-02,1.068139924597057533e+00,-6.905783520093418393e-02,-1.926339915136345837e+00
1.220000000000000000e+02,6.451553204167734257e-02,5.754454252928550839e-02,-1.069167804056455173e+00,-6.101747725286104512e-02,1.929685907537553424e+00
1.230000000000000000e+02,8.052500707294193982e-02,6.199446902701308271e-02,1.067982359454618724e+00,-6.904294526640945839e-02,-1.926112323251619740e+00
1.240000000000000000e+02,-5.625441979092007938e-02,5.753899034439498988e-02,-1.069314883828342166e+00,-6.102570264695669072e-02,1.924138228668663686e+00
1.250000000000000000e+02,8.306769163583235804e-02,6.199012175123966989e-02,1.068271537642723423e+00,-6.905192764466219768e-02,-1.926293999449320449e+00
1.260000000000000000e+02,7.520340412702611332e-02,5.753595210540746879e-02,-1.069000714999728929e+00,-6.101158826235973665e-02,1.929681451752590871e+00
1.270000000000000000e+02,8.051389143359335976e-02,6.198638001765419819e-02,1.068102698939215278e+00,-6.903694184014477764e-02,-1.926084858668408284e+00
1.280000000000000000e+02,-6.672377633894058246e-02,5.753153936669585383e-02,-1.069161756230002647e+00,-6.101975138500520535e-02,1.924125709233497128e+00
1.290000000000000000e+02,8.304959939038242256e-02,6.198312380855104664e-02,1.068380266045246829e+00,-6.904592777874123122e-02,-1.926282334496646209e+00
1.300000000000000000e+02,8.104259332112162539e-02,5.752952878723879143e-02,-1.068862805114941805e+00,-6.100580096130250873e-02,1.929630436185292952e+00
1.310000000000000000e+02,8.052655604620698182e-02,6.198037253365223931e-02,1.068202499139227823e+00,-6.903115808437569612e-02,-1.926085709537564084e+00
1.320000000000000000e+02,-6.290392915444897870e-02,5.752605649966431589e-02,-1.069035848157101176e+00,-6.101417127998291084e-02,1.924076833054268132e+00
1.330000000000000000e+02,8.303679160415231020e-02,6.197799253289490440e-02,1.068464647975341686e+00,-6.904038414357809017e-02,-1.926291087262841817e+00
1.340000000000000000e+02,7.721345644088012383e-02,5.752486891589456142e-02,-1.068749668080081872e+00,-6.100056730212814055e-02,1.929556041947987799e+00
1.350000000000000000e+02,8.049859292735042637e-02,6.197602367736601559e-02,1.068277142753149667e+00,-6.902599181558086161e-02,-1.926101883228654277e+00
1.360000000000000000e+02,-6.858699645382354548e-02,5.752213147117362507e-02,-1.068934129486173390e+00,-6.100930311121270655e-02,1.924005289048356326e+00
1.370000000000000000e+02,8.302786751531246456e-02,6.197434675842820873e-02,1.068531668941100410e+00,-6.903559449986786112e-02,-1.926309933277236208e+00
1.380000000000000000e+02,8.107353345825243918e-02,5.752158771887688760e-02,-1.068662169492316405e+00,-6.099610761774040130e-02,1.929476851710590246e+00
1.390000000000000000e+02,8.052429398756483225e-02,6.197298715354743193e-02,1.068335864320929751e+00,-6.902162941246837990e-02,-1.926125230734715643e+00
1.400000000000000000e+02,-5.901988435662622323e-02,5.751942298771026141e-02,-1.068855399800920924e+00,-6.100524228648855629e-02,1.923932910235158555e+00
1.410000000000000000e+02,8.302159196456915247e-02,6.197184951866641089e-02,1.068582367429474989e+00,-6.903162981346226690e-02,-1.926333006473690990e+00
1.420000000000000000e+02,7.141891911052661301e-02,5.751938192632636421e-02,-1.068592222161611538e+00,-6.099245594676903914e-02,1.929401728006374217e+00
1.430000000000000000e+02,8.049111696663291404e-02,6.197094829607165817e-02,1.068375928738870106e+00,-6.901807170745494213e-02,-1.926147782564615829e+00
1.440000000000000000e+02,-6.279216386012326234e-02,5.751762404433991699e-02,-1.068797820415617217e+00,-6.100198218639404923e-02,1.923861485054614517e+00
1.450000000000000000e+02,8.301820079484562021e-02,6.197019470684623360e-02,1.068616959001515543e+00,-6.902846922572716815e-02,-1.926356889439947206e+00
1.460000000000000000e+02,8.107823391389115675e-02,5.751792835849132285e-02,-1.068543923605178581e+00,-6.098958163308115799e-02,1.929333022235043105e+00
1.470000000000000000e+02,8.049292581058276053e-02,6.196962220362668694e-02,1.068406522832487937e+00,-6.901529707050119145e-02,-1.926171704980807586e+00
1.480000000000000000e+02,-7.051792118029109879e-02,5.751647242262177689e-02,-1.068755947441178300e+00,-6.099945566824606369e-02,1.923801936541230440e+00
1.490000000000000000e+02,8.301579654907675909e-02,6.196915228683542998e-02,1.068643167411276629e+00,-6.902603442685313617e-02,-1.926378902065697396e+00
1.500000000000000000e+02,8.109998111816699162e-02,5.751703786419741504e-02,-1.068507461433122696e+00,-6.098737838162482383e-02,1.929277450854795850e+00
1.510000000000000000e+02,8.052297140151018495e-02,6.196882075876217200e-02,1.068427894695541225e+00,-6.901318003375091215e-02,-1.926192396510262084e+00
1.520000000000000000e+02,-5.680139112396576095e-02,5.751579886031077393e-02,-1.068725255628334647e+00,-6.099754811853631137e-02,1.923751659651504520e+00
1.530000000000000000e+02,8.301464738585406788e-02,6.196854608075552662e-02,1.068659332906740644e+00,-6.902420438328817076e-02,-1.926397503540445255e+00
1.540000000000000000e+02,6.813053198996163462e-02,5.751653996244719680e-02,-1.068481468393999378e+00,-6.098574325506956467e-02,1.929230670772464906e+00
1.550000000000000000e+02,8.048676807874952099e-02,6.196837860765145450e-02,1.068441274849021294e+00,-6.901161007218126198e-02,-1.926208036106806798e+00
1.560000000000000000e+02,-5.949353813456598195e-02,5.751544263482327030e-02,-1.068704633478763766e+00,-6.099614748903134376e-02,1.923711019955980817e+00
1.570000000000000000e+02,8.301411712263057074e-02,6.196823739874572634e-02,1.068670743341390006e+00,-6.902287527139285006e-02,-1.926414667766762401e+00
1.580000000000000000e+02,7.868222090057377938e-02,5.751629791141810166e-02,-1.068465476958629479e+00,-6.098456493810529983e-02,1.929194479989012168e+00
1.590000000000000000e+02,8.048630343900528561e-02,6.196817268265421980e-02,1.068449945096668907e+00,-6.901049594272769261e-02,-1.926223441109373047e+00
1.600000000000000000e+02,-6.990417840008630868e-02,5.751529301081201306e-02,-1.068691121242130171e+00,-6.099517066614532079e-02,1.923678066379768792e+00
1.610000000000000000e+02,8.301424109243135674e-02,6.196811465806455199e-02,1.068677195340609343e+00,-6.902194546684774223e-02,-1.926425952168580702e+00
1.620000000000000000e+02,8.111049015600790835e-02,5.751621724712870087e-02,-1.068455378624604046e+00,-6.098374600119094158e-02,1.929167871757631270e+00
1.630000000000000000e+02,8.052307764762609010e-02,6.196811200572271972e-02,1.068454742062563856e+00,-6.900972313672984471e-02,-1.926234512529337417e+00
1.640000000000000000e+02,-5.619344767503245408e-02,5.751526217084364234e-02,-1.068683960370978570e+00,-6.099449580126466847e-02,1.923654560511642408e+00
1.650000000000000000e+02,8.301428217959067046e-02,6.196809882302197620e-02,1.068680796522799570e+00,-6.902131424659599390e-02,-1.926436426879516661e+00
1.660000000000000000e+02,6.723650843883099970e-02,5.751622683748960213e-02,-1.068449276527769776e+00,-6.098319577441028982e-02,1.929148433324569645e+00
1.670000000000000000e+02,8.048581394737322481e-02,6.196813851844096277e-02,1.068458803428325998e+00,-6.900920707099540696e-02,-1.926242711180429223e+00
1.680000000000000000e+02,-5.859614550660297017e-02,5.751530981925009889e-02,-1.068678887805807998e+00,-6.099405132724802781e-02,1.923637378499371664e+00
1.690000000000000000e+02,8.301463854084009664e-02,6.196815362751673800e-02,1.068682513983993720e+00,-6.902089931882071649e-02,-1.926443517977447062e+00
1.700000000000000000e+02,7.778922675132401987e-02,5.751630000334959775e-02,-1.068444869800113217e+00,-6.098284022497819229e-02,1.929134182522205476e+00
1.710000000000000000e+02,8.048594164637976056e-02,6.196821628864391390e-02,1.068459908470635211e+00,-6.900887813580440511e-02,-1.926249098598290299e+00
1.720000000000000000e+02,-6.901351693439738977e-02,5.751540361683503411e-02,-1.068675041234130596e+00,-6.099377460191254818e-02,1.923624848134044774e+00
1.730000000000000000e+02,8.301504716625396352e-02,6.196824996627213478e-02,1.068683123864904605e+00,-6.902064132532245710e-02,-1.926448013618379473e+00
1.740000000000000000e+02,8.111135423085785723e-02,5.751639862916030355e-02,-1.068444320906839939e+00,-6.098261995800313695e-02,1.929125128156637503e+00
1.750000000000000000e+02,8.051881033246049979e-02,6.196831697280250073e-02,1.068460402474127324e+00,-6.900867393507208181e-02,-1.926252954496546099e+00
1.760000000000000000e+02,-5.795792745691652481e-02,5.751550610021927135e-02,-1.068674609419975052e+00,-6.099360479971283056e-02,1.923616592486220966e+00
1.770000000000000000e+02,8.301539197691387706e-02,6.196834816178242722e-02,1.068682094775157410e+00,-6.902048850334212282e-02,-1.926452088871028812e+00
1.780000000000000000e+02,6.992328941205153137e-02,5.751649892603154235e-02,-1.068443816580211703e+00,-6.098250625321033347e-02,1.929115740031628778e+00
1.790000000000000000e+02,8.048614906669795954e-02,6.196841320045109319e-02,1.068459425860692091e+00,-6.900857458098505481e-02,-1.926256398665934899e+00
1.800000000000000000e+02,-6.124703382208404601e-02,5.751560459368107447e-02,-1.068674065624804825e+00,-6.099352855150493719e-02,1.923611047075228564e+00
1.810000000000000000e+02,8.301556964637493707e-02,6.196844872682700373e-02,1.068682591955023131e+00,-6.902041987995538586e-02,-1.926453918828107126e+00
1.820000000000000000e+02,8.047669376806504404e-02,5.751660135551704689e-02,-1.068443369114389974e+00,-6.098245045323321539e-02,1.929112662413321244e+00
1.830000000000000000e+02,8.048638809287228524e-02,6.196851134745252898e-02,1.068458398064514814e+00,-6.900852734123251453e-02,-1.926258453119831016e+00
1.840000000000000000e+02,-7.166562732237316546e-02,5.751569885341779875e-02,-1.068674998568336143e+00,-6.099349327517507302e-02,1.923608175853785518e+00
1.850000000000000000e+02,8.301612329868349183e-02,6.196853356059005280e-02,1.068680329721341860e+00,-6.902039111149113615e-02,-1.926455480715855151e+00
1.860000000000000000e+02,8.111801249427025295e-02,5.751667770590433715e-02,-1.068445405124571312e+00,-6.098243648768145175e-02,1.929109109714323367e+00
1.870000000000000000e+02,8.053143061052703278e-02,6.196858602326556220e-02,1.068457996166694235e+00,-6.900851775248463549e-02,-1.926259503552764096e+00
1.880000000000000000e+02,-5.264883092772665307e-02,5.751576602225326462e-02,-1.068676800242951197e+00,-6.099349213536330028e-02,1.923606148109119562e+00
1.890000000000000000e+02,8.301602739959471067e-02,6.196859997300645240e-02,1.068680148180765510e+00,-6.902039902635456747e-02,-1.926457653837902351e+00
1.900000000000000000e+02,6.186440889795061238e-02,5.751674343939463391e-02,-1.068445568066836771e+00,-6.098244354167728365e-02,1.929109316322548340e+00
1.910000000000000000e+02,8.048632819033890717e-02,6.196865114387131029e-02,1.068457849074401667e+00,-6.900852708130612856e-02,-1.926260049510924111e+00
1.920000000000000000e+02,-5.329412376564060527e-02,5.751583058007466581e-02,-1.068676935311194010e+00,-6.099350692556618214e-02,1.923604837377586252e+00
1.930000000000000000e+02,8.301617130583094362e-02,6.196866403551019170e-02,1.068680029304526657e+00,-6.902041233753923588e-02,-1.926457298873533341e+00
1.940000000000000000e+02,7.242236822934330909e-02,5.751680109378368849e-02,-1.068447106014361436e+00,-6.098246154644912376e-02,1.929108189861627132e+00
1.950000000000000000e+02,8.048649689352307957e-02,6.196870303282146081e-02,1.068456465369064690e+00,-6.900854924605986929e-02,-1.926261047906579815e+00
1.960000000000000000e+02,-6.371682008742268755e-02,5.751587725479936214e-02,-1.068678186725303014e+00,-6.099353381936437751e-02,1.923603702406917915e+00
1.970000000000000000e+02,8.301645401710264216e-02,6.196870604276241701e-02,1.068678909111133501e+00,-6.902044250242246604e-02,-1.926458083933941356e+00
1.980000000000000000e+02,8.109944548457240221e-02,5.751683890032394109e-02,-1.068448114185233555e+00,-6.098248871088365192e-02,1.929108909969314833e+00
1.990000000000000000e+02,8.049513318408313411e-02,6.196873705870768745e-02,1.068455558012098683e+00,-6.900857965451387410e-02,-1.926261826471254768e+00
2.000000000000000000e+02,-6.856005443498799923e-02,5.751590787168028851e-02,-1.068679004886576633e+00,-6.099356143735470970e-02,1.923604372118199901e+00
2.010000000000000000e+02,8.301657293482411770e-02,6.196873359795525282e-02,1.068678174305991435e+00,-6.902047033884611826e-02,-1.926458136357937390e+00
2.020000000000000000e+02,8.110627870150000085e-02,5.751686369999749887e-02,-1.068448775509861504e+00,-6.098251971646325570e-02,1.929108149371886682e+00
2.030000000000000000e+02,8.050896086242326222e-02,6.196875937841388876e-02,1.068454962819933352e+00,-6.900860755954016379e-02,-1.926261082338456498e+00
2.040000000000000000e+02,-6.257497617320550987e-02,5.751592795688399012e-02,-1.068679541167176117e+00,-6.099358665136290353e-02,1.923605017962542796e+00
2.050000000000000000e+02,8.301657325969577506e-02,6.196875167463858358e-02,1.068677692261102763e+00,-6.902049601168543103e-02,-1.926458246477405378e+00
2.060000000000000000e+02,7.692458446734953825e-02,5.751688592947423045e-02,-1.068447778839444195e+00,-6.098254281367450347e-02,1.929108767522622392e+00
2.070000000000000000e+02,8.048657171695411394e-02,6.196878534540742334e-02,1.068455859823965959e+00,-6.900862834702489734e-02,-1.926260528004093420e+00
2.080000000000000000e+02,-6.816222718509767908e-02,5.751595132211682893e-02,-1.068680165589743325e+00,-6.099360555744244572e-02,1.923605469499787723e+00
2.090000000000000000e+02,8.301672648892174933e-02,6.196877270334814197e-02,1.068677131495514798e+00,-6.902051302715736525e-02,-1.926457792731582463e+00
2.100000000000000000e+02,8.110951492054604972e-02,5.751689889485109286e-02,-1.068449714039291232e+00,-6.098255813442097356e-02,1.929109174256734338e+00
2.110000000000000000e+02,8.051574030948252525e-02,6.196879105378211988e-02,1.068454118143446818e+00,-6.900864511593660100e-02,-1.926260875563751362e+00
2.120000000000000000e+02,-5.966168194544202441e-02,5.751595644925407841e-02,-1.068680305086730176e+00,-6.099362701528467795e-02,1.923604344156462087e+00
2.130000000000000000e+02,8.301671151454909081e-02,6.196877731777166581e-02,1.068677008444220533e+00,-6.902053233921487396e-02,-1.926457277743248042e+00
2.140000000000000000e+02,7.250604199322149834e-02,5.751690304781928442e-02,-1.068449824788572089e+00,-6.098257550842788727e-02,1.929109639388877140e+00
2.150000000000000000e+02,8.048676385885911166e-02,6.196879479145349368e-02,1.068454018472210221e+00,-6.900866075253743459e-02,-1.926260458586290580e+00
2.160000000000000000e+02,-6.380065663945885812e-02,5.751595981468300006e-02,-1.068680394424918134e+00,-6.099364102973908047e-02,1.923604733471605321e+00
2.170000000000000000e+02,8.301677744335128617e-02,6.196878034665769669e-02,1.068676927673926524e+00,-6.902054495222420538e-02,-1.926456941396428313e+00
2.180000000000000000e+02,8.109945402322266128e-02,5.751690577382969488e-02,-1.068449897478720212e+00,-6.098258687593277605e-02,1.929109938309942374e+00
2.190000000000000000e+02,8.049569964277933365e-02,6.196879724486286517e-02,1.068453953047960425e+00,-6.900867396352269867e-02,-1.926260901021581207e+00
2.200000000000000000e+02,-6.839357248024655056e-02,5.751596202433148508e-02,-1.068680452927531332e+00,-6.099365285888057320e-02,1.923605065114110557e+00
2.210000000000000000e+02,8.301679495183583724e-02,6.196878233534133112e-02,1.068676874642362717e+00,-6.902055559845163279e-02,-1.926456657497053859e+00
2.220000000000000000e+02,8.110555473568523133e-02,5.751690756364497004e-02,-1.068449945207127438e+00,-6.098259645047265920e-02,1.929110195514953663e+00
2.230000000000000000e+02,8.050791622874600706e-02,6.196879885569660934e-02,1.068453910092393766e+00,-6.900868258061271243e-02,-1.926260671233613442e+00
2.240000000000000000e+02,-6.307582366020153541e-02,5.751596347517944074e-02,-1.068680491324121240e+00,-6.099366057203715885e-02,1.923605282058133081e+00
2.250000000000000000e+02,8.301674734025779601e-02,6.196878364110448845e-02,1.068676839822011448e+00,-6.902056254029229065e-02,-1.926456472381229856e+00
2.260000000000000000e+02,7.768347881024967316e-02,5.751690873882982918e-02,-1.068449976545918334e+00,-6.098260268941282924e-02,1.929110364211070960e+00
2.270000000000000000e+02,8.048651912043053303e-02,6.196880587382746358e-02,1.068455312399431811e+00,-6.900868819565346424e-02,-1.926260521497753508e+00
2.280000000000000000e+02,-6.891193765989972464e-02,5.751596980164873363e-02,-1.068680657322894856e+00,-6.099365927037285473e-02,1.923606942067346282e+00
2.290000000000000000e+02,8.301675748675732547e-02,6.196878933492685343e-02,1.068676687986749307e+00,-6.902056434902700821e-02,-1.926457218876997057e+00
2.300000000000000000e+02,8.111116102528323490e-02,5.751691386327193595e-02,-1.068450113197179974e+00,-6.098260432357840294e-02,1.929110406107664932e+00
2.310000000000000000e+02,8.051895998219368855e-02,6.196881048582535828e-02,1.068455189412821138e+00,-6.900868966641195146e-02,-1.926260482280052866e+00
2.320000000000000000e+02,-5.816143835785395066e-02,5.751597393976469463e-02,-1.068680771054559608e+00,-6.099366704777427900e-02,1.923605428473040835e+00
2.330000000000000000e+02,8.301674688683671754e-02,6.196879305923121833e-02,1.068676588671965799e+00,-6.902056836845543719e-02,-1.926456316963478521e+00
2.340000000000000000e+02,7.023030472280261671e-02,5.751691721512829092e-02,-1.068450202584701803e+00,-6.098260793428065402e-02,1.929110504201948517e+00
2.350000000000000000e+02,8.048679194198418707e-02,6.196880754203160091e-02,1.068453678456793954e+00,-6.900869291603832500e-02,-1.926260395621842036e+00
2.360000000000000000e+02,-6.155334177985560817e-02,5.751597129183633889e-02,-1.068680700046863219e+00,-6.099366991491180640e-02,1.923605520270364355e+00
2.370000000000000000e+02,8.301679331084629854e-02,6.196879067609569608e-02,1.068676652222246393e+00,-6.902057094887957545e-02,-1.926456248152264905e+00
2.380000000000000000e+02,8.078585650812519781e-02,5.751691507032342249e-02,-1.068450145385344996e+00,-6.098261025712171934e-02,1.929110566021884576e+00
2.390000000000000000e+02,8.048654448741393574e-02,6.196881157217169755e-02,1.068455160443585461e+00,-6.900869500658989020e-02,-1.926260339872361227e+00
2.400000000000000000e+02,-7.197424639426874826e-02,5.751597492945449697e-02,-1.068680794252128363e+00,-6.099366542783803830e-02,1.923607098900444567e+00
2.410000000000000000e+02,8.301679542394771461e-02,6.196879394995204182e-02,1.068676564919410765e+00,-6.902056989074578652e-02,-1.926457071097858353e+00
2.420000000000000000e+02,8.111819662295524647e-02,5.751691801679460758e-02,-1.068450223957784440e+00,-6.098260930985167916e-02,1.929110539414586656e+00
2.430000000000000000e+02,8.053331014784281816e-02,6.196880826353128729e-02,1.068453659216802798e+00,-6.900869415406414575e-02,-1.926260362610991761e+00
2.440000000000000000e+02,-5.203453239592162327e-02,5.751597194129719204e-02,-1.068680717336183195e+00,-6.099367102486864811e-02,1.923605551006919212e+00
2.450000000000000000e+02,8.301668659673405726e-02,6.196879126061046600e-02,1.068676636635185861e+00,-6.902057194783811633e-02,-1.926456221512673261e+00
2.460000000000000000e+02,6.093004748711308705e-02,5.751691559925196234e-02,-1.068450158726041543e+00,-6.098261106198774040e-02,1.929110612604089781e+00
2.470000000000000000e+02,8.048651461067354851e-02,6.196881204820738065e-02,1.068455147749300727e+00,-6.900869573097952181e-02,-1.926260320558028205e+00
2.480000000000000000e+02,-5.237430957922048491e-02,5.751597535783167098e-02,-1.068680805690169766e+00,-6.099366608195800482e-02,1.923607115765164632e+00
2.490000000000000000e+02,8.301667880950558409e-02,6.196879433549149635e-02,1.068676554638358311e+00,-6.902057047945307777e-02,-1.926457055398816287e+00
2.500000000000000000e+02,7.148940232208000900e-02,5.751691836376398442e-02,-1.068450233214602640e+00,-6.098260983452954975e-02,1.929110554781647391e+00
2.510000000000000000e+02,8.048680142847686181e-02,6.196880857580372437e-02,1.068453650889537476e+00,-6.900869462626169071e-02,-1.926260350015713163e+00
2.520000000000000000e+02,-6.279682270935474375e-02,5.751597222234251794e-02,-1.068680724830689099e+00,-6.099367144986079375e-02,1.923605562336214936e+00
2.530000000000000000e+02,8.301680340521719326e-02,6.196879151355125931e-02,1.068676629890098040e+00,-6.902057233033370709e-02,-1.926456211313499534e+00
2.540000000000000000e+02,8.109710013832918674e-02,5.751691582403390540e-02,-1.068450165484165604e+00,-6.098261151793492318e-02,1.929110594975708359e+00
2.550000000000000000e+02,8.049085884123999279e-02,6.196881225051113079e-02,1.068455142354534093e+00,-6.900869614132307261e-02,-1.926260309613155641e+00
2.560000000000000000e+02,-7.040279855237269180e-02,5.751597553987725792e-02,-1.068680810552129268e+00,-6.099366645236133783e-02,1.923607125350816238e+00
2.570000000000000000e+02,8.301678140959162233e-02,6.196879449933252737e-02,1.068676550269264336e+00,-6.902057081281666451e-02,-1.926457046509277626e+00
2.580000000000000000e+02,8.111242484613806480e-02,5.751691851123703902e-02,-1.068450237142916315e+00,-6.098261014067158509e-02,1.929110561314819394e+00
2.590000000000000000e+02,8.052178836471057810e-02,6.196880870852947143e-02,1.068453647350183999e+00,-6.900869490179696586e-02,-1.926260342670090386e+00
2.600000000000000000e+02,-5.704982937529851084e-02,5.751597234177721618e-02,-1.068680728020540371e+00,-6.099367169857272675e-02,1.923605568773817609e+00
2.610000000000000000e+02,8.301672722134065263e-02,6.196879162104249050e-02,1.068676627023665393e+00,-6.902057255417375081e-02,-1.926456205344246886e+00
2.620000000000000000e+02,6.854299162975682758e-02,5.751691592077218251e-02,-1.068450168064873473e+00,-6.098261170014004223e-02,1.929110604968089726e+00
2.630000000000000000e+02,8.048652571301331826e-02,6.196881233757558366e-02,1.068455140032815720e+00,-6.900869630531263066e-02,-1.926260305241420889e+00
2.640000000000000000e+02,-5.988720516297657559e-02,5.751597561830382177e-02,-1.068680812625222076e+00,-6.099366659729468093e-02,1.923607129924307602e+00
2.650000000000000000e+02,8.301672254184150335e-02,6.196879456991643415e-02,1.068676548387026637e+00,-6.902057094325633746e-02,-1.926457043030798566e+00
2.660000000000000000e+02,7.909944282864067588e-02,5.751691857476150943e-02,-1.068450238837181931e+00,-6.098261025206910824e-02,1.929110565884935458e+00
2.670000000000000000e+02,8.048681566557475131e-02,6.196880876570149549e-02,1.068453645825596876e+00,-6.900869500204340201e-02,-1.926260339993832282e+00
2.680000000000000000e+02,-7.030956882188182933e-02,5.751597239325399735e-02,-1.068680729387400330e+00,-6.099367178794581207e-02,1.923605571383421253e+00
2.690000000000000000e+02,8.301685079576109905e-02,6.196879166737159078e-02,1.068676625788222312e+00,-6.902057263461047754e-02,-1.926456203199521378e+00
2.700000000000000000e+02,8.111438778096119462e-02,5.751691596247220095e-02,-1.068450169175854114e+00,-6.098261177989192094e-02,1.929110605132452916e+00
2.710000000000000000e+02,8.052538694210309433e-02,6.196881237510559748e-02,1.068455139032014944e+00,-6.900869637709697302e-02,-1.926260303329210943e+00
2.720000000000000000e+02,-5.536568016346876675e-02,5.751597565205588541e-02,-1.068680813531930562e+00,-6.099366666287335537e-02,1.923607131413668236e+00
2.730000000000000000e+02,8.301665003000746612e-02,6.196879460029328796e-02,1.068676547576977276e+00,-6.902057100227589059e-02,-1.926457041456608898e+00
2.740000000000000000e+02,6.598638629620889873e-02,5.751691860224688452e-02,-1.068450239531136603e+00,-6.098261029658641474e-02,1.929110569365473316e+00
2.750000000000000000e+02,8.048679408831932447e-02,6.196880879043833307e-02,1.068453645165948096e+00,-6.900869504211568084e-02,-1.926260338927023641e+00
2.760000000000000000e+02,-5.736297570104559318e-02,5.751597241552531409e-02,-1.068680729979124777e+00,-6.099367182369533347e-02,1.923605572420882925e+00
2.770000000000000000e+02,8.301677172935589821e-02,6.196879168741577237e-02,1.068676625253710766e+00,-6.902057266678460201e-02,-1.926456202341425339e+00
2.780000000000000000e+02,7.654359522819820238e-02,5.751691598050875931e-02,-1.068450169657683801e+00,-6.098261180326802061e-02,1.929110607243979869e+00
2.790000000000000000e+02,8.048653905271618836e-02,6.196881239133849445e-02,1.068455138599136767e+00,-6.900869639812372280e-02,-1.926260302765369525e+00
2.800000000000000000e+02,-6.778671952168183190e-02,5.751597566668452399e-02,-1.068680813916952133e+00,-6.099366668105872524e-02,1.923607132095598526e+00
2.810000000000000000e+02,8.301677098848700420e-02,6.196879461345906198e-02,1.068676547225889673e+00,-6.902057101864425559e-02,-1.926457041020527061e+00
2.820000000000000000e+02,8.110855603243136147e-02,5.751691861395092503e-02,-1.068450239881953312e+00,-6.098261032707672641e-02,1.929110565976207559e+00
2.830000000000000000e+02,8.051406321383322573e-02,6.196880880097196953e-02,1.068453644885050791e+00,-6.900869506955845112e-02,-1.926260338195612487e+00
2.840000000000000000e+02,-6.041431508261696504e-02,5.751597242497185486e-02,-1.068680730240026966e+00,-6.099367184970568706e-02,1.923605572764663485e+00
2.850000000000000000e+02,8.301675542788986006e-02,6.196879169591766601e-02,1.068676625026993898e+00,-6.902057269019382102e-02,-1.926456201717153593e+00
2.860000000000000000e+02,7.364705426677661815e-02,5.751691598815431711e-02,-1.068450169863203625e+00,-6.098261182435099625e-02,1.929110607802277721e+00
2.870000000000000000e+02,8.048653393276711254e-02,6.196881239821950410e-02,1.068455138415644212e+00,-6.900869641709989066e-02,-1.926260302259733548e+00
2.880000000000000000e+02,-6.492745204200334186e-02,5.751597567287863172e-02,-1.068680814081809149e+00,-6.099366669809160729e-02,1.923607132561988564e+00
2.890000000000000000e+02,8.301675318495804756e-02,6.196879461903376241e-02,1.068676547077231254e+00,-6.902057103397374327e-02,-1.926457040611712745e+00
2.900000000000000000e+02,8.110197582556255558e-02,5.751691861896815472e-02,-1.068450240015745845e+00,-6.098261034599490593e-02,1.929110565114920517e+00
2.910000000000000000e+02,8.050092135965905560e-02,6.196880880548747556e-02,1.068453644764637334e+00,-6.900869508658036278e-02,-1.926260337740510309e+00
2.920000000000000000e+02,-6.613885179240872048e-02,5.751597242901913820e-02,-1.068680730352401520e+00,-6.099367186567427462e-02,1.923605573017461268e+00
2.930000000000000000e+02,8.301680584550658049e-02,6.196879169956021755e-02,1.068676624929858932e+00,-6.902057270456585236e-02,-1.926456201333977880e+00
2.940000000000000000e+02,8.109774836730426761e-02,5.751691599144196504e-02,-1.068450169948380823e+00,-6.098261185462516137e-02,1.929110603985765726e+00
2.950000000000000000e+02,8.049215518740851505e-02,6.196881240117838030e-02,1.068455138336740440e+00,-6.900869644434472205e-02,-1.926260301532694896e+00
2.960000000000000000e+02,-6.983846306844490592e-02,5.751597567548219492e-02,-1.068680814167084270e+00,-6.099366672492279734e-02,1.923607132661262487e+00
2.970000000000000000e+02,8.301677643673649465e-02,6.196879462137697137e-02,1.068676547014745681e+00,-6.902057105812195448e-02,-1.926457039967796936e+00
2.980000000000000000e+02,8.111047845494817610e-02,5.751691862107704417e-02,-1.068450240071983082e+00,-6.098261036195243984e-02,1.929110567080683403e+00
2.990000000000000000e+02,8.051790241240258661e-02,6.196880880738547814e-02,1.068453644714024264e+00,-6.900869510094800874e-02,-1.926260337358937536e+00
3.000000000000000000e+02,-5.874167286664563892e-02,5.751597243074900445e-02,-1.068680730392753020e+00,-6.099367187776381927e-02,1.923605573564205473e+00
3.010000000000000000e+02,8.301674138785242185e-02,6.196879170111709717e-02,1.068676624888342586e+00,-6.902057271544606576e-02,-1.926456201043737826e+00
3.020000000000000000e+02,7.111056357084177826e-02,5.751691599282614253e-02,-1.068450169989829446e+00,-6.098261184684947850e-02,1.929110608463180832e+00
3.030000000000000000e+02,8.048652981663764749e-02,6.196881240242414074e-02,1.068455138303520124e+00,-6.900869643734981740e-02,-1.926260301720080559e+00
3.040000000000000000e+02,-6.242293637009260765e-02,5.751597567666667105e-02,-1.068680814181792504e+00,-6.099366671616734958e-02,1.923607133083793164e+00
3.050000000000000000e+02,8.301673789489927291e-02,6.196879462244299364e-02,1.068676546986318199e+00,-6.902057105024182737e-02,-1.926457040177875335e+00
3.060000000000000000e+02,8.109621392640828375e-02,5.751691862203646421e-02,-1.068450240097567727e+00,-6.098261036496244181e-02,1.929110564467053202e+00
3.070000000000000000e+02,8.048941344063803571e-02,6.196880880824895410e-02,1.068453644690998017e+00,-6.900869510364726622e-02,-1.926260337284356972e+00
3.080000000000000000e+02,-7.115021063147214386e-02,5.751597243149128569e-02,-1.068680730421839753e+00,-6.099367188154743852e-02,1.923605573303958316e+00
3.090000000000000000e+02,8.301685283952098260e-02,6.196879170178515306e-02,1.068676624870527725e+00,-6.902057271885195244e-02,-1.926456200953085229e+00
3.100000000000000000e+02,8.111502875623680109e-02,5.751691599344440492e-02,-1.068450170001778998e+00,-6.098261185559866737e-02,1.929110607180789083e+00
3.110000000000000000e+02,8.052666714249945290e-02,6.196881240298057758e-02,1.068455138288681772e+00,-6.900869644523360824e-02,-1.926260301512385142e+00
3.120000000000000000e+02,-5.480851668173214453e-02,5.751597567714594045e-02,-1.068680814200312801e+00,-6.099366672409949064e-02,1.923607133072189113e+00
3.130000000000000000e+02,8.301664569371386415e-02,6.196879462287434304e-02,1.068676546974815844e+00,-6.902057105737920140e-02,-1.926457039987130360e+00
3.140000000000000000e+02,6.514065840579125188e-02,5.751691862270143923e-02,-1.068450240041497246e+00,-6.098261034116621293e-02,1.929110571891116788e+00
3.150000000000000000e+02,8.048679300291272654e-02,6.196880880884743370e-02,1.068453644675038339e+00,-6.900869508223791970e-02,-1.926260337857211402e+00
3.160000000000000000e+02,-5.652854293475562120e-02,5.751597243209541355e-02,-1.068680730420485725e+00,-6.099367185973339489e-02,1.923605573401086621e+00
3.170000000000000000e+02,8.301676695061990796e-02,6.196879170232886397e-02,1.068676624856028656e+00,-6.902057269921882399e-02,-1.926456201476504093e+00
3.180000000000000000e+02,7.569819080969747427e-02,5.751691599392924625e-02,-1.068450170015908141e+00,-6.098261183246837108e-02,1.929110608020108586e+00
3.190000000000000000e+02,8.048653755286214184e-02,6.196881240341693686e-02,1.068455138277045746e+00,-6.900869642440446428e-02,-1.926260302064664254e+00
3.200000000000000000e+02,-6.695219197179760884e-02,5.751597567755599438e-02,-1.068680814206625307e+00,-6.099366670467862295e-02,1.923607132734202585e+00
3.210000000000000000e+02,8.301676577912339705e-02,6.196879462324338811e-02,1.068676546964974383e+00,-6.902057103990213993e-02,-1.926457040453643188e+00
3.220000000000000000e+02,8.110663537977688686e-02,5.751691862275681855e-02,-1.068450240116777250e+00,-6.098261034709250017e-02,1.929110566274313765e+00
3.230000000000000000e+02,8.051022746634919902e-02,6.196880880889727577e-02,1.068453644673709624e+00,-6.900869508757134785e-02,-1.926260337714922777e+00
3.240000000000000000e+02,-6.208545214595700967e-02,5.751597243210212346e-02,-1.068680730430836556e+00,-6.099367186601561963e-02,1.923605573173374328e+00
3.250000000000000000e+02,8.301676978994240730e-02,6.196879170233490774e-02,1.068676624855867452e+00,-6.902057270487285678e-02,-1.926456201325736250e+00
3.260000000000000000e+02,7.618132059796947630e-02,5.751691599393547044e-02,-1.068450170015865064e+00,-6.098261183755159659e-02,1.929110608157103002e+00
3.270000000000000000e+02,8.048653841254618801e-02,6.196881240342253655e-02,1.068455138276896532e+00,-6.900869642897912437e-02,-1.926260301942607667e+00
3.280000000000000000e+02,-6.742910268514873406e-02,5.751597567756119855e-02,-1.068680814206721896e+00,-6.099366670879000085e-02,1.923607132845389200e+00
3.290000000000000000e+02,8.301676876838953723e-02,6.196879462324807186e-02,1.068676546964849594e+00,-6.902057104360238837e-02,-1.926457040354973005e+00
3.300000000000000000e+02,8.110773296105569519e-02,5.751691862276103046e-02,-1.068450240116889383e+00,-6.098261034988372575e-02,1.929110566492478362e+00
3.310000000000000000e+02,8.051241951994100865e-02,6.196880880890106441e-02,1.068453644673608371e+00,-6.900869509008418501e-02,-1.926260337648111332e+00
3.320000000000000000e+02,-6.113044888170057756e-02,5.751597243210792437e-02,-1.068680730430353831e+00,-6.099367186818441255e-02,1.923605573255945389e+00
3.330000000000000000e+02,8.301676155439990934e-02,6.196879170234012579e-02,1.068676624855728452e+00,-6.902057270682471213e-02,-1.926456201273672786e+00
3.340000000000000000e+02,7.473304330848237753e-02,5.751691599393742027e-02,-1.068450170016649770e+00,-6.098261183932199292e-02,1.929110608200653498e+00
3.350000000000000000e+02,8.048653582154355335e-02,6.196881240342429209e-02,1.068455138276849459e+00,-6.900869643057322422e-02,-1.926260301900294847e+00
3.360000000000000000e+02,-6.599949088440121292e-02,5.751597567756334961e-02,-1.068680814206625973e+00,-6.099366671020241965e-02,1.923607132888993654e+00
3.370000000000000000e+02,8.301675983360759514e-02,6.196879462325000781e-02,1.068676546964798302e+00,-6.902057104487352435e-02,-1.926457040321063685e+00
3.380000000000000000e+02,8.110444279556050517e-02,5.751691862276277212e-02,-1.068450240116936012e+00,-6.098261035304148453e-02,1.929110566039689223e+00
3.390000000000000000e+02,8.050584847912167774e-02,6.196880880890263260e-02,1.068453644673566627e+00,-6.900869509292395509e-02,-1.926260337571791714e+00
3.400000000000000000e+02,-6.399307850051816349e-02,5.751597243210267857e-02,-1.068680730431988746e+00,-6.099367187099898752e-02,1.923605573261992774e+00
3.410000000000000000e+02,8.301678653406388553e-02,6.196879170233540735e-02,1.068676624855854129e+00,-6.902057270935797739e-02,-1.926456201206156571e+00
3.420000000000000000e+02,7.907454043721179326e-02,5.751691599393857213e-02,-1.068450170015239564e+00,-6.098261184156073683e-02,1.929110608271337846e+00
3.430000000000000000e+02,8.048654392858017870e-02,6.196881240342533292e-02,1.068455138276821925e+00,-6.900869643258587816e-02,-1.926260301846034029e+00
3.440000000000000000e+02,-7.028524099589403273e-02,5.751597567756412677e-02,-1.068680814206689256e+00,-6.099366671202009066e-02,1.923607132935789110e+00
3.450000000000000000e+02,8.301678689461636229e-02,6.196879462325070864e-02,1.068676546964779650e+00,-6.902057104650956287e-02,-1.926457040277474331e+00
3.460000000000000000e+02,8.111430616140136163e-02,5.751691862276341050e-02,-1.068450240116952443e+00,-6.098261035061099122e-02,1.929110567015657862e+00
3.470000000000000000e+02,8.052554699288302920e-02,6.196880880890320853e-02,1.068453644673551306e+00,-6.900869509074408770e-02,-1.926260337631943820e+00
3.480000000000000000e+02,-5.541409970046554112e-02,5.751597243211668126e-02,-1.068680730428766656e+00,-6.099367186851303857e-02,1.923605573335451568e+00
3.490000000000000000e+02,8.301671435174029501e-02,6.196879170234800838e-02,1.068676624855518398e+00,-6.902057270711939307e-02,-1.926456201265525969e+00
3.500000000000000000e+02,6.606004718344574145e-02,5.751691599408745997e-02,-1.068450169982531284e+00,-6.098261183129462248e-02,1.929110610197945164e+00
3.510000000000000000e+02,8.048652243345016943e-02,6.196881240355932990e-02,1.068455138273248561e+00,-6.900869642335302756e-02,-1.926260302094016108e+00
3.520000000000000000e+02,-5.743589963851988833e-02,5.751597567769269753e-02,-1.068680814207991325e+00,-6.099366670340033991e-02,1.923607132788645480e+00
3.530000000000000000e+02,8.301670834062641058e-02,6.196879462336642164e-02,1.068676546961693674e+00,-6.902057103875135213e-02,-1.926457040484242933e+00
3.540000000000000000e+02,7.661744914641779869e-02,5.751691862286444079e-02,-1.068450240120476291e+00,-6.098261033803727138e-02,1.929110568171379381e+00
3.550000000000000000e+02,8.048681105336552566e-02,6.196880880899413579e-02,1.068453644671126579e+00,-6.900869507941602421e-02,-1.926260337930901123e+00
3.560000000000000000e+02,-6.785937103944722493e-02,5.751597243221709399e-02,-1.068680730426490033e+00,-6.099367185759520943e-02,1.923605573236995436e+00
3.570000000000000000e+02,8.301683533981660257e-02,6.196879170243838053e-02,1.068676624853108104e+00,-6.902057269729484912e-02,-1.926456201527914303e+00
3.580000000000000000e+02,8.110874870118339741e-02,5.751691599403230964e-02,-1.068450170017456458e+00,-6.098261183779785793e-02,1.929110606279278217e+00
3.590000000000000000e+02,8.051412539293337223e-02,6.196881240350969600e-02,1.068455138274572169e+00,-6.900869642920756664e-02,-1.926260301938329311e+00
3.600000000000000000e+02,-6.026908455813495546e-02,5.751597567761423946e-02,-1.068680814214909569e+00,-6.099366670998257467e-02,1.923607132613998738e+00
3.610000000000000000e+02,8.301669035499831262e-02,6.196879462329581145e-02,1.068676546963576612e+00,-6.902057104467525239e-02,-1.926457040326241987e+00
3.620000000000000000e+02,7.342665028334446897e-02,5.751691862279399020e-02,-1.068450240120437433e+00,-6.098261034338019193e-02,1.929110568310814289e+00
3.630000000000000000e+02,8.048680540046607157e-02,6.196880880893072818e-02,1.068453644672817449e+00,-6.900869508422627363e-02,-1.926260337803061384e+00
3.640000000000000000e+02,-6.470961512411521621e-02,5.751597243216106242e-02,-1.068680730424719894e+00,-6.099367186188447282e-02,1.923605573362032306e+00
3.650000000000000000e+02,8.301681571827240758e-02,6.196879170238794865e-02,1.068676624854453028e+00,-6.902057270115508070e-02,-1.926456201424946890e+00
3.660000000000000000e+02,8.110150006207386686e-02,5.751691599398692234e-02,-1.068450170016246759e+00,-6.098261184714558192e-02,1.929110604962279929e+00
3.670000000000000000e+02,8.049964848029322884e-02,6.196881240346884673e-02,1.068455138275661520e+00,-6.900869643761561867e-02,-1.926260301712809930e+00
3.680000000000000000e+02,-6.657507528363088012e-02,5.751597567755806911e-02,-1.068680814218585962e+00,-6.099366671830441095e-02,1.923607132634689965e+00
3.690000000000000000e+02,8.301674598107403047e-02,6.196879462324525467e-02,1.068676546964924867e+00,-6.902057105216523325e-02,-1.926457040126596132e+00
3.700000000000000000e+02,8.109922658934762274e-02,5.751691862275849776e-02,-1.068450240116821881e+00,-6.098261036607576652e-02,1.929110564661472571e+00
3.710000000000000000e+02,8.049543031569147966e-02,6.196880880889878845e-02,1.068453644673669434e+00,-6.900869510465128254e-02,-1.926260337258125066e+00
3.720000000000000000e+02,-6.853018639640057197e-02,5.751597243207748344e-02,-1.068680730437112425e+00,-6.099367188239876447e-02,1.923605573340604113e+00
3.730000000000000000e+02,8.301682796171849787e-02,6.196879170231273104e-02,1.068676624856458757e+00,-6.902057271961800633e-02,-1.926456200932618712e+00
3.740000000000000000e+02,8.110599332941850759e-02,5.751691599391922649e-02,-1.068450170014440870e+00,-6.098261185922111000e-02,1.929110606495255675e+00
3.750000000000000000e+02,8.050862226650834508e-02,6.196881240340791630e-02,1.068455138277286443e+00,-6.900869644848664497e-02,-1.926260301423726728e+00
3.760000000000000000e+02,-6.266658838847360968e-02,5.751597567752060602e-02,-1.068680814212953578e+00,-6.099366672741360351e-02,1.923607133057529062e+00
3.770000000000000000e+02,8.301671097816662459e-02,6.196879462321153859e-02,1.068676546965823926e+00,-6.902057106036330048e-02,-1.926457039907928381e+00
3.780000000000000000e+02,7.706251548410086860e-02,5.751691862272557271e-02,-1.068450240116631811e+00,-6.098261035748309133e-02,1.929110568691250860e+00
3.790000000000000000e+02,8.048681186715367364e-02,6.196880880886915244e-02,1.068453644674459246e+00,-6.900869509691703874e-02,-1.926260337464146044e+00
3.800000000000000000e+02,-6.829872963963304344e-02,5.751597243210726518e-02,-1.068680730422852276e+00,-6.099367187324369888e-02,1.923605573681602454e+00
3.810000000000000000e+02,8.301683810229035232e-02,6.196879170233952905e-02,1.068676624855743995e+00,-6.902057271137851391e-02,-1.926456201152355385e+00
3.820000000000000000e+02,8.110975982906468151e-02,5.751691599394334609e-02,-1.068450170015084355e+00,-6.098261185011476931e-02,1.929110606703298147e+00
3.830000000000000000e+02,8.051614477972626749e-02,6.196881240342962810e-02,1.068455138276707128e+00,-6.900869644029346273e-02,-1.926260301642886752e+00
3.840000000000000000e+02,-5.938928720990038768e-02,5.751597567754557910e-02,-1.068680814212171537e+00,-6.099366671982827531e-02,1.923607132911645312e+00
3.850000000000000000e+02,8.301668293400657483e-02,6.196879462323401366e-02,1.068676546965224627e+00,-6.902057105353634481e-02,-1.926457040089935902e+00
3.860000000000000000e+02,7.209247585927200386e-02,5.751691862273405204e-02,-1.068450240119991346e+00,-6.098261035128299534e-02,1.929110568540804094e+00
3.870000000000000000e+02,8.048680320276530020e-02,6.196880880887678522e-02,1.068453644674255854e+00,-6.900869509133948643e-02,-1.926260337613558082e+00
3.880000000000000000e+02,-6.339238493564308685e-02,5.751597243211456489e-02,-1.068680730422932657e+00,-6.099367186820688763e-02,1.923605573551823378e+00
3.890000000000000000e+02,8.301680764604077445e-02,6.196879170234610018e-02,1.068676624855568802e+00,-6.902057270684520962e-02,-1.926456201273197832e+00
3.900000000000000000e+02,8.109846940794690484e-02,5.751691599394925802e-02,-1.068450170015241785e+00,-6.098261185614284319e-02,1.929110604168568832e+00
3.910000000000000000e+02,8.049359550668300223e-02,6.196881240343495023e-02,1.068455138276565242e+00,-6.900869644571111516e-02,-1.926260301496386385e+00
3.920000000000000000e+02,-6.921120193069438264e-02,5.751597567751523532e-02,-1.068680814220731135e+00,-6.099366672606981732e-02,1.923607132713910595e+00
3.930000000000000000e+02,8.301677050343900244e-02,6.196879462320670218e-02,1.068676546965952490e+00,-6.902057105915423985e-02,-1.926457039940260296e+00
3.940000000000000000e+02,8.110831557697847916e-02,5.751691862272380329e-02,-1.068450240115896621e+00,-6.098261036363201298e-02,1.929110566925334780e+00
3.950000000000000000e+02,8.051358287120591317e-02,6.196880880886756343e-02,1.068453644674502101e+00,-6.900869510245803695e-02,-1.926260337318246751e+00
3.960000000000000000e+02,-6.062359915776885377e-02,5.751597243208002308e-02,-1.068680730429009351e+00,-6.099367187923408068e-02,1.923605573573749394e+00
3.970000000000000000e+02,8.301675721932316732e-02,6.196879170231501394e-02,1.068676624856398139e+00,-6.902057271676939609e-02,-1.926456201008475366e+00
3.980000000000000000e+02,7.396441312317686423e-02,5.751691599391284965e-02,-1.068450170016519873e+00,-6.098261184827218767e-02,1.929110608439329466e+00
3.990000000000000000e+02,8.048653449248566183e-02,6.196881240340217784e-02,1.068455138277439209e+00,-6.900869643862879432e-02,-1.926260301685585485e+00
4.000000000000000000e+02,-6.524074511192265446e-02,5.751597567754518359e-02,-1.068680814205677843e+00,-6.099366671738518098e-02,1.923607133098467425e+00
4.010000000000000000e+02,8.301675512523906675e-02,6.196879462323365978e-02,1.068676546965233731e+00,-6.902057105133797832e-02,-1.926457040148670474e+00
4.020000000000000000e+02,8.110269671676709202e-02,5.751691862274806166e-02,-1.068450240116543215e+00,-6.098261036066537910e-02,1.929110565761422924e+00
4.030000000000000000e+02,8.050236120330711564e-02,6.196880880888939319e-02,1.068453644673919678e+00,-6.900869509978428684e-02,-1.926260337388537192e+00
4.040000000000000000e+02,-6.551183008026550958e-02,5.751597243208560889e-02,-1.068680730432908232e+00,-6.099367187737400609e-02,1.923605573378468048e+00
4.050000000000000000e+02,8.301680015201529095e-02,6.196879170232004463e-02,1.068676624856263802e+00,-6.902057271509556835e-02,-1.926456201053176276e+00
4.060000000000000000e+02,8.109558625365351214e-02,5.751691599392580456e-02,-1.068450170014616729e+00,-6.098261186085223579e-02,1.929110605018399704e+00
4.070000000000000000e+02,8.048783697801531467e-02,6.196881240341384212e-02,1.068455138277128347e+00,-6.900869644994762908e-02,-1.926260301382893392e+00
4.080000000000000000e+02,-7.171848245833006841e-02,5.751597567750613843e-02,-1.068680814217849440e+00,-6.099366672949824847e-02,1.923607132907851680e+00
4.090000000000000000e+02,8.301679444565862598e-02,6.196879462319852122e-02,1.068676546966171204e+00,-6.902057106223995209e-02,-1.926457039858008313e+00
4.100000000000000000e+02,8.111696282184938100e-02,5.751691862271643418e-02,-1.068450240115700112e+00,-6.098261036435323468e-02,1.929110567492811734e+00
4.110000000000000000e+02,8.053085234458953745e-02,6.196880880886092985e-02,1.068453644674678404e+00,-6.900869510311444244e-02,-1.926260337302691417e+00
4.120000000000000000e+02,-5.310502555224594357e-02,5.751597243208160515e-02,-1.068680730427037373e+00,-6.099367187953123881e-02,1.923605573659968648e+00
4.130000000000000000e+02,8.301669630573474401e-02,6.196879170231643641e-02,1.068676624856359947e+00,-6.902057271703487817e-02,-1.926456201000873225e+00
4.140000000000000000e+02,6.255502251827174676e-02,5.751691599522929660e-02,-1.068450169700913444e+00,-6.098261180086479716e-02,1.929110619880820110e+00
4.150000000000000000e+02,8.048651780399632139e-02,6.196881240458698009e-02,1.068455138245844704e+00,-6.900869639596796112e-02,-1.926260302824760906e+00
4.160000000000000000e+02,-5.397759620627143318e-02,5.751597567860330940e-02,-1.068680814236081522e+00,-6.099366667930884028e-02,1.923607131998188668e+00
4.170000000000000000e+02,8.301668863137440235e-02,6.196879462418597440e-02,1.068676546939839156e+00,-6.902057101706887687e-02,-1.926457041062409781e+00
4.180000000000000000e+02,7.311376225441626464e-02,5.751691862359414875e-02,-1.068450240142038377e+00,-6.098261031852605929e-02,1.929110567650276886e+00
4.190000000000000000e+02,8.048680489051468490e-02,6.196880880965087435e-02,1.068453644653613699e+00,-6.900869506185772217e-02,-1.926260338399599537e+00
4.200000000000000000e+02,-6.440072777807556714e-02,5.751597243280524852e-02,-1.068680730442950200e+00,-6.099367184190487845e-02,1.923605572788682938e+00
4.210000000000000000e+02,8.301681383623688015e-02,6.196879170296772099e-02,1.068676624838992728e+00,-6.902057268317343675e-02,-1.926456201904454435e+00
4.220000000000000000e+02,8.110078932898151516e-02,5.751691599450872022e-02,-1.068450170030160740e+00,-6.098261183194346458e-02,1.929110604295192877e+00
4.230000000000000000e+02,8.049822894509073290e-02,6.196881240393846413e-02,1.068455138263138648e+00,-6.900869642393324399e-02,-1.926260302077546838e+00
4.240000000000000000e+02,-6.719325849372856374e-02,5.751597567797445132e-02,-1.068680814231363296e+00,-6.099366670623339315e-02,1.923607132247963314e+00
4.250000000000000000e+02,8.301675167970620772e-02,6.196879462362000351e-02,1.068676546954931972e+00,-6.902057104130135401e-02,-1.926457040416309496e+00
4.260000000000000000e+02,8.110135801175438752e-02,5.751691862309576964e-02,-1.068450240125815354e+00,-6.098261035343680025e-02,1.929110565087492679e+00
4.270000000000000000e+02,8.049968727015424652e-02,6.196880880920233037e-02,1.068453644665575020e+00,-6.900869509327765827e-02,-1.926260337561804814e+00
4.280000000000000000e+02,-6.667626916455321462e-02,5.751597243235860579e-02,-1.068680730442494342e+00,-6.099367187185382455e-02,1.923605573141720537e+00
4.290000000000000000e+02,8.301681077550646104e-02,6.196879170256573699e-02,1.068676624849711931e+00,-6.902057271012747297e-02,-1.926456201185676065e+00
4.300000000000000000e+02,8.109960131009058548e-02,5.751691599414693323e-02,-1.068450170020513346e+00,-6.098261185780551319e-02,1.929110604557269681e+00
4.310000000000000000e+02,8.049585601441305860e-02,6.196881240361285653e-02,1.068455138271821259e+00,-6.900869644720829255e-02,-1.926260301456666602e+00
4.320000000000000000e+02,-6.822667302984886106e-02,5.751597567767938179e-02,-1.068680814224033160e+00,-6.099366672726065641e-02,1.923607132787432450e+00
4.330000000000000000e+02,8.301676126154147739e-02,6.196879462335443817e-02,1.068676546962013196e+00,-6.902057106022593813e-02,-1.926457039911666502e+00
4.340000000000000000e+02,8.110492105618438696e-02,5.751691862285675944e-02,-1.068450240119442229e+00,-6.098261036647967953e-02,1.929110566499101509e+00
4.350000000000000000e+02,8.050680345218136358e-02,6.196880880898722466e-02,1.068453644671311098e+00,-6.900869510501864146e-02,-1.926260337249352306e+00
4.360000000000000000e+02,-6.357709836944205883e-02,5.751597243218149746e-02,-1.068680730433374304e+00,-6.099367188178050903e-02,1.923605573577152006e+00
4.370000000000000000e+02,8.301678284234748073e-02,6.196879170240633672e-02,1.068676624853962309e+00,-6.902057271906132663e-02,-1.926456200947396002e+00
4.380000000000000000e+02,7.844356389086515335e-02,5.751691599400206301e-02,-1.068450170017026357e+00,-6.098261185029829612e-02,1.929110608503127988e+00
4.390000000000000000e+02,8.048654268813870694e-02,6.196881240348247472e-02,1.068455138275298477e+00,-6.900869644045000417e-02,-1.926260301636408823e+00
4.400000000000000000e+02,-6.966235740791884568e-02,5.751597567761705665e-02,-1.068680814207700669e+00,-6.099366671903987125e-02,1.923607133138431013e+00
4.410000000000000000e+02,8.301678290405475891e-02,6.196879462329834415e-02,1.068676546963508667e+00,-6.902057105282735638e-02,-1.926457040108995544e+00
4.420000000000000000e+02,8.111287257380525584e-02,5.751691862280627898e-02,-1.068450240118095973e+00,-6.098261035658134044e-02,1.929110567099043161e+00
4.430000000000000000e+02,8.052268399994053083e-02,6.196880880894178878e-02,1.068453644672522351e+00,-6.900869509611613772e-02,-1.926260337488351349e+00
4.440000000000000000e+02,-5.666018639865544326e-02,5.751597243215141042e-02,-1.068680730429691472e+00,-6.099367187334796964e-02,1.923605573464359786e+00
4.450000000000000000e+02,8.301672433261877981e-02,6.196879170237926115e-02,1.068676624854684176e+00,-6.902057271147131468e-02,-1.926456201149603364e+00
4.460000000000000000e+02,6.795152360230571897e-02,5.751691599398985749e-02,-1.068450170013456324e+00,-6.098261184084273479e-02,1.929110608950858508e+00
4.470000000000000000e+02,8.048652508854847731e-02,6.196881240347149045e-02,1.068455138275591354e+00,-6.900869643194536274e-02,-1.926260301864629376e+00
4.480000000000000000e+02,-5.930305361131546493e-02,5.751597567761211616e-02,-1.068680814206250718e+00,-6.099366671119323124e-02,1.923607132980511336e+00
4.490000000000000000e+02,8.301671926676554292e-02,6.196879462329389632e-02,1.068676546963627461e+00,-6.902057104576501956e-02,-1.926457040297228751e+00
4.500000000000000000e+02,7.850820143792505701e-02,5.751691862280090134e-02,-1.068450240118318462e+00,-6.098261034433111183e-02,1.929110568344137855e+00
4.510000000000000000e+02,8.048681465150392400e-02,6.196880880893694543e-02,1.068453644672651359e+00,-6.900869508507950778e-02,-1.926260337779615472e+00
4.520000000000000000e+02,-6.972591155205951075e-02,5.751597243216655109e-02,-1.068680730424895531e+00,-6.099367186265661211e-02,1.923605573381495404e+00
4.530000000000000000e+02,8.301684717754559406e-02,6.196879170239288914e-02,1.068676624854320911e+00,-6.902057270185017746e-02,-1.926456201406456570e+00
4.540000000000000000e+02,8.111304435414848357e-02,5.751691599399137017e-02,-1.068450170016364886e+00,-6.098261184067000490e-02,1.929110606683241302e+00
4.550000000000000000e+02,8.052270434061756244e-02,6.196881240347285047e-02,1.068455138275554717e+00,-6.900869643179605162e-02,-1.926260301870252656e+00
4.560000000000000000e+02,-5.653329997462427925e-02,5.751597567758594265e-02,-1.068680814212858543e+00,-6.099366671212350793e-02,1.923607132721410373e+00
4.570000000000000000e+02,8.301665945104830246e-02,6.196879462327033877e-02,1.068676546964255625e+00,-6.902057104660148934e-02,-1.926457040274716315e+00
4.580000000000000000e+02,6.775874813186874568e-02,5.751691862279831313e-02,-1.068450240113285599e+00,-6.098261034211065190e-02,1.929110569077800319e+00
4.590000000000000000e+02,8.048679663307184429e-02,6.196880880893462090e-02,1.068453644672713532e+00,-6.900869508308658806e-02,-1.926260337834225345e+00
4.600000000000000000e+02,-5.911241496528110706e-02,5.751597243217031197e-02,-1.068680730423434033e+00,-6.099367186063539559e-02,1.923605573388285750e+00
4.610000000000000000e+02,8.301678200814593955e-02,6.196879170239627532e-02,1.068676624854230983e+00,-6.902057270003071621e-02,-1.926456201454878059e+00
4.620000000000000000e+02,7.831527853301797903e-02,5.751691599399291754e-02,-1.068450170016805423e+00,-6.098261183317178064e-02,1.929110608046144426e+00
4.630000000000000000e+02,8.048654245362121817e-02,6.196881240347423825e-02,1.068455138275517635e+00,-6.900869642503620893e-02,-1.926260302047462236e+00
4.640000000000000000e+02,-6.953571727972399086e-02,5.751597567760739077e-02,-1.068680814208043950e+00,-6.099366670525424583e-02,1.923607132747671145e+00
4.650000000000000000e+02,8.301678210453644624e-02,6.196879462328964278e-02,1.068676546963740925e+00,-6.902057104042028102e-02,-1.926457040439849333e+00
4.660000000000000000e+02,8.111258112115377061e-02,5.751691862279844497e-02,-1.068450240117887029e+00,-6.098261034547895754e-02,1.929110566785916747e+00
4.670000000000000000e+02,8.052210191892086866e-02,6.196880880893473886e-02,1.068453644672710645e+00,-6.900869508612374192e-02,-1.926260337754746921e+00
4.680000000000000000e+02,-5.691352508868274818e-02,5.751597243214295191e-02,-1.068680730430028980e+00,-6.099367186443638289e-02,1.923605573204966390e+00
4.690000000000000000e+02,8.301672639051782543e-02,6.196879170237164919e-02,1.068676624854887791e+00,-6.902057270345098028e-02,-1.926456201363504261e+00
4.700000000000000000e+02,6.833608461020043712e-02,5.751691599397273924e-02,-1.068450170015737832e+00,-6.098261183421879034e-02,1.929110608615725919e+00
4.710000000000000000e+02,8.048652564179142876e-02,6.196881240345607916e-02,1.068455138276001914e+00,-6.900869642598360387e-02,-1.926260302023555804e+00
4.720000000000000000e+02,-5.968285803055770056e-02,5.751597567759645507e-02,-1.068680814206309337e+00,-6.099366670589669026e-02,1.923607132820858379e+00
4.730000000000000000e+02,8.301672151460856575e-02,6.196879462327980342e-02,1.068676546964003604e+00,-6.902057104099813822e-02,-1.926457040424348621e+00
4.740000000000000000e+02,7.889261517157494796e-02,5.751691862278843909e-02,-1.068450240117927663e+00,-6.098261034003811532e-02,1.929110568230406386e+00
4.750000000000000000e+02,8.048681540602301010e-02,6.196880880892573218e-02,1.068453644672950675e+00,-6.900869508121562634e-02,-1.926260337882601315e+00
4.760000000000000000e+02,-7.010539452853875586e-02,5.751597243215570560e-02,-1.068680730424806491e+00,-6.099367185920821777e-02,1.923605573281778724e+00
4.770000000000000000e+02,8.301684960722285900e-02,6.196879170238312612e-02,1.068676624854581370e+00,-6.902057269874664613e-02,-1.926456201489221698e+00
4.780000000000000000e+02,8.111391774549464584e-02,5.751691599398257859e-02,-1.068450170016130851e+00,-6.098261183770095628e-02,1.929110606650965787e+00
4.790000000000000000e+02,8.052444857811619228e-02,6.196881240346494013e-02,1.068455138275765881e+00,-6.900869642912468849e-02,-1.926260301941694175e+00
4.800000000000000000e+02,-5.577414508363087720e-02,5.751597567757893437e-02,-1.068680814212641161e+00,-6.099366670971466398e-02,1.923607132658406105e+00
