# Time, SliderHeight, Motor1Pos, Motor1Vel, Motor2Pos, Motor2Vel
0.000000000000000000e+00,2.600000000000000089e-01,0.000000000000000000e+00,0.000000000000000000e+00,0.000000000000000000e+00,0.000000000000000000e+00
1.000000000000000000e+00,2.017395964264949437e-01,3.387880325317383073e-03,8.130912780761719860e-01,-8.187968749272047514e-03,-1.965112499825291570e+00
2.000000000000000000e+00,1.958060979640883215e-01,9.369002580642701861e-03,1.435469341278076350e+00,-1.819177025416881741e-02,-2.400912361175224774e+00
3.000000000000000000e+00,1.797117944453758831e-01,1.766806852817535620e-02,1.991775827407836985e+00,-3.131049633764972084e-02,-3.148494260035417103e+00
4.000000000000000000e+00,1.729020424543297740e-01,2.795984159708023511e-02,2.470025536537170829e+00,-4.680684119548803035e-02,-3.719122765881194947e+00
5.000000000000000000e+00,1.889946666081425142e-01,3.964723179459572755e-02,2.804973647403717241e+00,-6.373173912013989362e-02,-4.061975501916448295e+00
6.000000000000000000e+00,2.291130147156923980e-01,5.182712998735905519e-02,2.923175566263199077e+00,-8.067215503251506936e-02,-4.065699818970042401e+00
7.000000000000000000e+00,2.649679168015789399e-01,6.370885723901988096e-02,2.851614540398597963e+00,-9.645906971922890705e-02,-3.788859524811322377e+00
8.000000000000000000e+00,2.825763807873573619e-01,7.487873632377267663e-02,2.680770980340671628e+00,-1.110006654503359891e-01,-3.489982975465700576e+00
9.000000000000000000e+00,2.757884865724736789e-01,8.545074819325698678e-02,2.537282848676233549e+00,-1.251038924141079367e-01,-3.384774471305266541e+00
1.000000000000000000e+01,2.599877619740881274e-01,9.570379816412294405e-02,2.460731993007827967e+00,-1.391709672860397262e-01,-3.376097969263629484e+00
1.100000000000000000e+01,2.474515429522297638e-01,1.058394232057276174e-01,2.432550009985121608e+00,-1.530940530383676501e-01,-3.341540580558701734e+00
1.200000000000000000e+01,2.435136646907764824e-01,1.158419536348649359e-01,2.400607302992957770e+00,-1.664610299567627627e-01,-3.208074460414824358e+00
1.300000000000000000e+01,2.402929528496602629e-01,1.257286864635171197e-01,2.372815878876522788e+00,-1.794993770472594619e-01,-3.129203301719206465e+00
1.400000000000000000e+01,2.363022846032782343e-01,1.355485556826133975e-01,2.356768612583108435e+00,-1.926626306988772908e-01,-3.159180876388281600e+00
1.500000000000000000e+01,2.290160988452477897e-01,1.454030786429470201e-01,2.365085510480071651e+00,-2.061322149288137839e-01,-3.232700215184761028e+00
1.600000000000000000e+01,2.105026359937417213e-01,1.556914431877099436e-01,2.469207490743099864e+00,-2.203239672634124957e-01,-3.406020560303688161e+00
1.700000000000000000e+01,1.944504471089187336e-01,1.667096659267392478e-01,2.644373457367031666e+00,-2.355108965967494805e-01,-3.644863040000873688e+00
1.800000000000000000e+01,1.778400109233738979e-01,1.786936144284409500e-01,2.876147640408405426e+00,-2.514272003933591404e-01,-3.819912911186316595e+00
1.900000000000000000e+01,6.501957187939091387e-01,1.911685842500926991e-01,2.993992757196421550e+00,-2.674986424653055805e-01,-3.857146097267144302e+00
2.000000000000000000e+01,5.208011567271114695e-01,2.038703541362406613e-01,3.048424772675509598e+00,-2.835305395074179113e-01,-3.847655290106957615e+00
2.100000000000000000e+01,1.538314160053387281e-01,2.168233973149170102e-01,3.108730362882323739e+00,-2.994871165467045127e-01,-3.829578489428782095e+00
2.200000000000000000e+01,1.414143391809324912e-01,2.300792320695855819e-01,3.181400341120458108e+00,-3.154371165734000115e-01,-3.828000006406923283e+00
2.300000000000000000e+01,1.403427683761135081e-01,2.445424959627818251e-01,3.471183334367098361e+00,-3.316849330933128170e-01,-3.899475964779074655e+00
2.400000000000000000e+01,2.431072573930397607e-01,2.605445413809752697e-01,3.840490900366422711e+00,-3.479037407726712217e-01,-3.892513843046013999e+00
2.500000000000000000e+01,1.032144497240772285e-01,2.780622329399041193e-01,4.204245974142929221e+00,-3.637123090543212811e-01,-3.794056387596018709e+00
2.600000000000000000e+01,1.710365244194005652e-01,2.959904270842934615e-01,4.302766594653440357e+00,-3.796832472160091565e-01,-3.833025158805093646e+00
2.700000000000000000e+01,1.880589808846463984e-01,3.131603357944736654e-01,4.120778090443253383e+00,-3.940746958343136486e-01,-3.453947668393079429e+00
2.800000000000000000e+01,1.995682734449962525e-01,3.292742929879413083e-01,3.867349726432232071e+00,-4.070270851452440497e-01,-3.108573434623294940e+00
2.900000000000000000e+01,1.998478194024760346e-01,3.442394461116254356e-01,3.591636749684185670e+00,-4.186842374915232812e-01,-2.797716563107015109e+00
3.000000000000000000e+01,1.976726502744418357e-01,3.580241077506888803e-01,3.308318793375229383e+00,-4.291756759379193320e-01,-2.517945227135057085e+00
3.100000000000000000e+01,1.965720208732972540e-01,3.705992943154884367e-01,3.018044775551892656e+00,-4.386179717514794296e-01,-2.266150995254417211e+00
3.200000000000000000e+01,1.913623241150007037e-01,3.820243697946655304e-01,2.742018115002503365e+00,-4.471160382817827017e-01,-2.039535967272787964e+00
3.300000000000000000e+01,1.860616723746231216e-01,3.923827786768999681e-01,2.486018131736268622e+00,-4.547642981822963559e-01,-1.835582376123279236e+00
3.400000000000000000e+01,1.820743851616992981e-01,4.017508607784698871e-01,2.248339704376776105e+00,-4.616477321282315138e-01,-1.652024147024435452e+00
3.500000000000000000e+01,1.771930026031459660e-01,4.102442069479586562e-01,2.038403080677307244e+00,-4.678428223151693821e-01,-1.486821644865090608e+00
3.600000000000000000e+01,1.767163333151354765e-01,4.178794089342104390e-01,1.832448476700425211e+00,-4.734184039581922909e-01,-1.338139594325498338e+00
3.700000000000000000e+01,1.753241612990166787e-01,4.247142073681075547e-01,1.640351624135309994e+00,-4.784364274861974686e-01,-1.204325646721237986e+00
3.800000000000000000e+01,1.735322836922112977e-01,4.308320162279368204e-01,1.468274126359026654e+00,-4.829526484471509673e-01,-1.083893030628842569e+00
3.900000000000000000e+01,1.718952321116171966e-01,4.363188038230578214e-01,1.316829022829039131e+00,-4.870172470421674227e-01,-9.755036628039444047e-01
4.000000000000000000e+01,1.684384711425196413e-01,4.413288554660735885e-01,1.202412394323783662e+00,-4.906753848931240669e-01,-8.779530842295903970e-01
4.100000000000000000e+01,1.654619775423968875e-01,4.459752191262411070e-01,1.115127278440210201e+00,-4.939677084153840658e-01,-7.901576453424060675e-01
4.200000000000000000e+01,1.636400211902979129e-01,4.503087236881468391e-01,1.040041094857380388e+00,-4.969307995517486254e-01,-7.111418727274883000e-01
4.300000000000000000e+01,1.624525160452588435e-01,4.543544561783450786e-01,9.709757976475765773e-01,-4.995975817340076452e-01,-6.400277237421636567e-01
4.400000000000000000e+01,1.615026593984486281e-01,4.581337789861682497e-01,9.070374738775625056e-01,-5.019976858652142049e-01,-5.760249914895640977e-01
4.500000000000000000e+01,1.609153365219644916e-01,4.616588849138844042e-01,8.460254226518753029e-01,-5.041577798046970038e-01,-5.184225454758688567e-01
4.600000000000000000e+01,1.600308561480410785e-01,4.649617163978198020e-01,7.926795561444955895e-01,-5.061018643882927437e-01,-4.665803000629757391e-01
4.700000000000000000e+01,1.592188152759498876e-01,4.680697103282711047e-01,7.459185433083080907e-01,-5.078515405733242671e-01,-4.199222844075587435e-01
4.800000000000000000e+01,1.586883376568298254e-01,4.709972363819557861e-01,7.026062528843273203e-01,-5.094262492906499462e-01,-3.779300921581598693e-01
4.900000000000000000e+01,1.584614863527775974e-01,4.737486441990988451e-01,6.603378761143350317e-01,-5.108434873516011221e-01,-3.401371346282934249e-01
5.000000000000000000e+01,1.582104945902235438e-01,4.763360023714642288e-01,6.209659613676895562e-01,-5.121190017444566811e-01,-3.061234542853293883e-01
5.100000000000000000e+01,1.580894621305163616e-01,4.787679195759673711e-01,5.836601290807486020e-01,-5.132669648497948378e-01,-2.755111452811706552e-01
5.200000000000000000e+01,1.581455238001270025e-01,4.810478878501807110e-01,5.471923858111948924e-01,-5.143001318228012098e-01,-2.479600735215408414e-01
5.300000000000000000e+01,1.583139096914488175e-01,4.831788235303093315e-01,5.114245632308721534e-01,-5.152299822674586416e-01,-2.231641067177802251e-01
5.400000000000000000e+01,1.585549723853756365e-01,4.851646149374204686e-01,4.765899377066757925e-01,-5.160668478159927686e-01,-2.008477316481972752e-01
5.500000000000000000e+01,1.588431890747243058e-01,4.870104066486726224e-01,4.429900107005215748e-01,-5.168200269360351262e-01,-1.807629888101579263e-01
5.600000000000000000e+01,1.591960868835083642e-01,4.887205188393523581e-01,4.104269257631353307e-01,-5.174978882519436496e-01,-1.626867158180340112e-01
5.700000000000000000e+01,1.597961864189214043e-01,4.902879916218542133e-01,3.761934678004394961e-01,-5.181079635382060955e-01,-1.464180687029763839e-01
5.800000000000000000e+01,1.603447630470154484e-01,4.917168965431457095e-01,3.429371811099589107e-01,-5.186570310468863187e-01,-1.317762020832546066e-01
5.900000000000000000e+01,1.608174601341644250e-01,4.930180743947131239e-01,3.122826843761802307e-01,-5.191511912233163217e-01,-1.185984423431999946e-01
6.000000000000000000e+01,1.614648011376729753e-01,4.941892775133273075e-01,2.810887484674045589e-01,-5.195959345640879246e-01,-1.067384017851876615e-01
6.100000000000000000e+01,1.621607996137839347e-01,4.952300804070843276e-01,2.497926945016822331e-01,-5.199962020831736531e-01,-9.606420458057102207e-02
6.200000000000000000e+01,1.628033017177322739e-01,4.961477176074636231e-01,2.202329280910334530e-01,-5.203564402088104446e-01,-8.645715015282522120e-02
6.300000000000000000e+01,1.633873213388725709e-01,4.969526698629228023e-01,1.931885413102004678e-01,-5.206806500867882104e-01,-7.781037071466244404e-02
6.400000000000000000e+01,1.639006409236473394e-01,4.976571831878362495e-01,1.690831979792213058e-01,-5.209724314981488691e-01,-7.002753872654754463e-02
6.500000000000000000e+01,1.643514155142051791e-01,4.982730180957869459e-01,1.478003779081694946e-01,-5.212350217507674133e-01,-6.302166062844437311e-02
6.600000000000000000e+01,1.647449528687432718e-01,4.988109140278097486e-01,1.290950236854737643e-01,-5.214713289142884900e-01,-5.671371924504710338e-02
6.700000000000000000e+01,1.650863347131422132e-01,4.992805007339919388e-01,1.127008094837277652e-01,-5.216839572155583804e-01,-5.103079230478283629e-02
6.800000000000000000e+01,1.653805673375902952e-01,4.996903377422953207e-01,9.836088199281099731e-02,-5.218752167474156600e-01,-4.590228764574281334e-02
6.900000000000000000e+01,1.656320440726588572e-01,5.000480095323408536e-01,8.584122961093351711e-02,-5.220470936573785581e-01,-4.125045839110567936e-02
7.000000000000000000e+01,1.658438992667777834e-01,5.003602113154673736e-01,7.492842795036597225e-02,-5.222011223490509169e-01,-3.696688600136420477e-02
7.100000000000000000e+01,1.660152898461670912e-01,5.006328381986533405e-01,6.543045196464172819e-02,-5.223382369981246498e-01,-3.290751577769163161e-02
7.200000000000000000e+01,1.661416931677686670e-01,5.008711115493253985e-01,5.718560416130685081e-02,-5.224599165609763451e-01,-2.920309508440747243e-02
7.300000000000000000e+01,1.662503858737236495e-01,5.010795502546261382e-01,5.002528927216506882e-02,-5.225687414626961624e-01,-2.611797641276390053e-02
7.400000000000000000e+01,1.663600528703552128e-01,5.012619258645762965e-01,4.377014638805005325e-02,-5.226649241261097645e-01,-2.308383921927269211e-02
7.500000000000000000e+01,1.664379972446073386e-01,5.014216646829835478e-01,3.833731641775331433e-02,-5.227518235813237713e-01,-2.085586925136530267e-02
7.600000000000000000e+01,1.664970670730940017e-01,5.015614896593497685e-01,3.355799432788755116e-02,-5.228244716088036315e-01,-1.743552659517506181e-02
7.700000000000000000e+01,1.665796570237828567e-01,5.016844862573012209e-01,2.951918350834671634e-02,-5.228977327386301610e-01,-1.758267115835616609e-02
7.800000000000000000e+01,1.667032676008226300e-01,5.017938845677675230e-01,2.625559451190909166e-02,-5.229516868678568686e-01,-1.294899101441958529e-02
7.900000000000000000e+01,1.666037131573572527e-01,5.018949814218269800e-01,2.426324497426747551e-02,-5.230084379837450781e-01,-1.362026781316471799e-02
8.000000000000000000e+01,1.665538021708947714e-01,5.019869852372754737e-01,2.208091570763400652e-02,-5.230479223280144474e-01,-9.476242624654723085e-03
8.100000000000000000e+01,1.666614988716847712e-01,5.020729982058431684e-01,2.064311245625219046e-02,-5.230997753650817872e-01,-1.244472889616491697e-02
8.200000000000000000e+01,1.668020130418248204e-01,5.021501129030933042e-01,1.850752734003899280e-02,-5.231358878004188639e-01,-8.666984480911585700e-03
8.300000000000000000e+01,1.666324479425611294e-01,5.022220440299186572e-01,1.726347043809378992e-02,-5.231640092569460609e-01,-6.749149566536983419e-03
8.400000000000000000e+01,1.666757898477275457e-01,5.022891449514270690e-01,1.610422116200654202e-02,-5.232007543316301579e-01,-8.818817924174748510e-03
8.500000000000000000e+01,1.667055617507332277e-01,5.023494054403048192e-01,1.446251733067025966e-02,-5.232239512226347644e-01,-5.567253841106477308e-03
8.600000000000000000e+01,1.665761171347315273e-01,5.024058305507942412e-01,1.354202651746471558e-02,-5.232410796513398132e-01,-4.110822889214432209e-03
8.700000000000000000e+01,1.667440695535579442e-01,5.024584597890598969e-01,1.263101718374672749e-02,-5.232726538669848493e-01,-7.577811754808224005e-03
8.800000000000000000e+01,1.668283782350820088e-01,5.025045467555941947e-01,1.106087196822420210e-02,-5.232922002844015985e-01,-4.691140180024965314e-03
8.900000000000000000e+01,1.667542087503685044e-01,5.025474708637091004e-01,1.030178594757182563e-02,-5.233070621638937769e-01,-3.566851078125226997e-03
9.000000000000000000e+01,1.666795196250309419e-01,5.025875247165080273e-01,9.612924671730390183e-03,-5.233176862409494312e-01,-2.549778493348688231e-03
9.100000000000000000e+01,1.667277960043534735e-01,5.026247943134708462e-01,8.944703271083096971e-03,-5.233342883139928681e-01,-3.984497530427941192e-03
9.200000000000000000e+01,1.666778909649847262e-01,5.026580868726692186e-01,7.990214207609506666e-03,-5.233412383360865894e-01,-1.668005302493999649e-03
9.300000000000000000e+01,1.667918963095038898e-01,5.026893934798160046e-01,7.513585715229281758e-03,-5.233587957508213373e-01,-4.213779536346808074e-03
9.400000000000000000e+01,1.667797897207887736e-01,5.027166369605780005e-01,6.538435382874046263e-03,-5.233665693064271096e-01,-1.865653345372955164e-03
9.500000000000000000e+01,1.667394111288471037e-01,5.027423349460788948e-01,6.167516520216677518e-03,-5.233716860291516282e-01,-1.228013453872824762e-03
9.600000000000000000e+01,1.667019419841037353e-01,5.027664155395888956e-01,5.779342442397226304e-03,-5.233744057179515741e-01,-6.527253119847771469e-04
9.700000000000000000e+01,1.668330797431956947e-01,5.027887733449483143e-01,5.365873286269417196e-03,-5.233881689518773417e-01,-3.303176142181223074e-03
9.800000000000000000e+01,1.668084680289379229e-01,5.028076045060061450e-01,4.519478653873343008e-03,-5.233930657315625234e-01,-1.175227124431707168e-03
9.900000000000000000e+01,1.667847987863722015e-01,5.028254183899395491e-01,4.275332144029934424e-03,-5.233961390446489892e-01,-7.375951407484543018e-04
1.000000000000000000e+02,1.667634334982795175e-01,5.028421260165422124e-01,4.009830384625887381e-03,-5.233975681161653348e-01,-3.429771639115623892e-04
1.010000000000000000e+02,1.667441334984528789e-01,5.028577187784983860e-01,3.742262869482381599e-03,-5.233975232179259862e-01,1.077557745146064897e-05
1.020000000000000000e+02,1.668643268894145215e-01,5.028721281905884632e-01,3.458258901627035264e-03,-5.234073599988867675e-01,-2.360827430579933491e-03
1.030000000000000000e+02,1.668223990449710092e-01,5.028838334164114077e-01,2.809254197507697441e-03,-5.234093754348342342e-01,-4.837046273825406154e-04
1.040000000000000000e+02,1.668084226570886175e-01,5.028950766101941694e-01,2.698366507856563880e-03,-5.234102777982607702e-01,-2.165672223781472299e-04
1.050000000000000000e+02,1.667968505600928575e-01,5.029056774882889602e-01,2.544210742752603220e-03,-5.234101773493066156e-01,2.410774899543722356e-05
1.060000000000000000e+02,1.667870419411252580e-01,5.029155810394319026e-01,2.376852274315948473e-03,-5.234091811089381929e-01,2.390976884163885288e-04
1.070000000000000000e+02,1.667785361690989065e-01,5.029247973383801362e-01,2.211911747588128987e-03,-5.234073888201261626e-01,4.301493148958426957e-04
1.080000000000000000e+02,1.669200730172397951e-01,5.029332253084864979e-01,2.022712825523494042e-03,-5.234169650481659275e-01,-2.298294729535888502e-03
1.090000000000000000e+02,1.668694924802540391e-01,5.029392201348474867e-01,1.438758326649160896e-03,-5.234191006931699919e-01,-5.125548009644255616e-04
1.100000000000000000e+02,1.668626242699211282e-01,5.029451185237479027e-01,1.415613336100790456e-03,-5.234206043672434694e-01,-3.608817776450481442e-04
1.110000000000000000e+02,1.668571632737743116e-01,5.029507513499962279e-01,1.351878299588443397e-03,-5.234215315530853507e-01,-2.225246020555915645e-04
1.120000000000000000e+02,1.668527913532010798e-01,5.029560498101484090e-01,1.271630436531930117e-03,-5.234219387587668582e-01,-9.772936357250327924e-05
1.130000000000000000e+02,1.668491592841546134e-01,5.029609996476718248e-01,1.187961005628337605e-03,-5.234218798414568274e-01,1.414015441154128927e-05
1.140000000000000000e+02,1.668460456961418092e-01,5.029656118654710628e-01,1.106932271828537902e-03,-5.234214046769547490e-01,1.140394805065877900e-04
1.150000000000000000e+02,1.668434490051852737e-01,5.029698963543129953e-01,1.028277322051100381e-03,-5.234205602414941927e-01,2.026645105220721229e-04
1.160000000000000000e+02,1.668413665405968083e-01,5.029738620044876818e-01,9.517560419199349708e-04,-5.234193908190325484e-01,2.806613907894246122e-04
1.170000000000000000e+02,1.668396607122007713e-01,5.029775287355383595e-01,8.800154521544618176e-04,-5.234179367119907722e-01,3.489856900135768279e-04
1.180000000000000000e+02,1.668383165821796243e-01,5.029809144704792123e-01,8.125763858166472602e-04,-5.234162349907948153e-01,4.084130870171989421e-04
1.190000000000000000e+02,1.668373201305858589e-01,5.029840353356230809e-01,7.490076345157831161e-04,-5.234143197853929896e-01,4.596492964410632282e-04
1.200000000000000000e+02,1.668366581355773814e-01,5.029869058404189408e-01,6.889211509985576241e-04,-5.234122225488769820e-01,5.033367638389357399e-04
1.210000000000000000e+02,1.668844509140518795e-01,5.029894395996966638e-01,6.081022266489620898e-04,-5.234139375155686391e-01,-4.115920059957101258e-04
1.220000000000000000e+02,1.668605667832029071e-01,5.029912040927021488e-01,4.234783213254111845e-04,-5.234128188007709515e-01,2.684915514460756397e-04
1.230000000000000000e+02,1.668585925878844078e-01,5.029930199783227973e-01,4.358125489504752399e-04,-5.234115748045840011e-01,2.985590848662599602e-04
1.240000000000000000e+02,1.668576092844184511e-01,5.029947628922811775e-01,4.182993500088917301e-04,-5.234102211428460771e-01,3.248788170896864001e-04
1.250000000000000000e+02,1.668572548731455385e-01,5.029963924190398172e-01,3.910864220832216344e-04,-5.234087740198627436e-01,3.473095160019487072e-04
1.260000000000000000e+02,1.668572601167197245e-01,5.029978960188545845e-01,3.608639555510753899e-04,-5.234072493045219820e-01,3.659316817956857759e-04
1.270000000000000000e+02,1.668574800284313153e-01,5.029992743239992681e-01,3.307932347224276540e-04,-5.234056617627502739e-01,3.810100252104061769e-04
1.280000000000000000e+02,1.669178870728574293e-01,5.030004271582932951e-01,2.766802305675351847e-04,-5.234089800045117480e-01,-7.963780227587973805e-04
1.290000000000000000e+02,1.668857593922765115e-01,5.030007682558912396e-01,8.186342351411036327e-05,-5.234088530222019697e-01,3.047575434186519921e-05
1.300000000000000000e+02,1.668835077088295649e-01,5.030013259562605699e-01,1.338480886318299534e-04,-5.234086726458991867e-01,4.329031266819156345e-05
1.310000000000000000e+02,1.668825075698625038e-01,5.030019236370184554e-01,1.434433818918379113e-04,-5.234084427249801053e-01,5.518102058507049211e-05
1.320000000000000000e+02,1.668819150614530844e-01,5.030025215477026412e-01,1.434985641995407794e-04,-5.234081664548956292e-01,6.630482028569838269e-05
1.330000000000000000e+02,1.668816096750892208e-01,5.030030958227005300e-01,1.378259994953010068e-04,-5.234078486404133423e-01,7.627547574705855317e-05
1.340000000000000000e+02,1.668815906354235989e-01,5.030036249703568885e-01,1.269954375379690986e-04,-5.234074958207700634e-01,8.467671439910164359e-05
1.350000000000000000e+02,1.668815948662452642e-01,5.030041134946109382e-01,1.172458209682886371e-04,-5.234071130486919188e-01,9.186529875129438940e-05
1.360000000000000000e+02,1.668816190906612096e-01,5.030045654493559004e-01,1.084691387849979875e-04,-5.234067048098719477e-01,9.797731679969938923e-05
1.370000000000000000e+02,1.668817931531264287e-01,5.030049725541775318e-01,9.770515720104176228e-05,-5.234062765609197587e-01,1.027797485308237226e-04
1.380000000000000000e+02,1.668819829167274837e-01,5.030053392803092160e-01,8.801427159843216801e-05,-5.234058327277889555e-01,1.065199513892448117e-04
1.390000000000000000e+02,1.668820521064404705e-01,5.030056815816625893e-01,8.215232480535642086e-05,-5.234053757182887123e-01,1.096822800618875513e-04
1.400000000000000000e+02,1.668822646435400014e-01,5.030059899647461030e-01,7.401194005553424953e-05,-5.234049095134658547e-01,1.118891574744621393e-04
1.410000000000000000e+02,1.668824859219507906e-01,5.030062678089678441e-01,6.668261323108258174e-05,-5.234044372210929774e-01,1.133501694882924912e-04
1.420000000000000000e+02,1.668827139143184701e-01,5.030065181562891619e-01,6.008335712584234712e-05,-5.234039615509359367e-01,1.141608377010554866e-04
1.430000000000000000e+02,1.668829468312408026e-01,5.030067437449498025e-01,5.414127854487745287e-05,-5.234034848580318977e-01,1.144062969697655396e-04
1.440000000000000000e+02,1.668831831044135239e-01,5.030069470398209619e-01,4.879076908769885285e-05,-5.234030091815012886e-01,1.141623673554872931e-04
1.450000000000000000e+02,1.668834213629707963e-01,5.030071302597245442e-01,4.397277685414987516e-05,-5.234025362793447433e-01,1.134965175578114940e-04
1.460000000000000000e+02,1.668836604122991840e-01,5.030072954020201603e-01,3.963415095438213944e-05,-5.234020676596334853e-01,1.124687307148805387e-04
1.470000000000000000e+02,1.668840352965519080e-01,5.030074323354790655e-01,3.286403013484701959e-05,-5.234016060873595277e-01,1.107773457442825149e-04
1.480000000000000000e+02,1.668842730653719575e-01,5.030075557949212905e-01,2.963026614222373707e-05,-5.234011520758400371e-01,1.089627646806800958e-04
1.490000000000000000e+02,1.668845083291111420e-01,5.030076671190122362e-01,2.671778181861800554e-05,-5.234007064074938098e-01,1.069604030961341415e-04
1.500000000000000000e+02,1.668848773304884570e-01,5.030077555836418579e-01,2.123151110002113512e-05,-5.234002712040780603e-01,1.044488197878204591e-04
1.510000000000000000e+02,1.668851059229318756e-01,5.030078353899840593e-01,1.915352212594475194e-05,-5.233998464094500314e-01,1.019507107293802405e-04
1.520000000000000000e+02,1.668854672026184871e-01,5.030078954671146629e-01,1.441851135230451744e-05,-5.233994337814997788e-01,9.903070804800201670e-05
1.530000000000000000e+02,1.668856863224759679e-01,5.030079497040396141e-01,1.301686198432566892e-05,-5.233990329428735988e-01,9.620127028785857830e-05
1.540000000000000000e+02,1.668858998287406359e-01,5.030079986781061940e-01,1.175377598315053113e-05,-5.233986438894795423e-01,9.337281457329515467e-05
1.550000000000000000e+02,1.668862454605583856e-01,5.030080309799357385e-01,7.752439080130445594e-06,-5.233982680497182294e-01,9.020154271144108042e-05
1.560000000000000000e+02,1.668864473740258869e-01,5.030080601938817786e-01,7.011347051964514514e-06,-5.233979047573410481e-01,8.719017052728045801e-05
1.570000000000000000e+02,1.668866429637480275e-01,5.030080866230633996e-01,6.343003577947860189e-06,-5.233975537555910496e-01,8.424041998961074999e-05
1.580000000000000000e+02,1.668869706120224838e-01,5.030080986112559494e-01,2.877166210078998730e-06,-5.233972162525237781e-01,8.100073615480648278e-05
1.590000000000000000e+02,1.668871535893780567e-01,5.030081095206136998e-01,2.618245872691106613e-06,-5.233968913903471742e-01,7.796692239460971321e-05
1.600000000000000000e+02,1.668874685450073003e-01,5.030081075249820399e-01,-4.789515934445195478e-07,-5.233965802253321975e-01,7.467960359505744776e-05
1.610000000000000000e+02,1.668876382608287245e-01,5.030081058335518218e-01,-4.059432488203040521e-07,-5.233962817677342283e-01,7.162982350882283490e-05
1.620000000000000000e+02,1.668879400189311468e-01,5.030080924824759103e-01,-3.204258227595362678e-06,-5.233959969595360917e-01,6.835396755699267037e-05
1.630000000000000000e+02,1.668880961749374392e-01,5.030080805569976388e-01,-2.862114784170083303e-06,-5.233957247124234602e-01,6.533930704340643937e-05
1.640000000000000000e+02,1.668883845475323813e-01,5.030080579816937902e-01,-5.418072933841274627e-06,-5.233954658837862706e-01,6.211887292902274404e-05
1.650000000000000000e+02,1.668885271189465280e-01,5.030080377413668202e-01,-4.857678468188723513e-06,-5.233952193131312658e-01,5.917695718848316915e-05
1.660000000000000000e+02,1.668886630048798114e-01,5.030080195994330872e-01,-4.354064097485502396e-06,-5.233949843177616579e-01,5.639888870285643375e-05
1.670000000000000000e+02,1.668889318073679129e-01,5.030079914138321229e-01,-6.764544230637672582e-06,-5.233947617405257935e-01,5.341853661512358187e-05
1.680000000000000000e+02,1.668890549851008709e-01,5.030079661093675991e-01,-6.073071478346891768e-06,-5.233945504123512782e-01,5.071876189366070794e-05
1.690000000000000000e+02,1.668891719680072883e-01,5.030079433954323109e-01,-5.451344458458256604e-06,-5.233943496471483714e-01,4.818364869248586551e-05
1.700000000000000000e+02,1.668892831252919429e-01,5.030079230105791721e-01,-4.892364758295103113e-06,-5.233941588099445541e-01,4.580092891724100827e-05
1.710000000000000000e+02,1.668895283130414076e-01,5.030078927903428587e-01,-7.252856716093421542e-06,-5.233939787913960417e-01,4.320445163737168830e-05
1.720000000000000000e+02,1.668897679308077864e-01,5.030078537100781677e-01,-9.379263512835995175e-06,-5.233938099490440532e-01,4.052216447225500480e-05
1.730000000000000000e+02,1.668900017164549054e-01,5.030078066479306553e-01,-1.129491539621802332e-05,-5.233936525473005252e-01,3.777641843932534978e-05
1.740000000000000000e+02,1.668900898728757076e-01,5.030077643238026752e-01,-1.015779072682770196e-05,-5.233935052901207419e-01,3.534172314551993884e-05
1.750000000000000000e+02,1.668901723313461760e-01,5.030077262626249102e-01,-9.134682676624327890e-06,-5.233933673860962088e-01,3.309696588910367377e-05
1.760000000000000000e+02,1.668903891884164770e-01,5.030076801076271975e-01,-1.107719945771852582e-05,-5.233932395929957737e-01,3.067034410148542682e-05
1.770000000000000000e+02,1.668904610120355014e-01,5.030076385903051728e-01,-9.964157286280211724e-06,-5.233931206774228295e-01,2.853973751914644770e-05
1.780000000000000000e+02,1.668905278301106021e-01,5.030076012460077406e-01,-8.962631386853341323e-06,-5.233930099071546493e-01,2.658486436309339364e-05
1.790000000000000000e+02,1.668905900485017912e-01,5.030075676565840537e-01,-8.061461689404129653e-06,-5.233929066169912270e-01,2.478963921827209363e-05
1.800000000000000000e+02,1.668907877832177533e-01,5.030075255164737635e-01,-1.011362646833416288e-05,-5.233928116812281983e-01,2.278458313521135997e-05
1.810000000000000000e+02,1.668908413504723853e-01,5.030074876032454290e-01,-9.099174808772550105e-06,-5.233927239741636983e-01,2.104969546692803947e-05
1.820000000000000000e+02,1.668908908284142956e-01,5.030074534936980202e-01,-8.186291371598902283e-06,-5.233926428632093009e-01,1.946662906675931536e-05
1.830000000000000000e+02,1.668909365671884248e-01,5.030074228069711939e-01,-7.364814434456574304e-06,-5.233925677754363015e-01,1.802106552201769812e-05
1.840000000000000000e+02,1.668909788926009885e-01,5.030073952003101256e-01,-6.625598645908578988e-06,-5.233924981917537078e-01,1.670008382256327645e-05
1.850000000000000000e+02,1.668910180997752457e-01,5.030073703652544470e-01,-5.960413373817147773e-06,-5.233924336416619916e-01,1.549202200633786330e-05
1.860000000000000000e+02,1.668911942587930075e-01,5.030073360949492978e-01,-8.224873246607517817e-06,-5.233923751774549604e-01,1.403140968231016589e-05
1.870000000000000000e+02,1.668912274335420942e-01,5.030073052557830771e-01,-7.401399891579606551e-06,-5.233923218362859231e-01,1.280188058176511380e-05
1.880000000000000000e+02,1.668912577017948040e-01,5.030072775044783784e-01,-6.660313117417907884e-06,-5.233922731346862811e-01,1.168838391823891589e-05
1.890000000000000000e+02,1.668912853292326137e-01,5.030072525320921084e-01,-5.993372707754430506e-06,-5.233922286363850152e-01,1.067959231395651255e-05
1.900000000000000000e+02,1.668913105645620787e-01,5.030072300605815672e-01,-5.393162531232466514e-06,-5.233921879476344241e-01,9.765300135692477049e-06
1.910000000000000000e+02,1.668913336322234431e-01,5.030072098397143643e-01,-4.853008125131825106e-06,-5.233921507130021578e-01,8.936311751117153397e-06
1.920000000000000000e+02,1.668913547348016835e-01,5.030071916442871993e-01,-4.366902530957078760e-06,-5.233921166115814705e-01,8.184340959442770977e-06
1.930000000000000000e+02,1.668913740551887515e-01,5.030071752716224198e-01,-3.929439543059437992e-06,-5.233920853535796169e-01,7.501920439061625289e-06
1.940000000000000000e+02,1.668915315745984895e-01,5.030071486100572420e-01,-6.398775642499624066e-06,-5.233920581561740670e-01,6.527377332787189121e-06
1.950000000000000000e+02,1.668915472182916637e-01,5.030071246116405437e-01,-5.759620001308033601e-06,-5.233920342070709220e-01,5.747784749616552632e-06
1.960000000000000000e+02,1.668915610131048999e-01,5.030071030101775920e-01,-5.184351102052303165e-06,-5.233920131603710946e-01,5.051207955422279142e-06
1.970000000000000000e+02,1.668915731464431229e-01,5.030070835660883644e-01,-4.666581424505300773e-06,-5.233919947056051569e-01,4.429143817923943218e-06
1.980000000000000000e+02,1.668915837956994608e-01,5.030070660637460112e-01,-4.200562155044138149e-06,-5.233919785641569788e-01,3.873947551244595687e-06
1.990000000000000000e+02,1.668915931200755931e-01,5.030070503090822154e-01,-3.781119311677041436e-06,-5.233919644860463016e-01,3.378746561881886833e-06
2.000000000000000000e+02,1.668916012624236112e-01,5.030070361274310287e-01,-3.403596274460368489e-06,-5.233919522470341645e-01,2.937362923978067993e-06
2.010000000000000000e+02,1.668916083508970027e-01,5.030070233615892006e-01,-3.063802039341362414e-06,-5.233919416460190988e-01,2.544243613693667310e-06
2.020000000000000000e+02,1.668916145004374074e-01,5.030070118700697979e-01,-2.757964667724600208e-06,-5.233919325026952230e-01,2.194397732184976684e-06
2.030000000000000000e+02,1.668916198141114360e-01,5.030070015255306837e-01,-2.482689374888766430e-06,-5.233919246554450400e-01,1.883340032169975569e-06
2.040000000000000000e+02,1.668916243843129310e-01,5.030069922133606486e-01,-2.234920815066562174e-06,-5.233919179594447302e-01,1.607040081458807518e-06
2.050000000000000000e+02,1.668916282938455176e-01,5.030069838304058738e-01,-2.011909150038922125e-06,-5.233919122849591821e-01,1.361876537579171008e-06
2.060000000000000000e+02,1.668916316168951308e-01,5.030069762838247360e-01,-1.811179485643405943e-06,-5.233919075158092182e-01,1.144595990497608647e-06
2.070000000000000000e+02,1.668916344199054824e-01,5.030069694900564103e-01,-1.630504388424030760e-06,-5.233919035479928095e-01,9.522759445368449874e-07
2.080000000000000000e+02,1.668916367623648200e-01,5.030069633738933899e-01,-1.467879133455913542e-06,-5.233919002884448446e-01,7.822915027635736211e-07
2.090000000000000000e+02,1.668916386975146104e-01,5.030069578676457098e-01,-1.321499446006162029e-06,-5.233918976539223555e-01,6.322853905483221318e-07
2.100000000000000000e+02,1.668916402729853088e-01,5.030069529103896597e-01,-1.189741444089000301e-06,-5.233918955700015418e-01,5.001409968113918559e-07
2.110000000000000000e+02,1.668916415313689561e-01,5.030069484472913244e-01,-1.071143608707659824e-06,-5.233918939701761586e-01,3.839581049221364035e-07
2.120000000000000000e+02,1.668916425107350998e-01,5.030069444289974046e-01,-9.643905499840976497e-07,-5.233918927950467204e-01,2.820310638412065083e-07
2.130000000000000000e+02,1.668916432450919252e-01,5.030069408110874329e-01,-8.682983878128136483e-07,-5.233918919915919732e-01,1.928291507917671714e-07
2.140000000000000000e+02,1.668916437648036433e-01,5.030069375535807241e-01,-7.818016061018455228e-07,-5.233918915125131965e-01,1.149789116549779225e-07
2.150000000000000000e+02,1.668916440969643034e-01,5.030069346204922853e-01,-7.039412205109802164e-07,-5.233918913156454522e-01,4.724825601298742665e-08
2.160000000000000000e+02,1.668916442657341348e-01,5.030069319794334692e-01,-6.338541212964336801e-07,-5.233918913634281189e-01,-1.146783296432383606e-08
2.170000000000000000e+02,1.668916442926415833e-01,5.030069296012522617e-01,-5.707634897566562397e-07,-5.233918916224288287e-01,-6.216015797649517932e-08
2.180000000000000000e+02,1.668916441968557041e-01,5.030069274597098739e-01,-5.139701660873541464e-07,-5.233918920629158089e-01,-1.057168830282296812e-07
2.190000000000000000e+02,1.668916439954297448e-01,5.030069255311895304e-01,-4.628448883598517075e-07,-5.233918926584738562e-01,-1.429339384240774887e-07
2.200000000000000000e+02,1.668916437035209421e-01,5.030069237944341243e-01,-4.168213042213122009e-07,-5.233918933856587241e-01,-1.745243727418274130e-07
2.210000000000000000e+02,1.668916433345877526e-01,5.030069222303105159e-01,-3.753896753609290113e-07,-5.233918942236869265e-01,-2.011267796658549464e-07
2.220000000000000000e+02,1.668916429005668500e-01,5.030069208215971477e-01,-3.380912214819383616e-07,-5.233918951541571829e-01,-2.233128691130620477e-07
2.230000000000000000e+02,1.668916424120324704e-01,5.030069195527928638e-01,-3.045130235795246686e-07,-5.233918961607999520e-01,-2.415942696504905546e-07
2.240000000000000000e+02,1.668916418783391586e-01,5.030069184099451585e-01,-2.742834364797598469e-07,-5.233918972292527227e-01,-2.564286599181511371e-07
2.250000000000000000e+02,1.668916413077506655e-01,5.030069173804952998e-01,-2.470679672657972831e-07,-5.233918983468580644e-01,-2.682252697132203277e-07
2.260000000000000000e+02,1.668916407075549668e-01,5.030069164531387749e-01,-2.225655589539388754e-07,-5.233918995024823273e-01,-2.773498346098953389e-07
2.270000000000000000e+02,1.668916400841677083e-01,5.030069156177002787e-01,-2.005052417632404596e-07,-5.233919006863533285e-01,-2.841290508738990179e-07
2.280000000000000000e+02,1.668916394432252426e-01,5.030069148650205824e-01,-1.806431333557746077e-07,-5.233919018899140241e-01,-2.888545679015941435e-07
2.290000000000000000e+02,1.668916387896678122e-01,5.030069141868550586e-01,-1.627597242683018560e-07,-5.233919031056915028e-01,-2.917865942951397635e-07
2.300000000000000000e+02,1.668916381278149341e-01,5.030069135757824217e-01,-1.466574430294959172e-07,-5.233919043271795246e-01,-2.931571342428565144e-07
2.310000000000000000e+02,1.668916374614321518e-01,5.030069130251221265e-01,-1.321584663690327544e-07,-5.233919055487332717e-01,-2.931728926729802558e-07
2.320000000000000000e+02,1.668916367937914036e-01,5.030069125288607612e-01,-1.191027373692189122e-07,-5.233919067654744239e-01,-2.920178851736699655e-07
2.330000000000000000e+02,1.668916361277252569e-01,5.030069120815848782e-01,-1.073461992610722909e-07,-5.233919079732068935e-01,-2.898557967442562188e-07
2.340000000000000000e+02,1.668916354656747314e-01,5.030069116784215977e-01,-9.675918383375742817e-08,-5.233919091683405522e-01,-2.868320806243865348e-07
2.350000000000000000e+02,1.668916348097333746e-01,5.030069113149842064e-01,-8.722498637742470335e-08,-5.233919103478232859e-01,-2.830758640408915705e-07
2.360000000000000000e+02,1.668916341616862586e-01,5.030069109873235300e-01,-7.863856040714491392e-08,-5.233919115090801544e-01,-2.787016498185385740e-07
2.370000000000000000e+02,1.668916335230436476e-01,5.030069106918845234e-01,-7.090535099476237312e-08,-5.233919126499586572e-01,-2.738108413244353983e-07
2.380000000000000000e+02,1.668916328950735550e-01,5.030069104254667467e-01,-6.394025338455309708e-08,-5.233919137686799949e-01,-2.684931284794382326e-07
2.390000000000000000e+02,1.668916322788293050e-01,5.030069101851889490e-01,-5.766666465236589797e-08,-5.233919148637954377e-01,-2.628277135803784991e-07
2.400000000000000000e+02,1.668916316751741513e-01,5.030069099684570944e-01,-5.201563417404554720e-08,-5.233919159341472449e-01,-2.568844241236293444e-07
2.410000000000000000e+02,1.668916310848038154e-01,5.030069097729358285e-01,-4.692509651282187287e-08,-5.233919169788334713e-01,-2.507247045270412922e-07
2.420000000000000000e+02,1.668916305082665530e-01,5.030069095965225001e-01,-4.233918694112288165e-08,-5.233919179971773250e-01,-2.444025188468416436e-07
2.430000000000000000e+02,1.668916299459810015e-01,5.030069094373240679e-01,-3.820761829788151385e-08,-5.233919189886987455e-01,-2.379651401853865595e-07
2.440000000000000000e+02,1.668916293982522503e-01,5.030069092936360065e-01,-3.448512703276235250e-08,-5.233919199530899791e-01,-2.314538830626054773e-07
2.450000000000000000e+02,1.668916288652857183e-01,5.030069091639236545e-01,-3.113096719936900555e-08,-5.233919208901930409e-01,-2.249047388114133230e-07
2.460000000000000000e+02,1.668916283472001993e-01,5.030069090468050064e-01,-2.810846309122735555e-08,-5.233919217999803974e-01,-2.183489624485800327e-07
2.470000000000000000e+02,1.668916278440387702e-01,5.030069089410358352e-01,-2.538459653216197741e-08,-5.233919226825369808e-01,-2.118135860362988826e-07
2.480000000000000000e+02,1.668916273557794205e-01,5.030069088454955928e-01,-2.292965005829201180e-08,-5.233919235380448676e-01,-2.053218903389278346e-07
2.490000000000000000e+02,1.668916268823436577e-01,5.030069087591753085e-01,-2.071686875675220570e-08,-5.233919243667690679e-01,-1.988938147091245429e-07
2.500000000000000000e+02,1.668916264236046387e-01,5.030069086811662649e-01,-1.872217002005488981e-08,-5.233919251690455354e-01,-1.925463392918745252e-07
2.510000000000000000e+02,1.668916259793937762e-01,5.030069086106501164e-01,-1.692387209579374072e-08,-5.233919259452697315e-01,-1.862938126489556359e-07
2.520000000000000000e+02,1.668916255495080936e-01,5.030069085468898971e-01,-1.530245701320744766e-08,-5.233919266958875216e-01,-1.801482598390577542e-07
2.530000000000000000e+02,1.668916251337146384e-01,5.030069084892218045e-01,-1.384035506495165523e-08,-5.233919274213860717e-01,-1.741196397381506611e-07
2.540000000000000000e+02,1.668916247317558943e-01,5.030069084370478727e-01,-1.252174777004031420e-08,-5.233919281222865205e-01,-1.682160955793123052e-07
2.550000000000000000e+02,1.668916243433547220e-01,5.030069083898295323e-01,-1.133239224936743046e-08,-5.233919287991372071e-01,-1.624441656551535529e-07
2.560000000000000000e+02,1.668916239682167735e-01,5.030069083470817271e-01,-1.025946678665499028e-08,-5.233919294525078980e-01,-1.568089754323834793e-07
2.570000000000000000e+02,1.668916236060358216e-01,5.030069083083674730e-01,-9.291429894997850246e-09,-5.233919300829845689e-01,-1.513144088763098985e-07
2.580000000000000000e+02,1.668916232564945645e-01,5.030069082732929742e-01,-8.417889762957795976e-09,-5.233919306911648528e-01,-1.459632578962018606e-07
2.590000000000000000e+02,1.668916229192692890e-01,5.030069082415034032e-01,-7.629487337722378890e-09,-5.233919312776539323e-01,-1.407573659898826930e-07
2.600000000000000000e+02,1.668916225940304532e-01,5.030069082126792379e-01,-6.917795114929171099e-09,-5.233919318430612089e-01,-1.356977481985505721e-07
2.610000000000000000e+02,1.668916222804459892e-01,5.030069081865324865e-01,-6.275229377648698350e-09,-5.233919323879974161e-01,-1.307846992967939220e-07
2.620000000000000000e+02,1.668916219781826638e-01,5.030069081628034677e-01,-5.694959797707066392e-09,-5.233919329130719555e-01,-1.260178882641982331e-07
2.630000000000000000e+02,1.668916216869065217e-01,5.030069081412583687e-01,-5.170832216136578073e-09,-5.233919334188904537e-01,-1.213964435889027034e-07
2.640000000000000000e+02,1.668916214062863557e-01,5.030069081216862470e-01,-4.697310215222476855e-09,-5.233919339060530973e-01,-1.169190383391133149e-07
2.650000000000000000e+02,1.668916211359924850e-01,5.030069081038970324e-01,-4.269403267591652117e-09,-5.233919343751528563e-01,-1.125839460603650472e-07
2.660000000000000000e+02,1.668916208756992814e-01,5.030069080877194176e-01,-3.882618895416946300e-09,-5.233919348267741523e-01,-1.083891115974037327e-07
2.670000000000000000e+02,1.668916206250856404e-01,5.030069080729989706e-01,-3.532912206034513592e-09,-5.233919352614916365e-01,-1.043321977757078604e-07
2.680000000000000000e+02,1.668916203838352874e-01,5.030069080595962472e-01,-3.216640604712720458e-09,-5.233919356798693023e-01,-1.004106359811631268e-07
2.690000000000000000e+02,1.668916201516374154e-01,5.030069080473857923e-01,-2.930518730778704372e-09,-5.233919360824595968e-01,-9.662166692707647151e-08
2.700000000000000000e+02,1.668916199281879342e-01,5.030069080362541412e-01,-2.671594477821864264e-09,-5.233919364698028653e-01,-9.296237823633897771e-08
2.710000000000000000e+02,1.668916197131887491e-01,5.030069080260991532e-01,-2.437201158156479545e-09,-5.233919368424267970e-01,-8.942973580967475001e-08
2.720000000000000000e+02,1.668916195063486485e-01,5.030069080168285689e-01,-2.224941628914048748e-09,-5.233919372008459803e-01,-8.602061311835259062e-08
2.730000000000000000e+02,1.668916193073835541e-01,5.030069080083592326e-01,-2.032653737199002374e-09,-5.233919375455619027e-01,-8.273181798974927757e-08
2.740000000000000000e+02,1.668916191160164930e-01,5.030069080006159821e-01,-1.858391731825649117e-09,-5.233919378770623965e-01,-7.956010839894269827e-08
2.750000000000000000e+02,1.668916189319779864e-01,5.030069079935309828e-01,-1.700399708307441840e-09,-5.233919381958216377e-01,-7.650221729583815376e-08
2.760000000000000000e+02,1.668916187550057995e-01,5.030069079870430615e-01,-1.557095726581230820e-09,-5.233919385023002580e-01,-7.355487053734944727e-08
2.770000000000000000e+02,1.668916185848454414e-01,5.030069079810970401e-01,-1.427055890074047683e-09,-5.233919387969452330e-01,-7.071479715642383727e-08
2.780000000000000000e+02,1.668916184212493881e-01,5.030069079756428474e-01,-1.308998385482924451e-09,-5.233919390801899940e-01,-6.797874030869524092e-08
2.790000000000000000e+02,1.668916182639777757e-01,5.030069079706355195e-01,-1.201762297566924849e-09,-5.233919393524544272e-01,-6.534347360709657136e-08
2.800000000000000000e+02,1.668916181127984844e-01,5.030069079660342002e-01,-1.104307658796151325e-09,-5.233919396141453184e-01,-6.280580765710519933e-08
2.810000000000000000e+02,1.668916179674859168e-01,5.030069079618021410e-01,-1.015691528212128750e-09,-5.233919398656561306e-01,-6.036259396550122708e-08
2.820000000000000000e+02,1.668916178278225804e-01,5.030069079579060354e-01,-9.350680351601210655e-10,-5.233919401073675592e-01,-5.801073940996691966e-08
2.830000000000000000e+02,1.668916176935973661e-01,5.030069079543156851e-01,-8.616724964526524391e-10,-5.233919403396475323e-01,-5.574720535866190577e-08
2.840000000000000000e+02,1.668916175646066036e-01,5.030069079510040009e-01,-7.948134297291178357e-10,-5.233919405628517652e-01,-5.356901577306845164e-08
2.850000000000000000e+02,1.668916174406530339e-01,5.030069079479462246e-01,-7.338726382523895091e-10,-5.233919407773236498e-01,-5.147325272428396465e-08
2.860000000000000000e+02,1.668916173215464760e-01,5.030069079451200409e-01,-6.782866260112144448e-10,-5.233919409833948100e-01,-4.945707386345216233e-08
2.870000000000000000e+02,1.668916172071029935e-01,5.030069079425052436e-01,-6.275492879784686144e-10,-5.233919411813852118e-01,-4.751770077172533180e-08
2.880000000000000000e+02,1.668916170971452839e-01,5.030069079400835141e-01,-5.812039397246617596e-10,-5.233919413716037194e-01,-4.565242940668257247e-08
2.890000000000000000e+02,1.668916169915019010e-01,5.030069079378383101e-01,-5.388381089719173065e-10,-5.233919415543479836e-01,-4.385862402135053260e-08
2.900000000000000000e+02,1.668916168900081154e-01,5.030069079357546435e-01,-5.000808465912446916e-10,-5.233919417299052190e-01,-4.213372738756142812e-08
2.910000000000000000e+02,1.668916167925045269e-01,5.030069079338188587e-01,-4.645974585048041293e-10,-5.233919418985520933e-01,-4.047524971814714354e-08
2.920000000000000000e+02,1.668916166988375360e-01,5.030069079320185210e-01,-4.320842660085333401e-10,-5.233919420605553929e-01,-3.888077916703787000e-08
2.930000000000000000e+02,1.668916166088592334e-01,5.030069079303424173e-01,-4.022659119910440795e-10,-5.233919422161719126e-01,-3.734797239565562339e-08
2.940000000000000000e+02,1.668916165224273163e-01,5.030069079287803335e-01,-3.748954405125539074e-10,-5.233919423656492320e-01,-3.587456443906067496e-08
2.950000000000000000e+02,1.668916164394042001e-01,5.030069079273230548e-01,-3.497489907246783613e-10,-5.233919425092257161e-01,-3.445835573704540200e-08
2.960000000000000000e+02,1.668916163596576019e-01,5.030069079259621434e-01,-3.266258321148275698e-10,-5.233919426471307368e-01,-3.309721819847319192e-08
2.970000000000000000e+02,1.668916162830605399e-01,5.030069079246898278e-01,-3.053430763764619370e-10,-5.233919427795853396e-01,-3.178909741019264747e-08
2.980000000000000000e+02,1.668916162094899180e-01,5.030069079234992246e-01,-2.857330168586818615e-10,-5.233919429068020213e-01,-3.053199974025780171e-08
2.990000000000000000e+02,1.668916161388281361e-01,5.030069079223840056e-01,-2.676485677255861422e-10,-5.233919430289853958e-01,-2.932400654513137341e-08
3.000000000000000000e+02,1.668916160709615626e-01,5.030069079213383976e-01,-2.509551707348334150e-10,-5.233919431463323058e-01,-2.816325987654088379e-08
3.010000000000000000e+02,1.668916160057809794e-01,5.030069079203570714e-01,-2.355309787114264010e-10,-5.233919432590321552e-01,-2.704796841547136607e-08
3.020000000000000000e+02,1.668916159431810819e-01,5.030069079194351422e-01,-2.212640680386961452e-10,-5.233919433672671317e-01,-2.597640110176711019e-08
3.030000000000000000e+02,1.668916158830608121e-01,5.030069079185682801e-01,-2.080525848826041567e-10,-5.233919434712125396e-01,-2.494688801580397284e-08
3.040000000000000000e+02,1.668916158253229420e-01,5.030069079177523772e-01,-1.958073266984684282e-10,-5.233919435710367996e-01,-2.395781700752137440e-08
3.050000000000000000e+02,1.668916157698738245e-01,5.030069079169838808e-01,-1.844439243807796980e-10,-5.233919436669020042e-01,-2.300763786862486930e-08
3.060000000000000000e+02,1.668916157166235037e-01,5.030069079162593493e-01,-1.738906785705878396e-10,-5.233919437589639179e-01,-2.209485199465847073e-08
3.070000000000000000e+02,1.668916156654856320e-01,5.030069079155756739e-01,-1.640780600718755152e-10,-5.233919438473723096e-01,-2.121801896512510708e-08
3.080000000000000000e+02,1.668916156163769149e-01,5.030069079149300793e-01,-1.549439972623375497e-10,-5.233919439322712863e-01,-2.037574891243984778e-08
3.090000000000000000e+02,1.668916155692173331e-01,5.030069079143199007e-01,-1.464339054292858556e-10,-5.233919440137991819e-01,-1.956670091378685557e-08
3.100000000000000000e+02,1.668916155239301979e-01,5.030069079137428067e-01,-1.384954075170892946e-10,-5.233919440920891120e-01,-1.878958840064954125e-08
3.110000000000000000e+02,1.668916154804415963e-01,5.030069079131965770e-01,-1.310836340619347012e-10,-5.233919441672689743e-01,-1.804316833675055652e-08
3.120000000000000000e+02,1.668916154386802797e-01,5.030069079126792131e-01,-1.241559611655065902e-10,-5.233919442394616706e-01,-1.732624530024906363e-08
3.130000000000000000e+02,1.668916153985781914e-01,5.030069079121889386e-01,-1.176746479969852761e-10,-5.233919443087853285e-01,-1.663766932050034663e-08
3.140000000000000000e+02,1.668916153600696894e-01,5.030069079117238662e-01,-1.116068921707758888e-10,-5.233919443753534129e-01,-1.597633280096601507e-08
3.150000000000000000e+02,1.668916153230917410e-01,5.030069079112825525e-01,-1.059168127574652772e-10,-5.233919444392749476e-01,-1.534117215842662718e-08
3.160000000000000000e+02,1.668916152875838665e-01,5.030069079108634433e-01,-1.005788439887719100e-10,-5.233919445006548488e-01,-1.473116332334413750e-08
3.170000000000000000e+02,1.668916152534877240e-01,5.030069079104652063e-01,-9.556435881247652013e-11,-5.233919445595937026e-01,-1.414531695602014230e-08
3.180000000000000000e+02,1.668916152207474135e-01,5.030069079100866203e-01,-9.084973884815464843e-11,-5.233919446161882094e-01,-1.358268806387590904e-08
3.190000000000000000e+02,1.668916151893095334e-01,5.030069079097265750e-01,-8.641370311230828980e-11,-5.233919446705314060e-01,-1.304236563610120033e-08
3.200000000000000000e+02,1.668916151591220143e-01,5.030069079093839601e-01,-8.223727415278993500e-11,-5.233919447227125543e-01,-1.252346965051476180e-08
3.210000000000000000e+02,1.668916151301356177e-01,5.030069079090576656e-01,-7.830121989153362568e-11,-5.233919447728173635e-01,-1.202515906056471477e-08
3.220000000000000000e+02,1.668916151023023819e-01,5.030069079087469142e-01,-7.458598228543856628e-11,-5.233919448209283232e-01,-1.154662335828589034e-08
3.230000000000000000e+02,1.668916150755767880e-01,5.030069079084507067e-01,-7.107971122636113757e-11,-5.233919448671244812e-01,-1.108708120341539205e-08
3.240000000000000000e+02,1.668916150499147599e-01,5.030069079081683769e-01,-6.776496457981788872e-11,-5.233919449114818878e-01,-1.064578581501978779e-08
3.250000000000000000e+02,1.668916150252742203e-01,5.030069079078990368e-01,-6.463206606926782438e-11,-5.233919449540735958e-01,-1.022201701622610818e-08
3.260000000000000000e+02,1.668916150016143130e-01,5.030069079076421312e-01,-6.166567692669832789e-11,-5.233919449949697711e-01,-9.815080971738833285e-09
3.270000000000000000e+02,1.668916149788965131e-01,5.030069079073968830e-01,-5.885830136385274940e-11,-5.233919450342376933e-01,-9.424312763536458496e-09
3.280000000000000000e+02,1.668916149570830731e-01,5.030069079071627369e-01,-5.619683540326725927e-11,-5.233919450719421995e-01,-9.049075349676415742e-09
3.290000000000000000e+02,1.668916149361380497e-01,5.030069079069391380e-01,-5.367327661713874784e-11,-5.233919451081453511e-01,-8.688750022276641231e-09
3.300000000000000000e+02,1.668916149160270257e-01,5.030069079067254201e-01,-5.127945406487208328e-11,-5.233919451429067671e-01,-8.342750187462564514e-09
3.310000000000000000e+02,1.668916148967168611e-01,5.030069079065212501e-01,-4.900428242538276962e-11,-5.233919451762838460e-01,-8.010509126846317596e-09
3.320000000000000000e+02,1.668916148781756370e-01,5.030069079063260729e-01,-4.684449920709772272e-11,-5.233919452083316548e-01,-7.691480794563607138e-09
3.330000000000000000e+02,1.668916148603730165e-01,5.030069079061394444e-01,-4.479131114619362862e-11,-5.233919452391030402e-01,-7.385141098827598802e-09
3.340000000000000000e+02,1.668916148432793567e-01,5.030069079059609205e-01,-4.283842120524385719e-11,-5.233919452686488505e-01,-7.090987639515919810e-09
3.350000000000000000e+02,1.668916148268664024e-01,5.030069079057901682e-01,-4.097932241396516758e-11,-5.233919452970177133e-01,-6.808534605267398954e-09
3.360000000000000000e+02,1.668916148111072584e-01,5.030069079056267434e-01,-3.921007200272537503e-11,-5.233919453242565911e-01,-6.537321992824176070e-09
3.370000000000000000e+02,1.668916147959756957e-01,5.030069079054704240e-01,-3.752385198393316432e-11,-5.233919453504103370e-01,-6.276899843226649815e-09
3.380000000000000000e+02,1.668916147814471229e-01,5.030069079053207659e-01,-3.591902947391550803e-11,-5.233919453755221385e-01,-6.026843243429427750e-09
3.390000000000000000e+02,1.668916147674974204e-01,5.030069079051774361e-01,-3.438850356406479183e-11,-5.233919453996335180e-01,-5.786740299836298380e-09
3.400000000000000000e+02,1.668916147541032735e-01,5.030069079050402125e-01,-3.292769201620748790e-11,-5.233919454227843326e-01,-5.556194662453747015e-09
3.410000000000000000e+02,1.668916147412427553e-01,5.030069079049088732e-01,-3.153455468540767677e-11,-5.233919454450127740e-01,-5.334826273848662116e-09
3.420000000000000000e+02,1.668916147288947993e-01,5.030069079047829739e-01,-3.020686907241520395e-11,-5.233919454663555904e-01,-5.122270293158633613e-09
3.430000000000000000e+02,1.668916147170385056e-01,5.030069079046624037e-01,-2.893704161629487380e-11,-5.233919454868479759e-01,-4.918177587012774825e-09
3.440000000000000000e+02,1.668916147056549171e-01,5.030069079045468294e-01,-2.772526352119591850e-11,-5.233919455065239035e-01,-4.722211709775211538e-09
3.450000000000000000e+02,1.668916146947244938e-01,5.030069079044361402e-01,-2.656635079910828501e-11,-5.233919455254157915e-01,-4.534047943729259416e-09
3.460000000000000000e+02,1.668916146842298887e-01,5.030069079043300029e-01,-2.546031972084472741e-11,-5.233919455435548374e-01,-4.353377825986610829e-09
3.470000000000000000e+02,1.668916146741533935e-01,5.030069079042283064e-01,-2.440171756484618811e-11,-5.233919455609711280e-01,-4.179905116235511857e-09
3.480000000000000000e+02,1.668916146644784104e-01,5.030069079041308289e-01,-2.339035650731504745e-11,-5.233919455776934182e-01,-4.013339376417176620e-09
3.490000000000000000e+02,1.668916146551889246e-01,5.030069079040373481e-01,-2.242326648651406778e-11,-5.233919455937492415e-01,-3.853407522589749830e-09
3.500000000000000000e+02,1.668916146462697814e-01,5.030069079039477531e-01,-2.149741182648041219e-11,-5.233919456091652433e-01,-3.699848845843275813e-09
3.510000000000000000e+02,1.668916146377059651e-01,5.030069079038618218e-01,-2.061227550084766517e-11,-5.233919456239669588e-01,-3.552406247034743395e-09
3.520000000000000000e+02,1.668916146294833758e-01,5.030069079037794433e-01,-1.976464654849455413e-11,-5.233919456381788127e-01,-3.410835477074503200e-09
3.530000000000000000e+02,1.668916146215884966e-01,5.030069079037005064e-01,-1.895384669134984334e-11,-5.233919456518242308e-01,-3.274903947320439344e-09
3.540000000000000000e+02,1.668916146140083656e-01,5.030069079036247892e-01,-1.817918700023410634e-11,-5.233919456649258617e-01,-3.144390799481542199e-09
3.550000000000000000e+02,1.668916146067303263e-01,5.030069079035521806e-01,-1.743714520945173719e-11,-5.233919456775053547e-01,-3.019075528610081409e-09
3.560000000000000000e+02,1.668916145997423883e-01,5.030069079034824586e-01,-1.672684913169358051e-11,-5.233919456895834710e-01,-2.898753316775844822e-09
3.570000000000000000e+02,1.668916145930327000e-01,5.030069079034156232e-01,-1.604468191646897711e-11,-5.233919457011801946e-01,-2.783225778885412932e-09
3.580000000000000000e+02,1.668916145865906586e-01,5.030069079033514523e-01,-1.539228522255184721e-11,-5.233919457123147323e-01,-2.672302084838771381e-09
3.590000000000000000e+02,1.668916145804053008e-01,5.030069079032899459e-01,-1.476589721297527254e-11,-5.233919457230055139e-01,-2.565798050671887968e-09
3.600000000000000000e+02,1.668916145744665236e-01,5.030069079032308821e-01,-1.416705073683506828e-11,-5.233919457332703029e-01,-2.463537629843412997e-09
3.610000000000000000e+02,1.668916145687641961e-01,5.030069079031742607e-01,-1.359185157083654975e-11,-5.233919457431259747e-01,-2.365349289412413747e-09
3.620000000000000000e+02,1.668916145632892700e-01,5.030069079031199708e-01,-1.304169652905744739e-11,-5.233919457525887386e-01,-2.271074143693817142e-09
3.630000000000000000e+02,1.668916145580326138e-01,5.030069079030677903e-01,-1.251525325408272023e-11,-5.233919457616743598e-01,-2.180558214571884583e-09
3.640000000000000000e+02,1.668916145529854567e-01,5.030069079030177193e-01,-1.200847108664025627e-11,-5.233919457703979372e-01,-2.093648556903775595e-09
3.650000000000000000e+02,1.668916145481393609e-01,5.030069079029697576e-01,-1.152262066643834383e-11,-5.233919457787737928e-01,-2.010200817913849129e-09
3.660000000000000000e+02,1.668916145434864717e-01,5.030069079029236834e-01,-1.105884357486048012e-11,-5.233919457868158043e-01,-1.930078417462683039e-09
3.670000000000000000e+02,1.668916145390190453e-01,5.030069079028794965e-01,-1.061297706032362177e-11,-5.233919457945372944e-01,-1.853150168137327077e-09
3.680000000000000000e+02,1.668916145347296431e-01,5.030069079028370860e-01,-1.018609237440345377e-11,-5.233919458019510307e-01,-1.779286301798962554e-09
3.690000000000000000e+02,1.668916145306113541e-01,5.030069079027963408e-01,-9.776599420086758637e-12,-5.233919458090692256e-01,-1.708366560514857422e-09
3.700000000000000000e+02,1.668916145266569617e-01,5.030069079027572609e-01,-9.382804065577760020e-12,-5.233919458159036475e-01,-1.640273932363474724e-09
3.710000000000000000e+02,1.668916145228604431e-01,5.030069079027197354e-01,-9.005717430704633574e-12,-5.233919458224657317e-01,-1.574896624150375878e-09
3.720000000000000000e+02,1.668916145192150813e-01,5.030069079026837642e-01,-8.643565621639505649e-12,-5.233919458287662474e-01,-1.512123448496674934e-09
3.730000000000000000e+02,1.668916145157151032e-01,5.030069079026492362e-01,-8.297255025626118455e-12,-5.233919458348156306e-01,-1.451851710973476472e-09
3.740000000000000000e+02,1.668916145123546524e-01,5.030069079026160406e-01,-7.964968149185632084e-12,-5.233919458406238734e-01,-1.393982624755086904e-09
3.750000000000000000e+02,1.668916145091280945e-01,5.030069079025841772e-01,-7.644892992136848024e-12,-5.233919458462006347e-01,-1.338420683550413609e-09
3.760000000000000000e+02,1.668916145060301559e-01,5.030069079025536460e-01,-7.337771187394659299e-12,-5.233919458515551293e-01,-1.285072230954211770e-09
3.770000000000000000e+02,1.668916145030556186e-01,5.030069079025243362e-01,-7.044392731433604811e-12,-5.233919458566961280e-01,-1.233849341884941740e-09
3.780000000000000000e+02,1.668916145001998752e-01,5.030069079024961365e-01,-6.762809092023874415e-12,-5.233919458616322906e-01,-1.184670287904239539e-09
3.790000000000000000e+02,1.668916144974576521e-01,5.030069079024690470e-01,-6.491053532698941454e-12,-5.233919458663716107e-01,-1.137449035518889549e-09
3.800000000000000000e+02,1.668916144948249525e-01,5.030069079024430678e-01,-6.229803517862504453e-12,-5.233919458709220818e-01,-1.092112225988623677e-09
3.810000000000000000e+02,1.668916144922970857e-01,5.030069079024181988e-01,-5.979688991013684074e-12,-5.233919458752911424e-01,-1.048580958819705753e-09
3.820000000000000000e+02,1.668916144898701381e-01,5.030069079023943290e-01,-5.741337948981514764e-12,-5.233919458794861201e-01,-1.006785300425752907e-09
3.830000000000000000e+02,1.668916144875397800e-01,5.030069079023713474e-01,-5.512684472474900369e-12,-5.233919458835138983e-01,-9.666543052219439464e-10
3.840000000000000000e+02,1.668916144853022088e-01,5.030069079023492540e-01,-5.291622758488848136e-12,-5.233919458873810271e-01,-9.281220835843444665e-10
3.850000000000000000e+02,1.668916144831539827e-01,5.030069079023280487e-01,-5.078699503747665229e-12,-5.233919458910940570e-01,-8.911282629767148030e-10
3.860000000000000000e+02,1.668916144810912716e-01,5.030069079023077316e-01,-4.874439728071179262e-12,-5.233919458946590941e-01,-8.556073414423796965e-10
3.870000000000000000e+02,1.668916144791108280e-01,5.030069079022881917e-01,-4.679361270140920448e-12,-5.233919458980820227e-01,-8.215024998728385348e-10
3.880000000000000000e+02,1.668916144772092935e-01,5.030069079022694289e-01,-4.491264886676105475e-12,-5.233919459013685049e-01,-7.887572749087639778e-10
3.890000000000000000e+02,1.668916144753835873e-01,5.030069079022514433e-01,-4.310626172099216122e-12,-5.233919459045239808e-01,-7.573168215702562160e-10
3.900000000000000000e+02,1.668916144736306006e-01,5.030069079022342349e-01,-4.137896839258252526e-12,-5.233919459075536684e-01,-7.271299344356883600e-10
3.910000000000000000e+02,1.668916144719476968e-01,5.030069079022176926e-01,-3.973488541083383400e-12,-5.233919459104625638e-01,-6.981466751438403891e-10
3.920000000000000000e+02,1.668916144703318505e-01,5.030069079022018164e-01,-3.815168854123794168e-12,-5.233919459132555518e-01,-6.703192565255934066e-10
3.930000000000000000e+02,1.668916144687802583e-01,5.030069079021866063e-01,-3.663323655616273098e-12,-5.233919459159371845e-01,-6.436000659285222426e-10
3.940000000000000000e+02,1.668916144672907553e-01,5.030069079021719514e-01,-3.518325323246192663e-12,-5.233919459185120138e-01,-6.179468985103682427e-10
3.950000000000000000e+02,1.668916144658602885e-01,5.030069079021578515e-01,-3.377872163243474277e-12,-5.233919459209841474e-01,-5.933136693387308316e-10
3.960000000000000000e+02,1.668916144644870259e-01,5.030069079021443068e-01,-3.242316277876379754e-12,-5.233919459233576932e-01,-5.696637440136345894e-10
3.970000000000000000e+02,1.668916144631684140e-01,5.030069079021313172e-01,-3.112012870244043711e-12,-5.233919459256366480e-01,-5.469580455177190263e-10
3.980000000000000000e+02,1.668916144619024822e-01,5.030069079021188827e-01,-2.987263556578895341e-12,-5.233919459278247865e-01,-5.251566622381273827e-10
3.990000000000000000e+02,1.668916144606870100e-01,5.030069079021068923e-01,-2.868385425024213050e-12,-5.233919459299257726e-01,-5.042236966320674267e-10
4.000000000000000000e+02,1.668916144595197215e-01,5.030069079020954570e-01,-2.752994885728576522e-12,-5.233919459319429368e-01,-4.841232660812202337e-10
4.010000000000000000e+02,1.668916144583992289e-01,5.030069079020844658e-01,-2.644066942695659874e-12,-5.233919459338797209e-01,-4.648262083985629363e-10
4.020000000000000000e+02,1.668916144573234506e-01,5.030069079020739187e-01,-2.539201244825821528e-12,-5.233919459357393444e-01,-4.462977091693243255e-10
4.030000000000000000e+02,1.668916144562903048e-01,5.030069079020637046e-01,-2.438656583725151662e-12,-5.233919459375248051e-01,-4.285067534225443636e-10
4.040000000000000000e+02,1.668916144552983760e-01,5.030069079020539347e-01,-2.340012713177107707e-12,-5.233919459392391005e-01,-4.114253322095850408e-10
4.050000000000000000e+02,1.668916144543460267e-01,5.030069079020446088e-01,-2.246203428523556582e-12,-5.233919459408850061e-01,-3.950251321936657670e-10
4.060000000000000000e+02,1.668916144534318136e-01,5.030069079020356160e-01,-2.157438906078356911e-12,-5.233919459424652976e-01,-3.792799549161503695e-10
4.070000000000000000e+02,1.668916144525539325e-01,5.030069079020269562e-01,-2.071272797151222200e-12,-5.233919459439826394e-01,-3.641620852572402919e-10
4.080000000000000000e+02,1.668916144517109124e-01,5.030069079020186296e-01,-1.987940697995532268e-12,-5.233919459454394740e-01,-3.496461812812502114e-10
4.090000000000000000e+02,1.668916144509015320e-01,5.030069079020106360e-01,-1.907648216050541546e-12,-5.233919459468382440e-01,-3.357090740840785069e-10
4.100000000000000000e+02,1.668916144501245979e-01,5.030069079020029754e-01,-1.830584382452832456e-12,-5.233919459481812808e-01,-3.223280539277128295e-10
4.110000000000000000e+02,1.668916144493784448e-01,5.030069079019956479e-01,-1.756925614359526815e-12,-5.233919459494708049e-01,-3.094793403512527934e-10
4.120000000000000000e+02,1.668916144486621012e-01,5.030069079019886535e-01,-1.686869555893918948e-12,-5.233919459507089256e-01,-2.971419928996406331e-10
4.130000000000000000e+02,1.668916144479743735e-01,5.030069079019818812e-01,-1.620599867850485822e-12,-5.233919459518976414e-01,-2.852971012054323601e-10
4.140000000000000000e+02,1.668916144473139018e-01,5.030069079019754419e-01,-1.555588975812835867e-12,-5.233919459530389506e-01,-2.739246261400930574e-10
4.150000000000000000e+02,1.668916144466799922e-01,5.030069079019692246e-01,-1.494707546070748908e-12,-5.233919459541348518e-01,-2.630069969096095768e-10
4.160000000000000000e+02,1.668916144460712569e-01,5.030069079019632294e-01,-1.435410650029515981e-12,-5.233919459551870101e-01,-2.525222879587510361e-10
4.170000000000000000e+02,1.668916144454867245e-01,5.030069079019574563e-01,-1.377860853291837579e-12,-5.233919459561972021e-01,-2.424566800132401679e-10
4.180000000000000000e+02,1.668916144449255068e-01,5.030069079019519052e-01,-1.322188263841133262e-12,-5.233919459571672039e-01,-2.327926894164270959e-10
4.190000000000000000e+02,1.668916144443867156e-01,5.030069079019465761e-01,-1.268566024372449051e-12,-5.233919459580984590e-01,-2.235130326146317248e-10
4.200000000000000000e+02,1.668916144438692406e-01,5.030069079019414691e-01,-1.217075402433501819e-12,-5.233919459589926326e-01,-2.146038732832412925e-10
4.210000000000000000e+02,1.668916144433726378e-01,5.030069079019365841e-01,-1.167878452542095035e-12,-5.233919459598511681e-01,-2.060495627837036323e-10
4.220000000000000000e+02,1.668916144428956028e-01,5.030069079019319211e-01,-1.121073247400739260e-12,-5.233919459606755087e-01,-1.978357346508257495e-10
4.230000000000000000e+02,1.668916144424377745e-01,5.030069079019274803e-01,-1.076806961165888733e-12,-5.233919459614669867e-01,-1.899490998735115455e-10
4.240000000000000000e+02,1.668916144419980152e-01,5.030069079019231504e-01,-1.035163379820228547e-12,-5.233919459622269343e-01,-1.823769112383826750e-10
4.250000000000000000e+02,1.668916144415758807e-01,5.030069079019190426e-01,-9.935971983095931340e-13,-5.233919459629565729e-01,-1.751054745030084155e-10
4.260000000000000000e+02,1.668916144411704550e-01,5.030069079019150458e-01,-9.548726024401194315e-13,-5.233919459636571236e-01,-1.681247471262951674e-10
4.270000000000000000e+02,1.668916144407813218e-01,5.030069079019112710e-01,-9.164348493703708946e-13,-5.233919459643296967e-01,-1.614222725827523763e-10
4.280000000000000000e+02,1.668916144404077317e-01,5.030069079019076073e-01,-8.810229031374824057e-13,-5.233919459649755135e-01,-1.549878437594473690e-10
4.290000000000000000e+02,1.668916144400489632e-01,5.030069079019040545e-01,-8.460879199720508004e-13,-5.233919459655955730e-01,-1.488094290146448977e-10
4.300000000000000000e+02,1.668916144397044332e-01,5.030069079019007239e-01,-8.116903841195143500e-13,-5.233919459661908746e-01,-1.428766630503153494e-10
4.310000000000000000e+02,1.668916144393737810e-01,5.030069079018975042e-01,-7.806110878050497753e-13,-5.233919459667624174e-01,-1.371824621464806303e-10
4.320000000000000000e+02,1.668916144390563683e-01,5.030069079018943956e-01,-7.502331632284021340e-13,-5.233919459673112007e-01,-1.317152236760751360e-10
4.330000000000000000e+02,1.668916144387516121e-01,5.030069079018913980e-01,-7.206653921401981468e-13,-5.233919459678381125e-01,-1.264662527580710797e-10
4.340000000000000000e+02,1.668916144384589295e-01,5.030069079018885114e-01,-6.919634276445332437e-13,-5.233919459683440412e-01,-1.214261119212712941e-10
4.350000000000000000e+02,1.668916144381778488e-01,5.030069079018857359e-01,-6.641956450989924838e-13,-5.233919459688297637e-01,-1.165863165329945524e-10
4.360000000000000000e+02,1.668916144379080646e-01,5.030069079018830713e-01,-6.374299755421810728e-13,-5.233919459692961684e-01,-1.119403743631659701e-10
4.370000000000000000e+02,1.668916144376489941e-01,5.030069079018805178e-01,-6.117688376248071987e-13,-5.233919459697440324e-01,-1.074789471926546359e-10
4.380000000000000000e+02,1.668916144374001931e-01,5.030069079018780753e-01,-5.872272978670546799e-13,-5.233919459701740218e-01,-1.031937958388658259e-10
4.390000000000000000e+02,1.668916144371612176e-01,5.030069079018757439e-01,-5.638853261692037013e-13,-5.233919459705868027e-01,-9.907978800482030686e-11
4.400000000000000000e+02,1.668916144369320398e-01,5.030069079018735234e-01,-5.418189161172498992e-13,-5.233919459709831523e-01,-9.513227758228435850e-11
4.410000000000000000e+02,1.668916144367119658e-01,5.030069079018713030e-01,-5.210519134038509047e-13,-5.233919459713637368e-01,-9.134101850297597090e-11
4.420000000000000000e+02,1.668916144365004128e-01,5.030069079018691935e-01,-4.989885840142473376e-13,-5.233919459717291112e-01,-8.770059661397241844e-11
4.430000000000000000e+02,1.668916144362975473e-01,5.030069079018671951e-01,-4.783351866980853609e-13,-5.233919459720799416e-01,-8.420521351697106310e-11
4.440000000000000000e+02,1.668916144361026754e-01,5.030069079018653078e-01,-4.591761034076214635e-13,-5.233919459724167833e-01,-8.084965517206960553e-11
4.450000000000000000e+02,1.668916144359154918e-01,5.030069079018634204e-01,-4.415108638405853220e-13,-5.233919459727401913e-01,-7.762740785596800057e-11
4.460000000000000000e+02,1.668916144357358855e-01,5.030069079018616440e-01,-4.227518995964192428e-13,-5.233919459730507207e-01,-7.453401848270136880e-11
4.470000000000000000e+02,1.668916144355633013e-01,5.030069079018599787e-01,-4.056103933840221577e-13,-5.233919459733489266e-01,-7.156402043814252960e-11
4.480000000000000000e+02,1.668916144353977671e-01,5.030069079018583134e-01,-3.901002467081244044e-13,-5.233919459736352531e-01,-6.871037263569015799e-11
4.490000000000000000e+02,1.668916144352385611e-01,5.030069079018567590e-01,-3.736350976565455349e-13,-5.233919459739101443e-01,-6.597110944929692079e-11
4.500000000000000000e+02,1.668916144350858777e-01,5.030069079018553158e-01,-3.588760449119464425e-13,-5.233919459741740443e-01,-6.334035970322839096e-11
4.510000000000000000e+02,1.668916144349394393e-01,5.030069079018538725e-01,-3.458968685994585611e-13,-5.233919459744273972e-01,-6.081658952497372206e-11
4.520000000000000000e+02,1.668916144347986630e-01,5.030069079018525402e-01,-3.320442524078465746e-13,-5.233919459746706471e-01,-5.839327821571761135e-11
4.530000000000000000e+02,1.668916144346636321e-01,5.030069079018512079e-01,-3.200412763175778965e-13,-5.233919459749042380e-01,-5.606736728869892487e-11
4.540000000000000000e+02,1.668916144345338748e-01,5.030069079018498757e-01,-3.072352086374444600e-13,-5.233919459751285030e-01,-5.383306766472835309e-11
4.550000000000000000e+02,1.668916144344092800e-01,5.030069079018486544e-01,-2.936645348148074233e-13,-5.233919459753438863e-01,-5.168794536665145859e-11
4.560000000000000000e+02,1.668916144342896535e-01,5.030069079018474332e-01,-2.820195741403547708e-13,-5.233919459755507209e-01,-4.962709368244436463e-11
4.570000000000000000e+02,1.668916144341746621e-01,5.030069079018463230e-01,-2.696911669668599742e-13,-5.233919459757492287e-01,-4.764774701412942413e-11
4.580000000000000000e+02,1.668916144340643892e-01,5.030069079018452127e-01,-2.593326238471429891e-13,-5.233919459759398540e-01,-4.574891968102025394e-11
4.590000000000000000e+02,1.668916144339584462e-01,5.030069079018442135e-01,-2.483225438349524186e-13,-5.233919459761228188e-01,-4.392486337997994620e-11
4.600000000000000000e+02,1.668916144338568885e-01,5.030069079018432143e-01,-2.393649166424413544e-13,-5.233919459762985671e-01,-4.217541431642163782e-11
4.610000000000000000e+02,1.668916144337592167e-01,5.030069079018422151e-01,-2.298001890910115267e-13,-5.233919459764673210e-01,-4.049398564604215959e-11
4.620000000000000000e+02,1.668916144336654583e-01,5.030069079018413269e-01,-2.196625365827579230e-13,-5.233919459766293025e-01,-3.887896995403662913e-11
4.630000000000000000e+02,1.668916144335754193e-01,5.030069079018404388e-01,-2.116354008283813624e-13,-5.233919459767848448e-01,-3.732938901235225392e-11
4.640000000000000000e+02,1.668916144334891549e-01,5.030069079018395506e-01,-2.030814255069047195e-13,-5.233919459769341698e-01,-3.584127397220575671e-11
4.650000000000000000e+02,1.668916144334060547e-01,5.030069079018387734e-01,-1.940197714862272172e-13,-5.233919459770776106e-01,-3.441274300632701479e-11
4.660000000000000000e+02,1.668916144333264240e-01,5.030069079018379963e-01,-1.871360289153639087e-13,-5.233919459772152782e-01,-3.303965500038823623e-11
4.670000000000000000e+02,1.668916144332498741e-01,5.030069079018372191e-01,-1.797775487777480432e-13,-5.233919459773475058e-01,-3.172251420766450561e-11
4.680000000000000000e+02,1.668916144331763218e-01,5.030069079018365530e-01,-1.719579340667955284e-13,-5.233919459774744043e-01,-3.045596839233249113e-11
4.690000000000000000e+02,1.668916144331059892e-01,5.030069079018358869e-01,-1.663909074262339219e-13,-5.233919459775961958e-01,-2.924279019465860616e-11
4.700000000000000000e+02,1.668916144330384044e-01,5.030069079018352207e-01,-1.604119927290188913e-13,-5.233919459777132133e-01,-2.807850630076940274e-11
4.710000000000000000e+02,1.668916144329732898e-01,5.030069079018345546e-01,-1.540184438872921345e-13,-5.233919459778255678e-01,-2.695872591283673909e-11
4.720000000000000000e+02,1.668916144329108953e-01,5.030069079018338885e-01,-1.472425838315277863e-13,-5.233919459779333705e-01,-2.588310204362332708e-11
4.730000000000000000e+02,1.668916144328509987e-01,5.030069079018333333e-01,-1.401020101977375233e-13,-5.233919459780369543e-01,-2.485257148634828372e-11
4.740000000000000000e+02,1.668916144327934892e-01,5.030069079018327782e-01,-1.352847385002003400e-13,-5.233919459781363193e-01,-2.386089341318913402e-11
4.750000000000000000e+02,1.668916144327383666e-01,5.030069079018322231e-01,-1.301173240456460992e-13,-5.233919459782317984e-01,-2.291165128159893264e-11
4.760000000000000000e+02,1.668916144326852424e-01,5.030069079018316680e-01,-1.246263916312709521e-13,-5.233919459783235029e-01,-2.199766454821557674e-11
4.770000000000000000e+02,1.668916144326342277e-01,5.030069079018312239e-01,-1.188276765775709352e-13,-5.233919459784115435e-01,-2.111977777817004270e-11
4.780000000000000000e+02,1.668916144325853224e-01,5.030069079018307798e-01,-1.153902984602939369e-13,-5.233919459784960315e-01,-2.027664020149235907e-11
4.790000000000000000e+02,1.668916144325384709e-01,5.030069079018303357e-01,-1.116602570885938746e-13,-5.233919459785771888e-01,-1.946848482830546726e-11
4.800000000000000000e+02,1.668916144324933404e-01,5.030069079018298916e-01,-1.076580792634471336e-13,-5.233919459786550155e-01,-1.869139841342608968e-11
