# Time, SliderHeight, Motor1Pos, Motor1Vel, Motor2Pos, Motor2Vel
0.000000000000000000e+00,2.600000000000000089e-01,0.000000000000000000e+00,0.000000000000000000e+00,0.000000000000000000e+00,0.000000000000000000e+00
1.000000000000000000e+00,1.798159844856231093e-01,4.381370544433593577e-03,1.051528930664062500e+00,-6.400523317655250170e-03,-1.536125596237259971e+00
2.000000000000000000e+00,2.124246115783494648e-01,1.047279715538024930e-02,1.461942386627197443e+00,-1.783267835332072102e-02,-2.743717208559712795e+00
3.000000000000000000e+00,2.459282150592910499e-01,1.706125390529632940e-02,1.581229619979858780e+00,-2.932581887679616001e-02,-2.758353725634105302e+00
4.000000000000000000e+00,2.541032711740682237e-01,2.377612041234970428e-02,1.611567961692810025e+00,-4.067897546818052823e-02,-2.724757581932249373e+00
5.000000000000000000e+00,2.561760502043218812e-01,3.048478347182274201e-02,1.610079134273529000e+00,-5.201668425733284307e-02,-2.721050109396556227e+00
6.000000000000000000e+00,2.540230480401298174e-01,3.720436795461178059e-02,1.612700275869369815e+00,-6.347122242018148064e-02,-2.749089159083673906e+00
7.000000000000000000e+00,2.516921970706646472e-01,4.395637783921957364e-02,1.620482372305870555e+00,-7.500964034944987424e-02,-2.769220303024414243e+00
8.000000000000000000e+00,2.463610460597505658e-01,5.086120253965735472e-02,1.657157928105068123e+00,-8.687495179687783342e-02,-2.847674747382711313e+00
9.000000000000000000e+00,2.435478684455001930e-01,5.794623750000131579e-02,1.700408390482549770e+00,-9.897291891838751188e-02,-2.903512109162323718e+00
1.000000000000000000e+01,2.383755491208759958e-01,6.530955366088984915e-02,1.767195878613249560e+00,-1.113707766692654672e-01,-2.975485860210708378e+00
1.100000000000000000e+01,2.348274210309802268e-01,7.298157452160750069e-02,1.841285006572237704e+00,-1.239458589165241403e-01,-3.018019739342081120e+00
1.200000000000000000e+01,2.326058905414483957e-01,8.093664501858921501e-02,1.909216919275609659e+00,-1.366004824459055578e-01,-3.037109647051541739e+00
1.300000000000000000e+01,2.302917349715408457e-01,8.914492238837336269e-02,1.969986568748194999e+00,-1.491854368405496623e-01,-3.020389054714585964e+00
1.400000000000000000e+01,2.291986930850092863e-01,9.753523805091847410e-02,2.013675759010825850e+00,-1.615901860817192115e-01,-2.977139817880689154e+00
1.500000000000000000e+01,2.279855585095941217e-01,1.060298729391402212e-01,2.038712373173220183e+00,-1.736027692088283336e-01,-2.883019950506186202e+00
1.600000000000000000e+01,2.253962803790233171e-01,1.145850999758994126e-01,2.053254488822207069e+00,-1.850944574347919425e-01,-2.758005174231265233e+00
1.700000000000000000e+01,2.226592069224916370e-01,1.231585249548872302e-01,2.057621994957076872e+00,-1.959949771386300943e-01,-2.616124728921155551e+00
1.800000000000000000e+01,2.196330962913567442e-01,1.316933129947531200e-01,2.048349129567813787e+00,-2.061265185209532891e-01,-2.431569931757564529e+00
1.900000000000000000e+01,6.812295949576935294e-01,1.401577920114645548e-01,2.031474964010746120e+00,-2.154581523575394564e-01,-2.239592120780679707e+00
2.000000000000000000e+01,3.081675934405928574e-01,1.492384133096619769e-01,2.179349111567379982e+00,-2.243618884657033463e-01,-2.136896665959336694e+00
2.100000000000000000e+01,-7.268583507583742387e-02,1.590203396102265465e-01,2.347662312135495366e+00,-2.326180653847046143e-01,-1.981482460560302306e+00
2.200000000000000000e+01,-8.807512226068089922e-02,1.696392790931888772e-01,2.548545475910959812e+00,-2.402153835067261101e-01,-1.823356349285155886e+00
2.300000000000000000e+01,-1.529371642652647412e-01,1.810030427388931717e-01,2.727303274969033797e+00,-2.466297768386401801e-01,-1.539454399659374140e+00
2.400000000000000000e+01,5.873458723431565498e-02,1.931463080644747754e-01,2.914383678139583544e+00,-2.523359222196912555e-01,-1.369474891452263865e+00
2.500000000000000000e+01,3.146211210889579557e-01,2.058844802975780819e-01,3.057161335944793112e+00,-2.584898379148581893e-01,-1.476939766840067003e+00
2.600000000000000000e+01,2.157852322303328574e-01,2.188934896764124505e-01,3.122162250920251125e+00,-2.652208561912978158e-01,-1.615444386345503913e+00
2.700000000000000000e+01,1.827969034990253316e-01,2.322701765033232113e-01,3.210404838458584820e+00,-2.729689934599469070e-01,-1.859552944475779013e+00
2.800000000000000000e+01,2.174024887983957155e-01,2.458011883138985776e-01,3.247442834538086576e+00,-2.821513109483785309e-01,-2.203756197223590618e+00
2.900000000000000000e+01,2.247756700287298071e-01,2.593023995434325379e-01,3.240290695088150041e+00,-2.926791516629376200e-01,-2.526681771494179607e+00
3.000000000000000000e+01,2.253258774554912636e-01,2.728734034182584978e-01,3.257040929958225917e+00,-3.049620662033476481e-01,-2.947899489698412534e+00
3.100000000000000000e+01,2.251395867575840537e-01,2.863285319100322690e-01,3.229230838025700212e+00,-3.186175273623395032e-01,-3.277310678158040780e+00
3.200000000000000000e+01,2.458920830938204904e-01,2.990533628559631785e-01,3.053959427023420048e+00,-3.324898248785484456e-01,-3.329351403890141725e+00
3.300000000000000000e+01,2.398214380875036134e-01,3.112044798025320191e-01,2.916268067176525314e+00,-3.461475347837812411e-01,-3.277850377255874026e+00
3.400000000000000000e+01,2.440767070866075583e-01,3.226590514253419584e-01,2.749097189474384084e+00,-3.594538816817859916e-01,-3.193523255521143689e+00
3.500000000000000000e+01,2.454392470709594598e-01,3.333638930444426940e-01,2.569161988584178768e+00,-3.723168232392243815e-01,-3.087105973785214896e+00
3.600000000000000000e+01,2.012799772232752860e-01,3.434095106236196293e-01,2.410948219002467141e+00,-3.868556670876255876e-01,-3.489322523616283256e+00
3.700000000000000000e+01,2.691304404042136333e-01,3.529129316086822565e-01,2.280821036415030534e+00,-4.003865100448631975e-01,-3.247402309737031700e+00
3.800000000000000000e+01,2.622166055254143147e-01,3.620079240083090566e-01,2.182798175910438232e+00,-4.126937671203944058e-01,-2.953741698127495763e+00
3.900000000000000000e+01,2.427605393002444378e-01,3.707857919691621706e-01,2.106688310604751813e+00,-4.237826199527187643e-01,-2.661324679757851364e+00
4.000000000000000000e+01,2.222755044084870346e-01,3.793277078702806948e-01,2.050059816268440471e+00,-4.337639702971728406e-01,-2.395524082668979649e+00
4.100000000000000000e+01,2.046302803861956010e-01,3.876752317574256312e-01,2.003405732914779858e+00,-4.427473706159285038e-01,-2.156016076501361844e+00
4.200000000000000000e+01,1.872081057025757889e-01,3.959182436015432072e-01,1.978322842588216446e+00,-4.508324605704299159e-01,-1.940421589080343789e+00
4.300000000000000000e+01,1.705680200504212929e-01,4.041428388616497558e-01,1.973902862425570781e+00,-4.581090533812509635e-01,-1.746382274597055195e+00
4.400000000000000000e+01,1.614426661394688101e-01,4.122793991864088237e-01,1.952774477942180731e+00,-4.646579941755600851e-01,-1.571745790634193174e+00
4.500000000000000000e+01,1.479630601599985773e-01,4.204225587590708080e-01,1.954358297438882675e+00,-4.705520467560700415e-01,-1.414572619322389091e+00
4.600000000000000000e+01,1.396716442832344196e-01,4.285582704507844842e-01,1.952570806011285187e+00,-4.758566949388610134e-01,-1.273115563869828604e+00
4.700000000000000000e+01,1.430328043025771434e-01,4.364705684804665031e-01,1.898951527123688976e+00,-4.806308808498004903e-01,-1.145804618625474447e+00
4.800000000000000000e+01,1.367494805253947898e-01,4.442228379749659228e-01,1.860544678679863395e+00,-4.849276528273374076e-01,-1.031225274608857712e+00
4.900000000000000000e+01,1.238080730549767222e-01,4.520090493372700968e-01,1.868690726952995762e+00,-4.887947467179064032e-01,-9.281025337365642613e-01
5.000000000000000000e+01,1.511566450729834032e-01,4.591494506268125608e-01,1.713696309490184921e+00,-4.922751372930634917e-01,-8.352937380377023491e-01
5.100000000000000000e+01,1.549854733252135908e-01,4.655894493295363867e-01,1.545599688653719994e+00,-4.954074851943056079e-01,-7.517634962981036839e-01
5.200000000000000000e+01,1.550388341724917574e-01,4.713886787341267648e-01,1.391815057101697173e+00,-4.982265982572472440e-01,-6.765871351059976613e-01
5.300000000000000000e+01,1.551386294257313392e-01,4.766089031101716778e-01,1.252853850250785106e+00,-5.007637999304496157e-01,-6.089284015685605400e-01
5.400000000000000000e+01,1.554092051901130589e-01,4.813075103605226612e-01,1.127665740084233814e+00,-5.030472813671372778e-01,-5.480355448050511225e-01
5.500000000000000000e+01,1.558211826180589121e-01,4.855364357000387376e-01,1.014942081483861669e+00,-5.051024146118235914e-01,-4.932319787247103071e-01
5.600000000000000000e+01,1.563226249268870327e-01,4.893425757941793908e-01,9.134736225937616361e-01,-5.069520285400247461e-01,-4.439073427682834749e-01
5.700000000000000000e+01,1.568768572279047313e-01,4.927681495627951325e-01,8.221377044677758983e-01,-5.086166691366837966e-01,-3.995137431981750642e-01
5.800000000000000000e+01,1.574547142770427732e-01,4.958511897965462434e-01,7.399296561002729478e-01,-5.101148337452262593e-01,-3.595595060501989848e-01
5.900000000000000000e+01,1.580364655290850684e-01,4.986259260070333710e-01,6.659366905169100681e-01,-5.114631699722720359e-01,-3.236006944909854965e-01
6.000000000000000000e+01,1.586071887715964912e-01,5.011232005174895976e-01,5.993458825094986064e-01,-5.126766547009110608e-01,-2.912363348733707502e-01
6.100000000000000000e+01,1.591586589785522476e-01,5.033707475769705342e-01,5.394112942754200057e-01,-5.137687790457806658e-01,-2.621098427687095778e-01
6.200000000000000000e+01,1.596838785341438138e-01,5.053935503944422258e-01,4.854726761932092183e-01,-5.147516850080127160e-01,-2.358974309356887400e-01
6.300000000000000000e+01,1.601795733792542031e-01,5.072140729302800910e-01,4.369254086010919691e-01,-5.156362884148797399e-01,-2.123048176480942240e-01
6.400000000000000000e+01,1.606435411517546652e-01,5.088525432130668325e-01,3.932328678688191137e-01,-5.164324132382402954e-01,-1.910699576065230942e-01
6.500000000000000000e+01,1.610751012387463821e-01,5.103271664685372633e-01,3.539095813128975143e-01,-5.171488950882836555e-01,-1.719556440104142991e-01
6.600000000000000000e+01,1.614747595628442389e-01,5.116543273998601649e-01,3.185186235175009317e-01,-5.177936979324171407e-01,-1.547526825920305105e-01
6.700000000000000000e+01,1.618432256651927414e-01,5.128487722400052462e-01,2.866667616348269054e-01,-5.183739832947751314e-01,-1.392684869659229219e-01
6.800000000000000000e+01,1.621454941166885766e-01,5.139237725987153560e-01,2.580000860904309579e-01,-5.188962009409378018e-01,-1.253322350790301298e-01
6.900000000000000000e+01,1.624429603141236134e-01,5.148912729247002718e-01,2.322000782363851379e-01,-5.193661508132110249e-01,-1.127879693455748900e-01
7.000000000000000000e+01,1.627386310370609879e-01,5.157620232230639701e-01,2.089800716072907349e-01,-5.197890775336075908e-01,-1.015024128951683424e-01
7.100000000000000000e+01,1.630019694919264128e-01,5.165456984988867628e-01,1.880820661974724750e-01,-5.201696813949063802e-01,-9.134492671171706712e-02
7.200000000000000000e+01,1.632417767438592848e-01,5.172510062578286050e-01,1.692738621460380122e-01,-5.205121917169241996e-01,-8.220247728426945122e-02
7.300000000000000000e+01,1.634598535814336950e-01,5.178857832570783470e-01,1.523464798199263004e-01,-5.208204130670844867e-01,-7.397312403847260132e-02
7.400000000000000000e+01,1.636578961637831231e-01,5.184570825817954587e-01,1.371118379321023539e-01,-5.210977663511739966e-01,-6.656478818147874843e-02
7.500000000000000000e+01,1.638375019207846117e-01,5.189712520153871855e-01,1.234006640620061712e-01,-5.213473245115124444e-01,-5.989395848121627924e-02
7.600000000000000000e+01,1.640002223185968167e-01,5.194340045759140434e-01,1.110606145264574629e-01,-5.215718478777298106e-01,-5.388560789218055369e-02
7.700000000000000000e+01,1.641472550617234794e-01,5.198504820051440545e-01,9.995458301519052902e-02,-5.217737926493856149e-01,-4.846674519739365555e-02
7.800000000000000000e+01,1.642796370268228556e-01,5.202253119207482790e-01,8.995917974501188574e-02,-5.219553259713701765e-01,-4.356799727628658803e-02
7.900000000000000000e+01,1.643979288415838846e-01,5.205626592714083234e-01,8.096336415840268974e-02,-5.221183178372413858e-01,-3.911804780910314860e-02
8.000000000000000000e+01,1.645018178676046772e-01,5.208662726401548371e-01,7.286720849916557274e-02,-5.222643332952948692e-01,-3.504370993282795305e-02
8.100000000000000000e+01,1.645905583148163653e-01,5.211395257802630132e-01,6.558075362596803293e-02,-5.223947561946465923e-01,-3.130149584440716087e-02
8.200000000000000000e+01,1.646662350408584219e-01,5.213854547561291852e-01,5.902295420787826569e-02,-5.225111157058053291e-01,-2.792628267809516007e-02
8.300000000000000000e+01,1.647368637354333643e-01,5.216067918074376308e-01,5.312089231401379702e-02,-5.226149713373163808e-01,-2.492535156265850149e-02
8.400000000000000000e+01,1.648045453173549446e-01,5.218059961640278965e-01,4.780904558165668949e-02,-5.227075409352718305e-01,-2.221670350931193375e-02
8.500000000000000000e+01,1.648647477327325195e-01,5.219852809431552165e-01,4.302834699055967105e-02,-5.227900904005501337e-01,-1.981187166678752276e-02
8.600000000000000000e+01,1.649211247355026888e-01,5.221466381338708551e-01,3.872572577174503844e-02,-5.228635928887602757e-01,-1.764059717042948394e-02
8.700000000000000000e+01,1.649717662695256160e-01,5.222918602682046219e-01,3.485331224010115858e-02,-5.229291474826732733e-01,-1.573310253911907111e-02
8.800000000000000000e+01,1.650185906158788685e-01,5.224225611454031970e-01,3.136821052764522666e-02,-5.229872832090693979e-01,-1.395257433506805200e-02
8.900000000000000000e+01,1.650618757298880357e-01,5.225401919988963417e-01,2.823140483834880865e-02,-5.230395371845080188e-01,-1.254095410526427645e-02
9.000000000000000000e+01,1.650920339853475249e-01,5.226460623659451299e-01,2.540888809170897128e-02,-5.230840781988673749e-01,-1.068984344623222574e-02
9.100000000000000000e+01,1.651475846835558092e-01,5.227413414314787676e-01,2.286697572806309364e-02,-5.231280818587087378e-01,-1.056087836193062013e-02
9.200000000000000000e+01,1.651706057810284067e-01,5.228272232156222499e-01,2.061162819443838196e-02,-5.231563359827094972e-01,-6.780989760190344121e-03
9.300000000000000000e+01,1.652233161082796442e-01,5.229043854262627189e-01,1.851893055371262378e-02,-5.231937524287449959e-01,-8.979947048507463947e-03
9.400000000000000000e+01,1.652870886360611469e-01,5.229739510434237015e-01,1.669574811864047922e-02,-5.232169777569793956e-01,-5.574078776247057623e-03
9.500000000000000000e+01,1.651557942400025125e-01,5.230365920725510431e-01,1.503384699057368212e-02,-5.232337254066052878e-01,-4.019435910224860783e-03
9.600000000000000000e+01,1.653549354569148200e-01,5.230928149882979605e-01,1.349349977924801935e-02,-5.232654577401197882e-01,-7.615760043468960266e-03
9.700000000000000000e+01,1.654441235516443676e-01,5.231435122882309718e-01,1.216735198392614355e-02,-5.232848097149545019e-01,-4.644473960331905668e-03
9.800000000000000000e+01,1.653744361315585831e-01,5.231891620195889825e-01,1.095593552591947809e-02,-5.232993469063971226e-01,-3.488925946235868231e-03
9.900000000000000000e+01,1.653113121167560651e-01,5.232302681251203014e-01,9.865465327521052291e-03,-5.233096615291511489e-01,-2.475509460963720189e-03
1.000000000000000000e+02,1.653748843342221497e-01,5.232671321469478665e-01,8.847365238624938649e-03,-5.233258330518653079e-01,-3.881165451385335582e-03
1.010000000000000000e+02,1.653224637193457525e-01,5.233004480292979821e-01,7.995811764024194843e-03,-5.233326317449306098e-01,-1.631686335667501854e-03
1.020000000000000000e+02,1.654420745096358836e-01,5.233302915204035566e-01,7.162437865329957659e-03,-5.233490231088742117e-01,-3.933927346469282341e-03
1.030000000000000000e+02,1.654077244918631118e-01,5.233572729448038308e-01,6.475541856054110000e-03,-5.233558996159035637e-01,-1.650361687052360679e-03
1.040000000000000000e+02,1.653821382357018865e-01,5.233815696772318171e-01,5.831215782712406009e-03,-5.233603495774726833e-01,-1.067990776595227143e-03
1.050000000000000000e+02,1.653601442548750244e-01,5.234034496845315632e-01,5.251201751948239398e-03,-5.233626762508833963e-01,-5.584016185823545376e-04
1.060000000000000000e+02,1.655206656385638797e-01,5.234229916832165985e-01,4.690079684398983442e-03,-5.233772365911689706e-01,-3.494481668529860613e-03
1.070000000000000000e+02,1.654807080747924264e-01,5.234406889616635139e-01,4.247346827250308987e-03,-5.233831190821655044e-01,-1.411797839168353087e-03
1.080000000000000000e+02,1.654687835969970156e-01,5.234566246920239196e-01,3.824575286500136312e-03,-5.233873534869891708e-01,-1.016257157692988453e-03
1.090000000000000000e+02,1.654585071467210844e-01,5.234709747138958091e-01,3.444005249252010941e-03,-5.233901518397351404e-01,-6.716046590278146496e-04
1.100000000000000000e+02,1.654498240035462142e-01,5.234838973004325435e-01,3.101420768821312301e-03,-5.233916907277947894e-01,-3.693331343208023200e-04
1.110000000000000000e+02,1.654426443860604889e-01,5.234955349077209386e-01,2.793025749211265271e-03,-5.233921336524606227e-01,-1.063019198059556285e-04
1.120000000000000000e+02,1.654368912343585074e-01,5.235060157528321767e-01,2.515402826700448898e-03,-5.233916328108126903e-01,1.202019954990496051e-04
1.130000000000000000e+02,1.655037144970512852e-01,5.235153079678738219e-01,2.230131610007335657e-03,-5.233961562098454756e-01,-1.085615767866980998e-03
1.140000000000000000e+02,1.654625587408607712e-01,5.235238061645708374e-01,2.039567207274307469e-03,-5.233959471501197225e-01,5.017433417240464363e-05
1.150000000000000000e+02,1.654593987106644792e-01,5.235314599079272657e-01,1.836898405544242722e-03,-5.233950635672628415e-01,2.120598856638150566e-04
1.160000000000000000e+02,1.655115341959483288e-01,5.235383967816858997e-01,1.664849702081654245e-03,-5.233982219526222002e-01,-7.580124862415877577e-04
1.170000000000000000e+02,1.654636678820262108e-01,5.235445951254457109e-01,1.487602502366876158e-03,-5.233966434519846667e-01,3.788401529990877625e-04
1.180000000000000000e+02,1.655638445996380492e-01,5.235500274495550332e-01,1.303757786249568930e-03,-5.234029556801541583e-01,-1.514934760664741380e-03
1.190000000000000000e+02,1.655047573583468823e-01,5.235550438992168099e-01,1.203947918823932870e-03,-5.234033326931178953e-01,-9.048311128676054908e-05
1.200000000000000000e+02,1.655035973949134098e-01,5.235595616376496064e-01,1.084257223858186691e-03,-5.234032890409794359e-01,1.047651321805228382e-05
1.210000000000000000e+02,1.655029344219837162e-01,5.235636304210988801e-01,9.765080278269775479e-04,-5.234028875967440264e-01,9.634661650691468085e-05
1.220000000000000000e+02,1.655026002882002134e-01,5.235672950356022870e-01,8.795074808165925621e-04,-5.234021782720025273e-01,1.702379379653815559e-04
1.230000000000000000e+02,1.655025546826511817e-01,5.235705957928051824e-01,7.921817286870803856e-04,-5.234012054364917121e-01,2.334805225971525310e-04
1.240000000000000000e+02,1.655026867124508305e-01,5.235735689815302907e-01,7.135652940169502070e-04,-5.234000019796600789e-01,2.888296395798523454e-04
1.250000000000000000e+02,1.655031196374491254e-01,5.235762472601378503e-01,6.427868658215781785e-04,-5.233986096260242471e-01,3.341648726020508050e-04
1.260000000000000000e+02,1.655037479117823784e-01,5.235786600260127210e-01,5.790638099570424033e-04,-5.233970593333752142e-01,3.720702357729558534e-04
1.270000000000000000e+02,1.655428980362395885e-01,5.235807839965961330e-01,5.097529400313001230e-04,-5.233985668383021039e-01,-3.618011824488790579e-04
1.280000000000000000e+02,1.655134792269170319e-01,5.235827406961638397e-01,4.696078962620610191e-04,-5.233973308423922610e-01,2.966390183638605254e-04
1.290000000000000000e+02,1.655138273216660849e-01,5.235845035149189197e-01,4.230765012237796977e-04,-5.233959884430094966e-01,3.221758518636847466e-04
1.300000000000000000e+02,1.655146321423114075e-01,5.235860917748237364e-01,3.811823771556546725e-04,-5.233945590591876362e-01,3.430521172426107424e-04
1.310000000000000000e+02,1.655545667461967851e-01,5.235873799024536313e-01,3.091506311773414102e-04,-5.233962105217238037e-01,-3.963510086794055833e-04
1.320000000000000000e+02,1.655302876240540566e-01,5.235886732829957424e-01,3.104113300990353659e-04,-5.233956924646867570e-01,1.243336889020644261e-04
1.330000000000000000e+02,1.655307238745428733e-01,5.235898383686186097e-01,2.796205494952917802e-04,-5.233950921544668899e-01,1.440744527805725057e-04
1.340000000000000000e+02,1.655313848190386461e-01,5.235908879496861124e-01,2.518994561929343212e-04,-5.233944229625381306e-01,1.606060629085493416e-04
1.350000000000000000e+02,1.655320655261141027e-01,5.235918335421744230e-01,2.269421971994872863e-04,-5.233936902740006225e-01,1.758452490064943191e-04
1.360000000000000000e+02,1.655328843339027300e-01,5.235926855061860952e-01,2.044713627916787933e-04,-5.233929113896884644e-01,1.869322349232090108e-04
1.370000000000000000e+02,1.655337480734355715e-01,5.235934531682995274e-01,1.842389072122418601e-04,-5.233920955911692818e-01,1.957916445905284243e-04
1.380000000000000000e+02,1.655346485512242671e-01,5.235941449238299406e-01,1.660213273089607253e-04,-5.233912510508939020e-01,2.026896660886478175e-04
1.390000000000000000e+02,1.655355796015979819e-01,5.235947683299154720e-01,1.496174605325838029e-04,-5.233903849493966032e-01,2.078643593541941209e-04
1.400000000000000000e+02,1.655365360294024091e-01,5.235953301892853906e-01,1.348462487715314673e-04,-5.233895035811113594e-01,2.115283884469412235e-04
1.410000000000000000e+02,1.655375132983004649e-01,5.235958366256510121e-01,1.215447277497754003e-04,-5.233886124494940839e-01,2.138715881452186161e-04
1.420000000000000000e+02,1.655743470600645473e-01,5.235961484585276438e-01,7.483989038973811510e-05,-5.233906058399664385e-01,-4.784137133755269602e-04
1.430000000000000000e+02,1.655510406772497389e-01,5.235965648523361882e-01,9.993451404542845224e-05,-5.233906626550294261e-01,-1.363561510944451358e-05
1.440000000000000000e+02,1.655513275882678215e-01,5.235969398359735516e-01,8.999607295722168178e-05,-5.233906842161820672e-01,-5.174676633725562520e-06
1.450000000000000000e+02,1.655517907495626939e-01,5.235972775430985937e-01,8.104971001222272431e-05,-5.233906751132562096e-01,2.184702195935078677e-06
1.460000000000000000e+02,1.655523123728380175e-01,5.235975816930942273e-01,7.299599893910218781e-05,-5.233906395031037162e-01,8.546436590977230370e-06
1.470000000000000000e+02,1.655528606680188308e-01,5.235978556334283107e-01,6.574568019247297205e-05,-5.233905811012384834e-01,1.401644766103453285e-05
1.480000000000000000e+02,1.655534261143610242e-01,5.235981023770697185e-01,5.921847393611356773e-05,-5.233905032142871505e-01,1.869286833240129298e-05
1.490000000000000000e+02,1.655540049190859508e-01,5.235983246359842136e-01,5.334213948929585167e-05,-5.233904087791597659e-01,2.266443058358094843e-05
1.500000000000000000e+02,1.655545948740835827e-01,5.235985248512378121e-01,4.805166085853410627e-05,-5.233903004007511850e-01,2.601081804677318404e-05
1.510000000000000000e+02,1.655551943062365250e-01,5.235987052200782310e-01,4.328852169817352187e-05,-5.233901803864401403e-01,2.880343464177092025e-05
1.520000000000000000e+02,1.655558018010541699e-01,5.235988677203065045e-01,3.900005479794820147e-05,-5.233900507772363264e-01,3.110620890343197094e-05
1.530000000000000000e+02,1.655565917507123286e-01,5.235990141322111047e-01,3.513885710441835147e-05,-5.233899133757962119e-01,3.297634563221600785e-05
1.540000000000000000e+02,1.655572049505259491e-01,5.235991460583084844e-01,3.166226336344292057e-05,-5.233897697715922392e-01,3.446500894856395898e-05
1.550000000000000000e+02,1.655578231205538098e-01,5.235992649411103095e-01,2.853187243593920157e-05,-5.233896213635159667e-01,3.561793829271387888e-05
1.560000000000000000e+02,1.655584454734275179e-01,5.235993720791143335e-01,2.571312097697309792e-05,-5.233894693801709463e-01,3.647600279848026644e-05
1.570000000000000000e+02,1.655590712874113746e-01,5.235994686411965526e-01,2.317489974558660764e-05,-5.233893148980881538e-01,3.707569985746006383e-05
1.580000000000000000e+02,1.655596998073948500e-01,5.235995556795643990e-01,2.088920828065446531e-05,-5.233891588580740217e-01,3.744960339699860585e-05
1.590000000000000000e+02,1.655603304230995887e-01,5.235996341414148603e-01,1.883084410865009832e-05,-5.233890020798784848e-01,3.762676692391177577e-05
1.600000000000000000e+02,1.655609626508764698e-01,5.235997048794275299e-01,1.697712302961059137e-05,-5.233888452753542309e-01,3.763308582082531710e-05
1.610000000000000000e+02,1.655615960661968034e-01,5.235997686612081647e-01,1.530762736172273957e-05,-5.233886890602582609e-01,3.749162304086970044e-05
1.620000000000000000e+02,1.655622302349311903e-01,5.235998261777888851e-01,1.380397937059649904e-05,-5.233885339648339796e-01,3.722290182524311454e-05
1.630000000000000000e+02,1.655628647784160301e-01,5.235998780512778339e-01,1.244963733605833612e-05,-5.233883804432973852e-01,3.684516878788118404e-05
1.640000000000000000e+02,1.655634993979107628e-01,5.235999248417446683e-01,1.122971202923449995e-05,-5.233882288823376028e-01,3.637463033950352200e-05
1.650000000000000000e+02,1.655641338464393375e-01,5.235999670534177142e-01,1.013080152686715028e-05,-5.233880796087329035e-01,3.582566511838235045e-05
1.660000000000000000e+02,1.655647679044355558e-01,5.236000051402616151e-01,9.140842543094685220e-06,-5.233879328961710264e-01,3.521101486000182513e-05
1.670000000000000000e+02,1.655654013835002325e-01,5.236000395109975392e-01,8.248976626817397642e-06,-5.233877889713549614e-01,3.454195585500519344e-05
1.680000000000000000e+02,1.655660340964352217e-01,5.236000705336214534e-01,7.445429735349080785e-06,-5.233876480194676883e-01,3.382845295700397185e-05
1.690000000000000000e+02,1.655666658947612668e-01,5.236000985394708707e-01,6.721403852046564503e-06,-5.233875101890597126e-01,3.307929791184324497e-05
1.700000000000000000e+02,1.655672966531543111e-01,5.236001238268851443e-01,6.068979438478191596e-06,-5.233873755964199015e-01,3.230223355361434509e-05
1.710000000000000000e+02,1.655679262878097802e-01,5.236001466645002766e-01,5.481027639221464080e-06,-5.233872443294810273e-01,3.150406533419439605e-05
1.720000000000000000e+02,1.655685547170424599e-01,5.236001672942138807e-01,4.951131256269967825e-06,-5.233871164513084207e-01,3.069076142022374583e-05
1.730000000000000000e+02,1.655691818748107613e-01,5.236001859338540454e-01,4.473513637995521051e-06,-5.233869920032144796e-01,2.986754254393092793e-05
1.740000000000000000e+02,1.655698077219139586e-01,5.236002027795818581e-01,4.042974672202816644e-06,-5.233868710075368913e-01,2.903896262825239431e-05
1.750000000000000000e+02,1.655704322047922561e-01,5.236002180080534529e-01,3.654833169930655930e-06,-5.233867534701155400e-01,2.820898111927883927e-05
1.760000000000000000e+02,1.655710552928755241e-01,5.236002317783660098e-01,3.304875018722103334e-06,-5.233866393824995189e-01,2.738102785771558934e-05
1.770000000000000000e+02,1.655716769662122223e-01,5.236002442338097973e-01,2.989306519399523362e-06,-5.233865287239108932e-01,2.655806127024325198e-05
1.780000000000000000e+02,1.655722972069193222e-01,5.236002555034446893e-01,2.704712376229082304e-06,-5.233864214629920797e-01,2.574262050957884409e-05
1.790000000000000000e+02,1.655729160132779210e-01,5.236002657035192520e-01,2.448017898258708451e-06,-5.233863175593578276e-01,2.493687221403115330e-05
1.800000000000000000e+02,1.655735333909654217e-01,5.236002749387482780e-01,2.216454977300423872e-06,-5.233862169649728946e-01,2.414265238430407992e-05
1.810000000000000000e+02,1.655741493466781344e-01,5.236002833034627546e-01,2.007531461885374671e-06,-5.233861196253732917e-01,2.336150389668698228e-05
1.820000000000000000e+02,1.655747638917095255e-01,5.236002908826443702e-01,1.819003591470625772e-06,-5.233860254807478629e-01,2.259471008997550532e-05
1.830000000000000000e+02,1.655753770412880521e-01,5.236002977528576574e-01,1.648851200283771717e-06,-5.233859344668944091e-01,2.184332483245448063e-05
1.840000000000000000e+02,1.655759888139897162e-01,5.236003039830884331e-01,1.495255376811205590e-06,-5.233858465160634577e-01,2.110819941961160383e-05
1.850000000000000000e+02,1.655765992359772010e-01,5.236003096354983066e-01,1.356578370730755816e-06,-5.233857615577025557e-01,2.039000661346260511e-05
1.860000000000000000e+02,1.655772083266196515e-01,5.236003147661045798e-01,1.231345513266233891e-06,-5.233856795191101918e-01,1.968926215873387003e-05
1.870000000000000000e+02,1.655778161106581936e-01,5.236003194253917581e-01,1.118228926892752447e-06,-5.233856003260103362e-01,1.900634397637258004e-05
1.880000000000000000e+02,1.655784226154611571e-01,5.236003236588621101e-01,1.016032875331049301e-06,-5.233855239030548168e-01,1.834150932285477843e-05
1.890000000000000000e+02,1.655790278696651630e-01,5.236003275075311603e-01,9.236805753434245235e-07,-5.233854501742628562e-01,1.769491007882893790e-05
1.900000000000000000e+02,1.655796319028930152e-01,5.236003310083742202e-01,8.402023292187838432e-07,-5.233853790634027670e-01,1.706660641313369279e-05
1.910000000000000000e+02,1.655802347455079815e-01,5.236003341947277345e-01,7.647248312648423568e-07,-5.233853104943239076e-01,1.645657892600209737e-05
1.920000000000000000e+02,1.655808364269380217e-01,5.236003370966508808e-01,6.964615579112397528e-07,-5.233852443912426766e-01,1.586473949157725900e-05
1.930000000000000000e+02,1.655814369783688289e-01,5.236003397412513083e-01,6.347041108410330081e-07,-5.233851806789889816e-01,1.529094087765004310e-05
1.940000000000000000e+02,1.655820364330281291e-01,5.236003421529780155e-01,5.788144199320287548e-07,-5.233851192832168486e-01,1.473498531582412806e-05
1.950000000000000000e+02,1.655826348222961264e-01,5.236003443538852498e-01,5.282177340435980961e-07,-5.233850601305830574e-01,1.419663210092246264e-05
1.960000000000000000e+02,1.655832321774555749e-01,5.236003463638698729e-01,4.823963065338060649e-07,-5.233850031488983534e-01,1.367560432867280633e-05
1.970000000000000000e+02,1.655838285295836709e-01,5.236003482008854126e-01,4.408837168022190756e-07,-5.233849482672530140e-01,1.317159487766457884e-05
1.980000000000000000e+02,1.655844239094600712e-01,5.236003498811343526e-01,4.032597507145072499e-07,-5.233848954161209877e-01,1.268427168356297677e-05
1.990000000000000000e+02,1.655850183474877058e-01,5.236003514192418828e-01,3.691458025183124425e-07,-5.233848445274442707e-01,1.221328241099733805e-05
2.000000000000000000e+02,1.655856118736262761e-01,5.236003528284115527e-01,3.382007211695288459e-07,-5.233847955347002978e-01,1.175825856635299207e-05
2.010000000000000000e+02,1.655862045173357167e-01,5.236003541205660472e-01,3.101170902632803450e-07,-5.233847483729539007e-01,1.131881912356041899e-05
2.020000000000000000e+02,1.655867963075300653e-01,5.236003553064738636e-01,2.846178644126446446e-07,-5.233847029788968319e-01,1.089457369601881105e-05
2.030000000000000000e+02,1.655873872725387164e-01,5.236003563958627760e-01,2.614533434941575975e-07,-5.233846592908746320e-01,1.048512534059506924e-05
2.040000000000000000e+02,1.655879774400753901e-01,5.236003573975230863e-01,2.403984633524335134e-07,-5.233846172489038384e-01,1.009007298276360423e-05
2.050000000000000000e+02,1.655885668372145958e-01,5.236003583193994393e-01,2.212503310677504420e-07,-5.233845767946807559e-01,9.709013537783070104e-06
2.060000000000000000e+02,1.655891554907974739e-01,5.236003591686745340e-01,2.038260342626020570e-07,-5.233845378715816787e-01,9.341543768485796053e-06
2.070000000000000000e+02,1.655897434266744017e-01,5.236003599518438412e-01,1.879606443408014072e-07,-5.233845004246572286e-01,8.987261870972086645e-06
2.080000000000000000e+02,1.655903306692637356e-01,5.236003606747831052e-01,1.735054350106381851e-07,-5.233844644006203639e-01,8.645768851883461361e-06
2.090000000000000000e+02,1.655909172429517462e-01,5.236003613428092951e-01,1.603262737405248938e-07,-5.233844297478299490e-01,8.316669706928464515e-06
2.100000000000000000e+02,1.655915031714357277e-01,5.236003619607350057e-01,1.483021697299263850e-07,-5.233843964162698814e-01,7.999574422587930013e-06
2.110000000000000000e+02,1.655920884777242752e-01,5.236003625329183064e-01,1.373239788860751498e-07,-5.233843643575247784e-01,7.694098826230999787e-06
2.120000000000000000e+02,1.655926731841416977e-01,5.236003630633067063e-01,1.272932174471308457e-07,-5.233843335247526651e-01,7.399865294363455666e-06
2.130000000000000000e+02,1.655932573123331808e-01,5.236003635554775659e-01,1.181210165534430505e-07,-5.233843038726554431e-01,7.116503343163714021e-06
2.140000000000000000e+02,1.655938408832722530e-01,5.236003640126740688e-01,1.097271617303278764e-07,-5.233842753574465823e-01,6.843650116201397440e-06
2.150000000000000000e+02,1.655944239172706667e-01,5.236003644378375288e-01,1.020392384130071318e-07,-5.233842479368184808e-01,6.580950755631632842e-06
2.160000000000000000e+02,1.655950064339879180e-01,5.236003648336369221e-01,9.499186525800931401e-08,-5.233842215699071598e-01,6.328058723044320053e-06
2.170000000000000000e+02,1.655955884524435151e-01,5.236003652024951993e-01,8.852599360432278567e-08,-5.233841962172570694e-01,6.084636015605348228e-06
2.180000000000000000e+02,1.655961699910293017e-01,5.236003655466130446e-01,8.258828394794779645e-08,-5.233841718407847843e-01,5.850353338522698802e-06
2.190000000000000000e+02,1.655967510675225018e-01,5.236003658679903028e-01,7.713054331787199742e-08,-5.233841484037422553e-01,5.624890213391848555e-06
2.200000000000000000e+02,1.655973316990995148e-01,5.236003661684454080e-01,7.210921837589748310e-08,-5.233841258706796173e-01,5.407935039133853309e-06
2.210000000000000000e+02,1.655979119023507362e-01,5.236003664496325927e-01,6.748493620953018735e-08,-5.233841042074083294e-01,5.199185103887533809e-06
2.220000000000000000e+02,1.655984916932945195e-01,5.236003667130579853e-01,6.322209804539428904e-08,-5.233840833809643156e-01,4.998346568069598591e-06
2.230000000000000000e+02,1.655990710873925520e-01,5.236003669600933774e-01,5.928849941947198874e-08,-5.233840633595708836e-01,4.805134417757285330e-06
2.240000000000000000e+02,1.655996500995646770e-01,5.236003671919892133e-01,5.565500602273366914e-08,-5.233840441126026422e-01,4.619272375100767516e-06
2.250000000000000000e+02,1.656002287442039089e-01,5.236003674098860250e-01,5.229524800357615233e-08,-5.233840256105493083e-01,4.440492805434573785e-06
2.260000000000000000e+02,1.656008070351916717e-01,5.236003676148249797e-01,4.918535121320476668e-08,-5.233840078249801797e-01,4.268536589400236978e-06
2.270000000000000000e+02,1.656013849859131470e-01,5.236003678077569834e-01,4.630368969093557379e-08,-5.233839907285093851e-01,4.103152981320177990e-06
2.280000000000000000e+02,1.656019626092714303e-01,5.236003679895514518e-01,4.363067250903557695e-08,-5.233839742947615781e-01,3.944099464789832628e-06
2.290000000000000000e+02,1.656025399177031843e-01,5.236003681610037486e-01,4.114853833029688304e-08,-5.233839584983382975e-01,3.791141579616492770e-06
2.300000000000000000e+02,1.656031169231126920e-01,5.236003683228419581e-01,3.884118187050362636e-08,-5.233839433147851050e-01,3.644052753056018951e-06
2.310000000000000000e+02,1.656036936370664514e-01,5.236003684757336574e-01,3.669399610983734599e-08,-5.233839287205596102e-01,3.502614116394611577e-06
2.320000000000000000e+02,1.656042700707639481e-01,5.236003686202908014e-01,3.469371420130470642e-08,-5.233839146929999409e-01,3.366614319036655819e-06
2.330000000000000000e+02,1.656048462349166694e-01,5.236003687570753851e-01,3.282829674673147754e-08,-5.233839012102943222e-01,3.235849337575822035e-06
2.340000000000000000e+02,1.656054221398404747e-01,5.236003688866037731e-01,3.108679994808656312e-08,-5.233838882514514346e-01,3.110122280275555506e-06
2.350000000000000000e+02,1.656059977954683349e-01,5.236003690093508078e-01,2.945927588039298016e-08,-5.233838757962714361e-01,2.989243196613678862e-06
2.360000000000000000e+02,1.656065732113634614e-01,5.236003691257535841e-01,2.793667767143205902e-08,-5.233838638253177633e-01,2.873028877549789069e-06
2.370000000000000000e+02,1.656071483967319902e-01,5.236003692362151130e-01,2.651077268934969256e-08,-5.233838523198900416e-01,2.761302661161802723e-06
2.380000000000000000e+02,1.656077233604356380e-01,5.236003693411069859e-01,2.517405813930004370e-08,-5.233838412619974401e-01,2.653894234470125053e-06
2.390000000000000000e+02,1.656082981110033048e-01,5.236003694407723730e-01,2.391970061360874133e-08,-5.233838306343331359e-01,2.550639443661806131e-06
2.400000000000000000e+02,1.656088726566430636e-01,5.236003695355284648e-01,2.274146743754882667e-08,-5.233838204202493349e-01,2.451380102040255212e-06
2.410000000000000000e+02,1.656094470052532630e-01,5.236003696256688045e-01,2.163367120238334700e-08,-5.233838106037335125e-01,2.355963798368765688e-06
2.420000000000000000e+02,1.656100211644337683e-01,5.236003697114651745e-01,2.059111690434242501e-08,-5.233838011693846548e-01,2.264243718986074086e-06
2.430000000000000000e+02,1.656105951414965360e-01,5.236003697931695955e-01,1.960905955526544339e-08,-5.233837921023910544e-01,2.176078454911223425e-06
2.440000000000000000e+02,1.656111689434759948e-01,5.236003698710161025e-01,1.868315903489528945e-08,-5.233837833885084390e-01,2.091331830893309157e-06
2.450000000000000000e+02,1.656117425771392315e-01,5.236003699452220772e-01,1.780944020988247126e-08,-5.233837750140387657e-01,2.009872727667009094e-06
2.460000000000000000e+02,1.656123160489956780e-01,5.236003700159898022e-01,1.698426350644781798e-08,-5.233837669658100156e-01,1.931574908788225879e-06
2.470000000000000000e+02,1.656128893653066314e-01,5.236003700835076824e-01,1.620429014331288637e-08,-5.233837592311564313e-01,1.856316853104630123e-06
2.480000000000000000e+02,1.656134625320942466e-01,5.236003701479512440e-01,1.546645521812454350e-08,-5.233837517978997544e-01,1.783981594731878530e-06
2.490000000000000000e+02,1.656140355551502796e-01,5.236003702094843559e-01,1.476794605789191562e-08,-5.233837446543306848e-01,1.714456564854128163e-06
2.500000000000000000e+02,1.656146084400448026e-01,5.236003702682601180e-01,1.410617507971401449e-08,-5.233837377891913389e-01,1.647633433393882341e-06
2.510000000000000000e+02,1.656151811921343364e-01,5.236003703244216378e-01,1.347876066219557551e-08,-5.233837311916581525e-01,1.583407962767195256e-06
2.520000000000000000e+02,1.656157538165696219e-01,5.236003703781029195e-01,1.288351052050924604e-08,-5.233837248513254492e-01,1.521679860767088468e-06
2.530000000000000000e+02,1.656163263183038914e-01,5.236003704294296401e-01,1.231840232533890696e-08,-5.233837187581894534e-01,1.462352635911181709e-06
2.540000000000000000e+02,1.656168987020999461e-01,5.236003704785194834e-01,1.178156702739175197e-08,-5.233837129026334134e-01,1.405333460734414149e-06
2.550000000000000000e+02,1.656174709725366789e-01,5.236003705254831386e-01,1.127128262664639381e-08,-5.233837072754123909e-01,1.350533047984891317e-06
2.560000000000000000e+02,1.656180431340172898e-01,5.236003705704246336e-01,1.078595193472941723e-08,-5.233837018676394948e-01,1.297865507713575092e-06
2.570000000000000000e+02,1.656186151907748927e-01,5.236003706134416680e-01,1.032409627269157631e-08,-5.233836966707718918e-01,1.247248233920814861e-06
2.580000000000000000e+02,1.656191871468792320e-01,5.236003706546265013e-01,9.884349102401114877e-09,-5.233836916765978176e-01,1.198601775796987520e-06
2.590000000000000000e+02,1.656197590062432334e-01,5.236003706940658420e-01,9.465436275673629826e-09,-5.233836868772239193e-01,1.151849725779572903e-06
2.600000000000000000e+02,1.656203307726282770e-01,5.236003707318416245e-01,9.066180151195448309e-09,-5.233836822650630438e-01,1.106918607352849353e-06
2.610000000000000000e+02,1.656209024496504700e-01,5.236003707680311203e-01,8.685482366667992506e-09,-5.233836778328223582e-01,1.063737764266164708e-06
2.620000000000000000e+02,1.656214740407860320e-01,5.236003708027074932e-01,8.322322646625959521e-09,-5.233836735734921364e-01,1.022239254334306773e-06
2.630000000000000000e+02,1.656220455493767618e-01,5.236003708359397990e-01,7.975746675319880320e-09,-5.233836694803348788e-01,9.823577481404498682e-07
2.640000000000000000e+02,1.656226169786349511e-01,5.236003708677934299e-01,7.644867441120027427e-09,-5.233836655468747656e-01,9.440304323987757486e-07
2.650000000000000000e+02,1.656231883316484077e-01,5.236003708983303362e-01,7.328855820234157308e-09,-5.233836617668876645e-01,9.071969150164637826e-07
2.660000000000000000e+02,1.656237596113853960e-01,5.236003709276092488e-01,7.026936344749573848e-09,-5.233836581343912497e-01,8.717991316706119544e-07
2.670000000000000000e+02,1.656243308206990783e-01,5.236003709556857899e-01,6.738383058650887480e-09,-5.233836546436360093e-01,8.377812579668105350e-07
2.680000000000000000e+02,1.656249019623316776e-01,5.236003709826129171e-01,6.462517958407926864e-09,-5.233836512890959192e-01,8.050896313912720498e-07
2.690000000000000000e+02,1.656254730389193630e-01,5.236003710084408125e-01,6.198701268979980611e-09,-5.233836480654597834e-01,7.736726594627557275e-07
2.700000000000000000e+02,1.656260440529958577e-01,5.236003710332172156e-01,5.946335293151686627e-09,-5.233836449676233515e-01,7.434807433461880628e-07
2.710000000000000000e+02,1.656266150069964360e-01,5.236003710569874237e-01,5.704857154070111191e-09,-5.233836419906807702e-01,7.144662093425109315e-07
2.720000000000000000e+02,1.656271859032617810e-01,5.236003710797946242e-01,5.473739890020093755e-09,-5.233836391299173663e-01,6.865832244994659406e-07
2.730000000000000000e+02,1.656277567440415099e-01,5.236003711016800066e-01,5.252485328886256732e-09,-5.233836363808017644e-01,6.597877378472677910e-07
2.740000000000000000e+02,1.656283275314981984e-01,5.236003711226826507e-01,5.040622193563790154e-09,-5.233836337389792259e-01,6.340373990105156160e-07
2.750000000000000000e+02,1.656288982677101007e-01,5.236003711428397489e-01,4.837709633882772190e-09,-5.233836312002646540e-01,6.092915016119713688e-07
2.760000000000000000e+02,1.656294689546743693e-01,5.236003711621869394e-01,4.643332728997414387e-09,-5.233836287606358217e-01,5.855109245866855886e-07
2.770000000000000000e+02,1.656300395943109682e-01,5.236003711807581951e-01,4.457095201822622546e-09,-5.233836264162272656e-01,5.626580584842522632e-07
2.780000000000000000e+02,1.656306101884649495e-01,5.236003711985858233e-01,4.278622809931097678e-09,-5.233836241633240682e-01,5.406967566935005519e-07
2.790000000000000000e+02,1.656311807389097557e-01,5.236003712157006884e-01,4.107564038236027040e-09,-5.233836219983563076e-01,5.195922736850315393e-07
2.800000000000000000e+02,1.656317512473494125e-01,5.236003712321323222e-01,3.943585497428839594e-09,-5.233836199178928394e-01,4.993112202358637034e-07
2.810000000000000000e+02,1.656323217154220817e-01,5.236003712479088135e-01,3.786369868707745427e-09,-5.233836179186366344e-01,4.798214977357683886e-07
2.820000000000000000e+02,1.656328921447016433e-01,5.236003712630572515e-01,3.635619159684262146e-09,-5.233836159974188940e-01,4.610922621145111332e-07
2.830000000000000000e+02,1.656334625367012203e-01,5.236003712776032826e-01,3.491044706485184740e-09,-5.233836141511944984e-01,4.430938643350693132e-07
2.840000000000000000e+02,1.656340328928746775e-01,5.236003712915715536e-01,3.352378341503499204e-09,-5.233836123770370108e-01,4.257978090427186319e-07
2.850000000000000000e+02,1.656346032146193969e-01,5.236003713049856012e-01,3.219362346784738062e-09,-5.233836106721340142e-01,4.091767110980025547e-07
2.860000000000000000e+02,1.656351735032783878e-01,5.236003713178678520e-01,3.091752580015908870e-09,-5.233836090337830038e-01,3.932042470900328799e-07
2.870000000000000000e+02,1.656357437601418958e-01,5.236003713302400664e-01,2.969319080923118959e-09,-5.233836074593866128e-01,3.778551255366175218e-07
2.880000000000000000e+02,1.656363139864505951e-01,5.236003713421226724e-01,2.851835758435460746e-09,-5.233836059464489487e-01,3.631050320655005862e-07
2.890000000000000000e+02,1.656368841833962269e-01,5.236003713535355431e-01,2.739097026096554528e-09,-5.233836044925714859e-01,3.489306040336637453e-07
2.900000000000000000e+02,1.656374543521242915e-01,5.236003713644976632e-01,2.630899410566951806e-09,-5.233836030954490681e-01,3.353093886038194600e-07
2.910000000000000000e+02,1.656380244937357971e-01,5.236003713750270183e-01,2.527050171684313029e-09,-5.233836017528665785e-01,3.222198035925654658e-07
2.920000000000000000e+02,1.656385946092885919e-01,5.236003713851410390e-01,2.427370205166253012e-09,-5.233836004626952754e-01,3.096411097002459605e-07
2.930000000000000000e+02,1.656391646997995293e-01,5.236003713948563787e-01,2.331683921233083976e-09,-5.233835992228895728e-01,2.975533750360522383e-07
2.940000000000000000e+02,1.656397347662455222e-01,5.236003714041890245e-01,2.239824888077029131e-09,-5.233835980314834879e-01,2.859374477096155447e-07
2.950000000000000000e+02,1.656403048095658193e-01,5.236003714131541864e-01,2.151633561755403902e-09,-5.233835968865879762e-01,2.747749159730553097e-07
2.960000000000000000e+02,1.656408748306625045e-01,5.236003714217665195e-01,2.066960277247397767e-09,-5.233835957863876009e-01,2.640480921036456506e-07
2.970000000000000000e+02,1.656414448304028286e-01,5.236003714300401235e-01,1.985660286038738955e-09,-5.233835947291377577e-01,2.537399749313844646e-07
2.980000000000000000e+02,1.656420148096201250e-01,5.236003714379884322e-01,1.907594137275520864e-09,-5.233835937131617877e-01,2.438342275890660599e-07
2.990000000000000000e+02,1.656425847691154196e-01,5.236003714456244351e-01,1.832630521816180861e-09,-5.233835927368486463e-01,2.343151448482316680e-07
3.000000000000000000e+02,1.656431547096582912e-01,5.236003714529604558e-01,1.760641370581051919e-09,-5.233835917986501274e-01,2.251676390442461514e-07
3.010000000000000000e+02,1.656437246319882595e-01,5.236003714600083736e-01,1.691507423315905447e-09,-5.233835908970784212e-01,2.163772112154921734e-07
3.020000000000000000e+02,1.656442945368161168e-01,5.236003714667796238e-01,1.625113184619763278e-09,-5.233835900307037825e-01,2.079299258512515442e-07
3.030000000000000000e+02,1.656448644248248170e-01,5.236003714732851977e-01,1.561347198819386957e-09,-5.233835891981521993e-01,1.998123917655208541e-07
3.040000000000000000e+02,1.656454342966708349e-01,5.236003714795356423e-01,1.500102334310853684e-09,-5.233835883981032833e-01,1.920117400475456490e-07
3.050000000000000000e+02,1.656460041529851379e-01,5.236003714855409497e-01,1.441275913952770021e-09,-5.233835876292882716e-01,1.845155990273847445e-07
3.060000000000000000e+02,1.656465739943737692e-01,5.236003714913108897e-01,1.384772793411214043e-09,-5.233835868904879174e-01,1.773120866568069372e-07
3.070000000000000000e+02,1.656471438214192349e-01,5.236003714968546774e-01,1.330497497410483729e-09,-5.233835861805304912e-01,1.703897818953044339e-07
3.080000000000000000e+02,1.656477136346813650e-01,5.236003715021811944e-01,1.278362409200520530e-09,-5.233835854982900049e-01,1.637377088117489756e-07
3.090000000000000000e+02,1.656482834346980626e-01,5.236003715072989895e-01,1.228282723332972015e-09,-5.233835848426845461e-01,1.573453189086006215e-07
3.100000000000000000e+02,1.656488532219862198e-01,5.236003715122163893e-01,1.180176582169266079e-09,-5.233835842126741689e-01,1.512024779344647893e-07
3.110000000000000000e+02,1.656494229970428833e-01,5.236003715169412764e-01,1.133962714570224124e-09,-5.233835836072597836e-01,1.452994429054276351e-07
3.120000000000000000e+02,1.656499927603453937e-01,5.236003715214810894e-01,1.089565788330644942e-09,-5.233835830254812693e-01,1.396268542513239762e-07
3.130000000000000000e+02,1.656505625123522174e-01,5.236003715258432667e-01,1.046916759059934443e-09,-5.233835824664158087e-01,1.341757203901344684e-07
3.140000000000000000e+02,1.656511322535045849e-01,5.236003715300346917e-01,1.005942263760446692e-09,-5.233835819291766667e-01,1.289373933788045769e-07
3.150000000000000000e+02,1.656517019842261296e-01,5.236003715340621367e-01,9.665781540203184435e-10,-5.233835814129118580e-01,1.239035652903242808e-07
3.160000000000000000e+02,1.656522717049238314e-01,5.236003715379319301e-01,9.287590526762321468e-10,-5.233835809168024822e-01,1.190662569971441703e-07
3.170000000000000000e+02,1.656528414159890161e-01,5.236003715416504001e-01,8.924263835929688945e-10,-5.233835804400617242e-01,1.144177942783373886e-07
3.180000000000000000e+02,1.656534111177977719e-01,5.236003715452234308e-01,8.575179533891931859e-10,-5.233835799819334111e-01,1.099508068829691810e-07
3.190000000000000000e+02,1.656539808107113099e-01,5.236003715486566845e-01,8.239787628315519813e-10,-5.233835795416909020e-01,1.056582102061060386e-07
3.200000000000000000e+02,1.656545504950768244e-01,5.236003715519557122e-01,7.917556909423985949e-10,-5.233835791186358666e-01,1.015331955247855947e-07
3.210000000000000000e+02,1.656551201712282428e-01,5.236003715551257320e-01,7.607951118758606836e-10,-5.233835787120975080e-01,9.756921883862416173e-08
3.220000000000000000e+02,1.656556898394857535e-01,5.236003715581717399e-01,7.310482905748770905e-10,-5.233835783214307869e-01,9.376000021089108731e-08
3.230000000000000000e+02,1.656562595001577487e-01,5.236003715610987319e-01,7.024688079576692797e-10,-5.233835779460161985e-01,9.009949183879095868e-08
3.240000000000000000e+02,1.656568291535403248e-01,5.236003715639112599e-01,6.750073714956191628e-10,-5.233835775852583305e-01,8.658189113542635630e-08
3.250000000000000000e+02,1.656573987999178377e-01,5.236003715666138758e-01,6.486226293017395294e-10,-5.233835772385848628e-01,8.320162074653895080e-08
3.260000000000000000e+02,1.656579684395639573e-01,5.236003715692107985e-01,6.232705325953427023e-10,-5.233835769054460130e-01,7.995331630148804621e-08
3.270000000000000000e+02,1.656585380727412238e-01,5.236003715717062468e-01,5.989125066942265175e-10,-5.233835765853134259e-01,7.683182838942519163e-08
3.280000000000000000e+02,1.656591076997021850e-01,5.236003715741042175e-01,5.755075225404249236e-10,-5.233835762776791745e-01,7.383220745118568377e-08
3.290000000000000000e+02,1.656596773206896467e-01,5.236003715764084854e-01,5.530175187765827457e-10,-5.233835759820554268e-01,7.094969144937508006e-08
3.300000000000000000e+02,1.656602469359367003e-01,5.236003715786227142e-01,5.314075580300654586e-10,-5.233835756979733356e-01,6.817971244602532193e-08
3.310000000000000000e+02,1.656608165456673054e-01,5.236003715807503456e-01,5.106430972645495543e-10,-5.233835754249821504e-01,6.551787717158934896e-08
3.320000000000000000e+02,1.656613861500969009e-01,5.236003715827949323e-01,4.906929195278180802e-10,-5.233835751626489952e-01,6.295996085463876359e-08
3.330000000000000000e+02,1.656619557494324046e-01,5.236003715847595830e-01,4.715211017939821578e-10,-5.233835749105577584e-01,6.050190919637754340e-08
3.340000000000000000e+02,1.656625253438725187e-01,5.236003715866475172e-01,4.531004770911776910e-10,-5.233835746683085377e-01,5.813982387967040683e-08
3.350000000000000000e+02,1.656630949336085346e-01,5.236003715884617327e-01,4.353993538715076690e-10,-5.233835744355170849e-01,5.586995705589612062e-08
3.360000000000000000e+02,1.656636645188240553e-01,5.236003715902050049e-01,4.183895326704471057e-10,-5.233835742118141399e-01,5.368870753348652404e-08
3.370000000000000000e+02,1.656642340996954954e-01,5.236003715918802204e-01,4.020465358119148847e-10,-5.233835739968448753e-01,5.159261544474727225e-08
3.380000000000000000e+02,1.656648036763924137e-01,5.236003715934899327e-01,3.863415069524089434e-10,-5.233835737902683416e-01,4.957835724164061981e-08
3.390000000000000000e+02,1.656653732490777353e-01,5.236003715950368065e-01,3.712520244312463370e-10,-5.233835735917569121e-01,4.764273740438392906e-08
3.400000000000000000e+02,1.656659428179080851e-01,5.236003715965232841e-01,3.567514792870798719e-10,-5.233835734009957275e-01,4.578268768599042755e-08
3.410000000000000000e+02,1.656665123830338426e-01,5.236003715979516970e-01,3.428171603525719589e-10,-5.233835732176821409e-01,4.399525808216617370e-08
3.420000000000000000e+02,1.656670819445997533e-01,5.236003715993242658e-01,3.294275474880449682e-10,-5.233835730415253851e-01,4.227761036953232217e-08
3.430000000000000000e+02,1.656676515027446783e-01,5.236003716006433217e-01,3.165625653611046020e-10,-5.233835728722461278e-01,4.062702248232553192e-08
3.440000000000000000e+02,1.656682210576022052e-01,5.236003716019108634e-01,3.041980314568462182e-10,-5.233835727095758061e-01,3.904087600956110823e-08
3.450000000000000000e+02,1.656687906093006202e-01,5.236003716031288890e-01,2.923166206741521141e-10,-5.233835725532564043e-01,3.751665547712634385e-08
3.460000000000000000e+02,1.656693601579632968e-01,5.236003716042992862e-01,2.808997682519989217e-10,-5.233835724030400094e-01,3.605194158274063042e-08
3.470000000000000000e+02,1.656699297037084739e-01,5.236003716054239421e-01,2.699304600942987959e-10,-5.233835722586882566e-01,3.464441458252845542e-08
3.480000000000000000e+02,1.656704992466503101e-01,5.236003716065047442e-01,2.593905193684251247e-10,-5.233835721199722180e-01,3.329183750260289659e-08
3.490000000000000000e+02,1.656710687868981902e-01,5.236003716075433578e-01,2.492607771194829856e-10,-5.233835719866719582e-01,3.199206684375583706e-08
3.500000000000000000e+02,1.656716383245571966e-01,5.236003716085413373e-01,2.395263073784729929e-10,-5.233835718585759800e-01,3.074304225875917479e-08
3.510000000000000000e+02,1.656722078597282488e-01,5.236003716095003480e-01,2.301739409616408549e-10,-5.233835717354810013e-01,2.954278268164811514e-08
3.520000000000000000e+02,1.656727773925087133e-01,5.236003716104219441e-01,2.211868505066980581e-10,-5.233835716171919561e-01,2.838938081073031852e-08
3.530000000000000000e+02,1.656733469229916822e-01,5.236003716113075690e-01,2.125499861206799488e-10,-5.233835715035211056e-01,2.728101232340213086e-08
3.540000000000000000e+02,1.656739164512669726e-01,5.236003716121586660e-01,2.042500885591895437e-10,-5.233835713942881496e-01,2.621591579567409447e-08
3.550000000000000000e+02,1.656744859774208212e-01,5.236003716129764562e-01,1.962730657622464851e-10,-5.233835712893197822e-01,2.519240177939589434e-08
3.560000000000000000e+02,1.656750555015358839e-01,5.236003716137623831e-01,1.886093620572653409e-10,-5.233835711884495812e-01,2.420884615260124978e-08
3.570000000000000000e+02,1.656756250236918193e-01,5.236003716145175568e-01,1.812433083228599498e-10,-5.233835710915175632e-01,2.326369036414778167e-08
3.580000000000000000e+02,1.656761945439649553e-01,5.236003716152431986e-01,1.741665033841274080e-10,-5.233835709983699624e-01,2.235543610767891190e-08
3.590000000000000000e+02,1.656767640624287330e-01,5.236003716159405297e-01,1.673671567408026899e-10,-5.233835709088588972e-01,2.148264267102508551e-08
3.600000000000000000e+02,1.656773335791540958e-01,5.236003716166106603e-01,1.608328049921830518e-10,-5.233835708228425920e-01,2.064392140760742874e-08
3.610000000000000000e+02,1.656779030942085451e-01,5.236003716172545897e-01,1.545529606063624747e-10,-5.233835707401844894e-01,1.983794791624036151e-08
3.620000000000000000e+02,1.656784726076574454e-01,5.236003716178734280e-01,1.485192309320853924e-10,-5.233835706607534721e-01,1.906344069823189803e-08
3.630000000000000000e+02,1.656790421195635521e-01,5.236003716184680634e-01,1.427198633195688779e-10,-5.233835705844236408e-01,1.831917006879355566e-08
3.640000000000000000e+02,1.656796116299868449e-01,5.236003716190394952e-01,1.371479593002162633e-10,-5.233835705110737591e-01,1.760395907552965345e-08
3.650000000000000000e+02,1.656801811389854440e-01,5.236003716195886115e-01,1.317932830022370386e-10,-5.233835704405875866e-01,1.691666853122671705e-08
3.660000000000000000e+02,1.656807506466148605e-01,5.236003716201163005e-01,1.266478031420700297e-10,-5.233835703728533240e-01,1.625621070702531718e-08
3.670000000000000000e+02,1.656813201529284685e-01,5.236003716206234504e-01,1.217029445867332159e-10,-5.233835703077636126e-01,1.562153843989203999e-08
3.680000000000000000e+02,1.656818896579776157e-01,5.236003716211107273e-01,1.169496383204466982e-10,-5.233835702452150906e-01,1.501164703266828299e-08
3.690000000000000000e+02,1.656824591618115960e-01,5.236003716215790194e-01,1.123836647102581152e-10,-5.233835701851086153e-01,1.442556625120330739e-08
3.700000000000000000e+02,1.656830286644779271e-01,5.236003716220289927e-01,1.079950191763262419e-10,-5.233835701273487073e-01,1.386236825698266606e-08
3.710000000000000000e+02,1.656835981660221835e-01,5.236003716224614246e-01,1.037785509313497215e-10,-5.233835700718438844e-01,1.332115601529765729e-08
3.720000000000000000e+02,1.656841676664881635e-01,5.236003716228769811e-01,9.972606882326601205e-11,-5.233835700185061057e-01,1.280107405758808466e-08
3.730000000000000000e+02,1.656847371659178336e-01,5.236003716232763283e-01,9.583163744635517760e-11,-5.233835699672506614e-01,1.230129839474394344e-08
3.740000000000000000e+02,1.656853066643517725e-01,5.236003716236600214e-01,9.208889034688967448e-11,-5.233835699179963941e-01,1.182103286155670262e-08
3.750000000000000000e+02,1.656858761618286158e-01,5.236003716240287265e-01,8.849377237822847970e-11,-5.233835698706650330e-01,1.135951956018924919e-08
3.760000000000000000e+02,1.656864456583859169e-01,5.236003716243831096e-01,8.503920303377070500e-11,-5.233835698251816382e-01,1.091602284662089419e-08
3.770000000000000000e+02,1.656870151540594527e-01,5.236003716247236150e-01,8.171775879935233239e-11,-5.233835697814739341e-01,1.048984278872928644e-08
3.780000000000000000e+02,1.656875846488837789e-01,5.236003716250507978e-01,7.852699504311084696e-11,-5.233835697394726427e-01,1.008029958759702011e-08
3.790000000000000000e+02,1.656881541428919524e-01,5.236003716253652129e-01,7.546149951044162368e-11,-5.233835696991111508e-01,9.686745579244788682e-09
3.800000000000000000e+02,1.656887236361158922e-01,5.236003716256674156e-01,7.251552999478708525e-11,-5.233835696603255094e-01,9.308556418411080069e-09
3.810000000000000000e+02,1.656892931285861292e-01,5.236003716259577390e-01,6.968307586728519462e-11,-5.233835696230541012e-01,8.945133752079092476e-09
3.820000000000000000e+02,1.656898626203320291e-01,5.236003716262367380e-01,6.696313135546756733e-11,-5.233835695872378624e-01,8.595899226767669483e-09
3.830000000000000000e+02,1.656904321113818468e-01,5.236003716265048569e-01,6.434916149890292595e-11,-5.233835695528199494e-01,8.260300812388327467e-09
3.840000000000000000e+02,1.656910016017628107e-01,5.236003716267625396e-01,6.183690856136692581e-11,-5.233835695197457394e-01,7.937803822863076918e-09
3.850000000000000000e+02,1.656915710915010387e-01,5.236003716270101194e-01,5.942199197823731719e-11,-5.233835694879628297e-01,7.627897193118518253e-09
3.860000000000000000e+02,1.656921405806215386e-01,5.236003716272480402e-01,5.710237827609672425e-11,-5.233835694574208164e-01,7.330090238930131317e-09
3.870000000000000000e+02,1.656927100691483468e-01,5.236003716274766351e-01,5.487317065540506964e-11,-5.233835694280711825e-01,7.043911195809320932e-09
3.880000000000000000e+02,1.656932795571047223e-01,5.236003716276963482e-01,5.273186287814553389e-11,-5.233835693998674099e-01,6.768904003840372209e-09
3.890000000000000000e+02,1.656938490445129253e-01,5.236003716279075126e-01,5.067313008580330457e-11,-5.233835693727647564e-01,6.504633560000687224e-09
3.900000000000000000e+02,1.656944185313942997e-01,5.236003716281103504e-01,4.869407944004750154e-11,-5.233835693467202566e-01,6.250681148737654683e-09
3.910000000000000000e+02,1.656949880177693013e-01,5.236003716283053055e-01,4.679426542973218727e-11,-5.233835693216926099e-01,6.006643318840678821e-09
3.920000000000000000e+02,1.656955575036577477e-01,5.236003716284927112e-01,4.496776074465063819e-11,-5.233835692976420706e-01,5.772134761854900524e-09
3.930000000000000000e+02,1.656961269890787070e-01,5.236003716286727894e-01,4.321105900385810859e-11,-5.233835692745304469e-01,5.546780533950242201e-09
3.940000000000000000e+02,1.656966964740504145e-01,5.236003716288457621e-01,4.152321892406317134e-11,-5.233835692523212124e-01,5.330223592147074553e-09
3.950000000000000000e+02,1.656972659585901064e-01,5.236003716290120735e-01,3.990305794393345279e-11,-5.233835692309790621e-01,5.122122678663453184e-09
3.960000000000000000e+02,1.656978354427149636e-01,5.236003716291718346e-01,3.834396434174231028e-11,-5.233835692104701343e-01,4.922146846541722297e-09
3.970000000000000000e+02,1.656984049264409176e-01,5.236003716293253785e-01,3.684709987624412600e-11,-5.233835691907618992e-01,4.729977697275361700e-09
3.980000000000000000e+02,1.656989744097837058e-01,5.236003716294729271e-01,3.540818501130048547e-11,-5.233835691718231597e-01,4.545310743620499521e-09
3.990000000000000000e+02,1.656995438927581221e-01,5.236003716296147026e-01,3.402548244367832299e-11,-5.233835691536237178e-01,4.367855070718434083e-09
4.000000000000000000e+02,1.657001133753786548e-01,5.236003716297509269e-01,3.269705553797655728e-11,-5.233835691361348186e-01,4.197325133411556758e-09
4.010000000000000000e+02,1.657006828576590152e-01,5.236003716298818222e-01,3.142088168707655811e-11,-5.233835691193288175e-01,4.033452715166975259e-09
4.020000000000000000e+02,1.657012523396123316e-01,5.236003716300076105e-01,3.019477983217525242e-11,-5.233835691031788473e-01,3.875980791372569838e-09
4.030000000000000000e+02,1.657018218212516214e-01,5.236003716301285138e-01,2.901648017532683496e-11,-5.233835690876594837e-01,3.724654642723347768e-09
4.040000000000000000e+02,1.657023913025889583e-01,5.236003716302446431e-01,2.788353746501403241e-11,-5.233835690727459689e-01,3.579238051008764476e-09
4.050000000000000000e+02,1.657029607836361107e-01,5.236003716303563316e-01,2.679613522456436161e-11,-5.233835690584147660e-01,3.439498150775396410e-09
4.060000000000000000e+02,1.657035302644044583e-01,5.236003716304635791e-01,2.574894334561631500e-11,-5.233835690446430045e-01,3.305214935119618760e-09
4.070000000000000000e+02,1.657040997449048259e-01,5.236003716305667188e-01,2.474456349421171413e-11,-5.233835690314089240e-01,3.176172557028765205e-09
4.080000000000000000e+02,1.657046692251477049e-01,5.236003716306657507e-01,2.377750231800640051e-11,-5.233835690186915413e-01,3.052168733677914402e-09
4.090000000000000000e+02,1.657052387051430042e-01,5.236003716307610079e-01,2.285013180559123922e-11,-5.233835690064706503e-01,2.933005910378300886e-09
4.100000000000000000e+02,1.657058081849005216e-01,5.236003716308524902e-01,2.195678232277535974e-11,-5.233835689947269332e-01,2.818495529050922618e-09
4.110000000000000000e+02,1.657063776644293329e-01,5.236003716309404199e-01,2.109964594828807313e-11,-5.233835689834417382e-01,2.708457147846489346e-09
4.120000000000000000e+02,1.657069471437384589e-01,5.236003716310249079e-01,2.027550649498181582e-11,-5.233835689725970797e-01,2.602715147607130671e-09
4.130000000000000000e+02,1.657075166228364760e-01,5.236003716311060652e-01,1.948376232782751003e-11,-5.233835689621758602e-01,2.501099962860318805e-09
4.140000000000000000e+02,1.657080861017314610e-01,5.236003716311841139e-01,1.872369108138922057e-11,-5.233835689521614265e-01,2.403453363241174555e-09
4.150000000000000000e+02,1.657086555804316019e-01,5.236003716312590539e-01,1.799186315046281910e-11,-5.233835689425380133e-01,2.309617179876862568e-09
4.160000000000000000e+02,1.657092250589441706e-01,5.236003716313311074e-01,1.729008815351874881e-11,-5.233835689332902996e-01,2.219445491533988033e-09
4.170000000000000000e+02,1.657097945372766890e-01,5.236003716314003853e-01,1.661476652446670348e-11,-5.233835689244036304e-01,2.132793874752053055e-09
4.180000000000000000e+02,1.657103640154361512e-01,5.236003716314668877e-01,1.596491163649704776e-11,-5.233835689158639060e-01,2.049524407658935941e-09
4.190000000000000000e+02,1.657109334934291633e-01,5.236003716315308365e-01,1.534211479337184526e-11,-5.233835689076575814e-01,1.969506280945154485e-09
4.200000000000000000e+02,1.657115029712622756e-01,5.236003716315922318e-01,1.474260325123822240e-11,-5.233835688997716673e-01,1.892611622755571391e-09
4.210000000000000000e+02,1.657120724489415942e-01,5.236003716316512957e-01,1.416787703315638162e-11,-5.233835688921936180e-01,1.818720131954520732e-09
4.220000000000000000e+02,1.657126419264733364e-01,5.236003716317080281e-01,1.361400032818401057e-11,-5.233835688849114431e-01,1.747712615752929492e-09
4.230000000000000000e+02,1.657132114038630255e-01,5.236003716317625400e-01,1.308237944060509296e-11,-5.233835688779135964e-01,1.679477852976647497e-09
4.240000000000000000e+02,1.657137808811162683e-01,5.236003716318149426e-01,1.257162951855225592e-11,-5.233835688711889755e-01,1.613907189550295977e-09
4.250000000000000000e+02,1.657143503582383104e-01,5.236003716318652357e-01,1.208038352104726522e-11,-5.233835688647269224e-01,1.550897402526394351e-09
4.260000000000000000e+02,1.657149198352342589e-01,5.236003716319136414e-01,1.160983757152686566e-11,-5.233835688585171120e-01,1.490348162757632393e-09
4.270000000000000000e+02,1.657154893121092210e-01,5.236003716319601597e-01,1.115581479288878103e-11,-5.233835688525497742e-01,1.432160998850117054e-09
4.280000000000000000e+02,1.657160587888676373e-01,5.236003716320047907e-01,1.071946675694973271e-11,-5.233835688468153613e-01,1.376246654774150708e-09
4.290000000000000000e+02,1.657166282655141709e-01,5.236003716320477563e-01,1.030187552532083497e-11,-5.233835688413048803e-01,1.322514359247421566e-09
4.300000000000000000e+02,1.657171977420531239e-01,5.236003716320889456e-01,9.898731564264998513e-12,-5.233835688360095606e-01,1.270880911193329402e-09
4.310000000000000000e+02,1.657177672184885764e-01,5.236003716321285806e-01,9.513695521882068277e-12,-5.233835688309209644e-01,1.221263649557927078e-09
4.320000000000000000e+02,1.657183366948247194e-01,5.236003716321666612e-01,9.142406791430885641e-12,-5.233835688260309871e-01,1.173583782173416728e-09
4.330000000000000000e+02,1.657189061710654110e-01,5.236003716322032986e-01,8.785774314663669515e-12,-5.233835688213319681e-01,1.127763167902117247e-09
4.340000000000000000e+02,1.657194756472142871e-01,5.236003716322384927e-01,8.442027494319082988e-12,-5.233835688168164690e-01,1.083733026428630535e-09
4.350000000000000000e+02,1.657200451232747895e-01,5.236003716322722434e-01,8.112004496543976737e-12,-5.233835688124771623e-01,1.041424005615829827e-09
4.360000000000000000e+02,1.657206145992505264e-01,5.236003716323047730e-01,7.796537711823435032e-12,-5.233835688083072757e-01,1.000763769633493856e-09
4.370000000000000000e+02,1.657211840751448284e-01,5.236003716323359702e-01,7.491061439634709825e-12,-5.233835688043002587e-01,9.616911445006000947e-10
4.380000000000000000e+02,1.657217535509605821e-01,5.236003716323659463e-01,7.199010525510869592e-12,-5.233835688004496722e-01,9.241460085245202721e-10
4.390000000000000000e+02,1.657223230267010350e-01,5.236003716323948121e-01,6.918427964479500227e-12,-5.233835687967494099e-01,8.880658773802133948e-10
4.400000000000000000e+02,1.657228925023691291e-01,5.236003716324224566e-01,6.647377058764556776e-12,-5.233835687931935876e-01,8.533945079567229740e-10
4.410000000000000000e+02,1.657234619779675011e-01,5.236003716324491020e-01,6.389169235933982201e-12,-5.233835687897766542e-01,8.200763997144961458e-10
4.420000000000000000e+02,1.657240314534990100e-01,5.236003716324746371e-01,6.139113203299261885e-12,-5.233835687864930586e-01,7.880602851348447024e-10
4.430000000000000000e+02,1.657246009289661814e-01,5.236003716324991730e-01,5.900514898944690677e-12,-5.233835687833376937e-01,7.572932907936611367e-10
4.440000000000000000e+02,1.657251704043714580e-01,5.236003716325228208e-01,5.671257381938155414e-12,-5.233835687803054526e-01,7.277277071197838483e-10
4.450000000000000000e+02,1.657257398797174486e-01,5.236003716325455803e-01,5.449304181508836451e-12,-5.233835687773916723e-01,6.993151704464910133e-10
4.460000000000000000e+02,1.657263093550062627e-01,5.236003716325673407e-01,5.235151954314515791e-12,-5.233835687745915788e-01,6.720129600066492823e-10
4.470000000000000000e+02,1.657268788302400653e-01,5.236003716325883239e-01,5.032034899124834347e-12,-5.233835687719008423e-01,6.457758322752799592e-10
4.480000000000000000e+02,1.657274483054211045e-01,5.236003716326084190e-01,4.835090936367103334e-12,-5.233835687693151328e-01,6.205636201023482685e-10
4.490000000000000000e+02,1.657280177805513233e-01,5.236003716326277369e-01,4.647513192397603199e-12,-5.233835687668304537e-01,5.963353185514052954e-10
4.500000000000000000e+02,1.657285872556326367e-01,5.236003716326463886e-01,4.467062033990317207e-12,-5.233835687644426971e-01,5.730545852974448990e-10
4.510000000000000000e+02,1.657291567306671820e-01,5.236003716326642632e-01,4.291553250304539470e-12,-5.233835687621481991e-01,5.506808084421443804e-10
4.520000000000000000e+02,1.657297262056565412e-01,5.236003716326814716e-01,4.124062541452117858e-12,-5.233835687599432962e-01,5.291815561269376586e-10
4.530000000000000000e+02,1.657302956806024907e-01,5.236003716326980140e-01,3.962361235186260311e-12,-5.233835687578244356e-01,5.085222493930168428e-10
4.540000000000000000e+02,1.657308651555068346e-01,5.236003716327138902e-01,3.806832098610134872e-12,-5.233835687557882865e-01,4.886680297821427968e-10
4.550000000000000000e+02,1.657314346303710439e-01,5.236003716327291002e-01,3.657850747591534640e-12,-5.233835687538316295e-01,4.695884753218479718e-10
4.560000000000000000e+02,1.657320041051966453e-01,5.236003716327437552e-01,3.515811234116683921e-12,-5.233835687519513558e-01,4.512542315869683308e-10
4.570000000000000000e+02,1.657325735799852484e-01,5.236003716327578550e-01,3.378382879423291006e-12,-5.233835687501445788e-01,4.336349471015728926e-10
4.580000000000000000e+02,1.657331430547380746e-01,5.236003716327713997e-01,3.245911762630148122e-12,-5.233835687484083010e-01,4.167061236429897909e-10
4.590000000000000000e+02,1.657337125294566782e-01,5.236003716327843893e-01,3.118715894497100518e-12,-5.233835687467398579e-01,4.004371913443505354e-10
4.600000000000000000e+02,1.657342820041422526e-01,5.236003716327968238e-01,2.997123824409312105e-12,-5.233835687451364738e-01,3.848041844715684715e-10
4.610000000000000000e+02,1.657348514787961302e-01,5.236003716328088142e-01,2.881429114089932079e-12,-5.233835687435957063e-01,3.697800485089913891e-10
4.620000000000000000e+02,1.657354209534195322e-01,5.236003716328203605e-01,2.769266177747514116e-12,-5.233835687421151128e-01,3.553428551941570591e-10
4.630000000000000000e+02,1.657359904280136520e-01,5.236003716328314628e-01,2.660895730861576766e-12,-5.233835687406923620e-01,3.414698843356628831e-10
4.640000000000000000e+02,1.657365599025795444e-01,5.236003716328421209e-01,2.556593978184640498e-12,-5.233835687393251224e-01,3.281390393738599279e-10
4.650000000000000000e+02,1.657371293771183196e-01,5.236003716328523350e-01,2.456631637298522492e-12,-5.233835687380112844e-01,3.153284738185252294e-10
4.660000000000000000e+02,1.657376988516309768e-01,5.236003716328622160e-01,2.361222925640471228e-12,-5.233835687367487388e-01,3.030179580798130303e-10
4.670000000000000000e+02,1.657382683261185985e-01,5.236003716328716528e-01,2.267979366089851808e-12,-5.233835687355354871e-01,2.911884182120233056e-10
4.680000000000000000e+02,1.657388378005820173e-01,5.236003716328807567e-01,2.179776191689048254e-12,-5.233835687343695309e-01,2.798208662387995387e-10
4.690000000000000000e+02,1.657394072750223712e-01,5.236003716328895274e-01,2.094156721363563538e-12,-5.233835687332490938e-01,2.688952594903608937e-10
4.700000000000000000e+02,1.657399767494404375e-01,5.236003716328978541e-01,2.011356499328738110e-12,-5.233835687321723995e-01,2.583959486960237023e-10
4.710000000000000000e+02,1.657405462238369376e-01,5.236003716329059587e-01,1.934223760913759565e-12,-5.233835687311377827e-01,2.483064741581512076e-10
4.720000000000000000e+02,1.657411156982127876e-01,5.236003716329137303e-01,1.857626326254696402e-12,-5.233835687301435780e-01,2.386121028617052207e-10
4.730000000000000000e+02,1.657416851725687645e-01,5.236003716329211688e-01,1.784411455605021164e-12,-5.233835687291882310e-01,2.292959806940798641e-10
4.740000000000000000e+02,1.657422546469055347e-01,5.236003716329282742e-01,1.714775227915452353e-12,-5.233835687282700766e-01,2.203449341757589522e-10
4.750000000000000000e+02,1.657428241212240139e-01,5.236003716329351576e-01,1.648883972395670117e-12,-5.233835687273877824e-01,2.117410992179683518e-10
4.760000000000000000e+02,1.657433935955247850e-01,5.236003716329417079e-01,1.584233938782714243e-12,-5.233835687265400161e-01,2.034733559229126555e-10
4.770000000000000000e+02,1.657439630698083755e-01,5.236003716329480362e-01,1.523653516483376777e-12,-5.233835687257253344e-01,1.955304775698729319e-10
4.780000000000000000e+02,1.657445325440756179e-01,5.236003716329541424e-01,1.464626947540926988e-12,-5.233835687249424051e-01,1.878976183762247228e-10
4.790000000000000000e+02,1.657451020183272061e-01,5.236003716329600266e-01,1.407307252987951074e-12,-5.233835687241901180e-01,1.805612612454955144e-10
4.800000000000000000e+02,1.657456714925635288e-01,5.236003716329656887e-01,1.351831509796934884e-12,-5.233835687234671408e-01,1.735129872861865032e-10
