# Time, SliderHeight, Motor1Pos, Motor1Vel, Motor2Pos, Motor2Vel
0.000000000000000000e+00,2.600000000000000089e-01,0.000000000000000000e+00,0.000000000000000000e+00,0.000000000000000000e+00,0.000000000000000000e+00
1.000000000000000000e+00,1.000248678535628488e-01,3.960216045379638325e-03,9.504518508911132812e-01,4.248066473993091408e-04,1.019535953758341912e-01
2.000000000000000000e+00,1.998510657934163270e-01,1.080158114433288526e-02,1.641927623748779208e+00,-6.115037282014647996e-03,-1.569562543059349835e+00
3.000000000000000000e+00,2.396200401005485203e-01,1.796227777004242090e-02,1.718567190170288583e+00,-1.908838770070159230e-02,-3.113604100484867132e+00
4.000000000000000000e+00,2.718153725228338868e-01,2.378376201391220468e-02,1.397156218528747829e+00,-3.232243757575823523e-02,-3.176171970013593970e+00
5.000000000000000000e+00,2.819743299589573260e-01,2.852852233290672709e-02,1.138742476558685324e+00,-4.225454529702473566e-02,-2.383705853103959882e+00
6.000000000000000000e+00,2.464002728051756519e-01,3.343209404981136584e-02,1.176857212057113466e+00,-4.945369307109341583e-02,-1.727795465776482464e+00
7.000000000000000000e+00,2.210234091392605515e-01,3.939868312391042737e-02,1.431981377783775100e+00,-5.683190132129695843e-02,-1.770769980048850556e+00
8.000000000000000000e+00,2.274851326345846136e-01,4.633046956043600922e-02,1.663628744766139977e+00,-6.644832819775438326e-02,-2.307942450349782959e+00
9.000000000000000000e+00,2.447732711676317285e-01,5.346185360414826976e-02,1.711532170490942084e+00,-7.775314547158269918e-02,-2.713156145718794932e+00
1.000000000000000000e+01,2.537644885892898494e-01,6.034260744508842395e-02,1.651380921825637005e+00,-8.903729660614558006e-02,-2.708196272295092299e+00
1.100000000000000000e+01,2.443230619972971418e-01,6.721994061461156189e-02,1.650559960685553440e+00,-9.965441861143077562e-02,-2.548109281268447823e+00
1.200000000000000000e+01,2.294575168792626352e-01,7.451079588405250254e-02,1.749805264665826865e+00,-1.102753710142675009e-01,-2.549028576680814062e+00
1.300000000000000000e+01,2.250245830280587223e-01,8.228829176371060816e-02,1.866599011117945350e+00,-1.216030736678152813e-01,-2.718648636851467959e+00
1.400000000000000000e+01,2.394343853035948710e-01,8.995523456762519188e-02,1.840066272939500536e+00,-1.325615988270683054e-01,-2.630046038220724025e+00
1.500000000000000000e+01,2.303292778920390249e-01,9.764488700655359066e-02,1.845516585342815485e+00,-1.427782842829293519e-01,-2.452004509406653820e+00
1.600000000000000000e+01,2.255894948686062718e-01,1.052687242355399566e-01,1.829720934956727607e+00,-1.516637889472259859e-01,-2.132521119431191714e+00
1.700000000000000000e+01,2.149563990563660432e-01,1.129413194709825430e-01,1.841422856506220729e+00,-1.592485544292729371e-01,-1.820343715691268294e+00
1.800000000000000000e+01,4.143622156511625465e-01,1.205445898104138269e-01,1.824784881463508590e+00,-1.652387950308860376e-01,-1.437657744387146774e+00
1.900000000000000000e+01,1.934945356384192572e-01,1.283380185838127463e-01,1.870422905615741760e+00,-1.701054102320439521e-01,-1.167987648277900137e+00
2.000000000000000000e+01,-1.251971152826917844e-01,1.359465773650036235e-01,1.826054107485808764e+00,-1.729697906499177429e-01,-6.874513002897100211e-01
2.100000000000000000e+01,-1.310851063124521543e-01,1.441258241904997128e-01,1.963019238119063425e+00,-1.762990108303788550e-01,-7.990128433106655770e-01
2.200000000000000000e+01,-1.149120308339136032e-01,1.521360263383290112e-01,1.922448515479032283e+00,-1.791268513654974137e-01,-6.786817284284516472e-01
2.300000000000000000e+01,1.929771291854829873e-01,1.602216528454382949e-01,1.940550361706225413e+00,-1.822225477193091525e-01,-7.429671249148169787e-01
2.400000000000000000e+01,3.654361705652892089e-01,1.681608349024319438e-01,1.905403693678475507e+00,-1.852222763835396635e-01,-7.199348794153207498e-01
2.500000000000000000e+01,2.578277396218348616e-01,1.760866811817047295e-01,1.902203107025471462e+00,-1.884382322452217706e-01,-7.718294068037041544e-01
2.600000000000000000e+01,1.866476777176333812e-01,1.838730249627921198e-01,1.868722507460972349e+00,-1.916569935417556381e-01,-7.725027111681310732e-01
2.700000000000000000e+01,1.764762944679747758e-01,1.915927118476652147e-01,1.852724852369539654e+00,-1.950377213365294959e-01,-8.113746707457251128e-01
2.800000000000000000e+01,1.825882300564487526e-01,1.994645166144870807e-01,1.889233144037244960e+00,-1.990587215913847685e-01,-9.650400611652685257e-01
2.900000000000000000e+01,1.925816746831775783e-01,2.075812728160206233e-01,1.948021488368049337e+00,-2.040006439273566452e-01,-1.186061360633247297e+00
3.000000000000000000e+01,1.996691713227818077e-01,2.159992019183624157e-01,2.020302984562031057e+00,-2.100712367451084139e-01,-1.456942276260421387e+00
3.100000000000000000e+01,2.039446529589767354e-01,2.246824347828554058e-01,2.083975887478318523e+00,-2.172430216147722692e-01,-1.721228368719324608e+00
3.200000000000000000e+01,2.070521848945327259e-01,2.334651867015090920e-01,2.107860460476886466e+00,-2.251363039026383905e-01,-1.894387749087870221e+00
3.300000000000000000e+01,2.070159260651597277e-01,2.423888134473843603e-01,2.141670419010066162e+00,-2.336799538009122768e-01,-2.050475975585733579e+00
3.400000000000000000e+01,2.081542937854268249e-01,2.515028972193992240e-01,2.187380105283568632e+00,-2.429041207850617112e-01,-2.213800076195864719e+00
3.500000000000000000e+01,2.110459607445692720e-01,2.607934229469828225e-01,2.229726174620067614e+00,-2.527732763717944198e-01,-2.368597340815854935e+00
3.600000000000000000e+01,2.134493036078530248e-01,2.702473598341737504e-01,2.268944852925826261e+00,-2.632045780261518253e-01,-2.503512397045779991e+00
3.700000000000000000e+01,2.187521233928080844e-01,2.797404167930750418e-01,2.278333670136305500e+00,-2.739374024436873611e-01,-2.575877860208528158e+00
3.800000000000000000e+01,2.218155571676111992e-01,2.891996417565619315e-01,2.270213991236854412e+00,-2.847874837053309682e-01,-2.604019502794461705e+00
3.900000000000000000e+01,2.224659721591877304e-01,2.986101729423649154e-01,2.258527484592712575e+00,-2.956813728780017803e-01,-2.614533401441001548e+00
4.000000000000000000e+01,2.231435271037206514e-01,3.079403063182376554e-01,2.239232010209458501e+00,-3.065410595977259844e-01,-2.606324812733804119e+00
4.100000000000000000e+01,2.234199206797850279e-01,3.171573895741521820e-01,2.212099981419491712e+00,-3.173067117672009885e-01,-2.583756520674004964e+00
4.200000000000000000e+01,2.192879512450816859e-01,3.263865010665292221e-01,2.214986758170495840e+00,-3.284022349671018581e-01,-2.662925567976208718e+00
4.300000000000000000e+01,2.232317454020868730e-01,3.355566051713880782e-01,2.200824985166120129e+00,-3.397114790571301723e-01,-2.714218581606790970e+00
4.400000000000000000e+01,2.231611838088677358e-01,3.447431076045256448e-01,2.204760583953021325e+00,-3.511165024047924743e-01,-2.737205603438952473e+00
4.500000000000000000e+01,2.194653057593454748e-01,3.540792955677696252e-01,2.240685111178549960e+00,-3.626724302674332323e-01,-2.773422687033781031e+00
4.600000000000000000e+01,2.204511185402336926e-01,3.634976590130550300e-01,2.260407226868494490e+00,-3.742056194041662454e-01,-2.767965392815918246e+00
4.700000000000000000e+01,2.205074503626657800e-01,3.729253629977200002e-01,2.262648956319596838e+00,-3.855180115903187321e-01,-2.714974124676598155e+00
4.800000000000000000e+01,2.097313930645131885e-01,3.825920957588515581e-01,2.320015862671573892e+00,-3.967056743434669852e-01,-2.685039060755581186e+00
4.900000000000000000e+01,2.054529420739590606e-01,3.924445395261513259e-01,2.364586504151946045e+00,-4.076773868664111955e-01,-2.633211005506609137e+00
5.000000000000000000e+01,2.033282486181024751e-01,4.023149089314983495e-01,2.368888657283283905e+00,-4.182198867998994651e-01,-2.530199984037183825e+00
5.100000000000000000e+01,2.008793812884026031e-01,4.120032378878113466e-01,2.325198949515114855e+00,-4.281317703029498545e-01,-2.378852040732099660e+00
5.200000000000000000e+01,1.859223635675268660e-01,4.216509213214041929e-01,2.315444024062284001e+00,-4.373345545436589932e-01,-2.208668217770192399e+00
5.300000000000000000e+01,1.708379256609279528e-01,4.313803747654249010e-01,2.335068826564974831e+00,-4.459159535390700979e-01,-2.059535758898662472e+00
5.400000000000000000e+01,1.800227153784392797e-01,4.405901404232890894e-01,2.210343757887408334e+00,-4.536724922821084305e-01,-1.861569298329193600e+00
5.500000000000000000e+01,1.890716766038493812e-01,4.488904451292491937e-01,1.992073129430420586e+00,-4.606624162305280601e-01,-1.677581747620708441e+00
5.600000000000000000e+01,1.853762306778686253e-01,4.563612081230460915e-01,1.792983118511261909e+00,-4.669553504207106798e-01,-1.510304205643828723e+00
5.700000000000000000e+01,1.821823028507006392e-01,4.630849544223985537e-01,1.613699111844589362e+00,-4.726194739108364185e-01,-1.359389637630173286e+00
5.800000000000000000e+01,1.795839629777853663e-01,4.691363365559020338e-01,1.452331712040837886e+00,-4.777173220968333744e-01,-1.223483564639270105e+00
5.900000000000000000e+01,1.774568433537241086e-01,4.745825804761954481e-01,1.307098540870418546e+00,-4.823054331237124903e-01,-1.101146646450987809e+00
6.000000000000000000e+01,1.757028200118201655e-01,4.794842000045516639e-01,1.176388686805490691e+00,-4.864347449600871509e-01,-9.910348407299228723e-01
6.100000000000000000e+01,1.742469464588667638e-01,4.838956575801272586e-01,1.058749818138139176e+00,-4.901511315762441257e-01,-8.919327878776773799e-01
6.200000000000000000e+01,1.730307897341851198e-01,4.878659693981721723e-01,9.528748363307759650e-01,-4.934958840456856177e-01,-8.027405926659529900e-01
6.300000000000000000e+01,1.720087375394515339e-01,4.914392500344184622e-01,8.575873526991069085e-01,-4.965061612857564755e-01,-7.224665376170079645e-01
6.400000000000000000e+01,1.711254221223435512e-01,4.946551959028218648e-01,7.718270084168104006e-01,-4.992152838543835736e-01,-6.501894164705085410e-01
6.500000000000000000e+01,1.703928600524023673e-01,4.975495478695842189e-01,6.946444720229633107e-01,-5.016535053826256529e-01,-5.851731667781077117e-01
6.600000000000000000e+01,1.697731825720242005e-01,5.001544652633208576e-01,6.251801744968026320e-01,-5.038479147704657546e-01,-5.266582530816221741e-01
6.700000000000000000e+01,1.692398891928812155e-01,5.024988914787393846e-01,5.626622917004385771e-01,-5.058228919910027210e-01,-4.739945329288746678e-01
6.800000000000000000e+01,1.687801768725625540e-01,5.046088755759935429e-01,5.063961833409896807e-01,-5.076003789841215807e-01,-4.265968783485361016e-01
6.900000000000000000e+01,1.683601261261752358e-01,5.065078656010302272e-01,4.557576060088158187e-01,-5.092001990446844983e-01,-3.839568145351049955e-01
7.000000000000000000e+01,1.680192313343613353e-01,5.082169566270829941e-01,4.101818462526596876e-01,-5.106400340785725023e-01,-3.455604081331274391e-01
7.100000000000000000e+01,1.677193379169757970e-01,5.097551385555286751e-01,3.691636628269567844e-01,-5.119358813159406996e-01,-3.110033369683540272e-01
7.200000000000000000e+01,1.674582050995856441e-01,5.111395022982737624e-01,3.322472982588116075e-01,-5.131021376905028353e-01,-2.799015298949068531e-01
7.300000000000000000e+01,1.672297894352248737e-01,5.123854296772047956e-01,2.990225709434439216e-01,-5.141517594359047427e-01,-2.519092188964626167e-01
7.400000000000000000e+01,1.670293739397391841e-01,5.135067643340176513e-01,2.691203176350795978e-01,-5.150964054439700623e-01,-2.267150419356697144e-01
7.500000000000000000e+01,1.668530626888247159e-01,5.145159655497562046e-01,2.422082917772646060e-01,-5.159465656911522702e-01,-2.040384593237291599e-01
7.600000000000000000e+01,1.666975638857892961e-01,5.154242466838570014e-01,2.179874721841894014e-01,-5.167116755663500038e-01,-1.836263700474501104e-01
7.700000000000000000e+01,1.665600447730490041e-01,5.162416997721380740e-01,1.961887411874472797e-01,-5.174002163130744236e-01,-1.652497792138565014e-01
7.800000000000000000e+01,1.664380016414882535e-01,5.169774076709474642e-01,1.765698957142526060e-01,-5.180198002969492732e-01,-1.487001561299580721e-01
7.900000000000000000e+01,1.663290972463054018e-01,5.176395449988219211e-01,1.589129586898792579e-01,-5.185772374732913192e-01,-1.337849223220925199e-01
8.000000000000000000e+01,1.662309140856250700e-01,5.182354690017464405e-01,1.430217607018943460e-01,-5.190785798811977658e-01,-1.203221778975379908e-01
8.100000000000000000e+01,1.661406835325974218e-01,5.187718013302564657e-01,1.287197588424059680e-01,-5.195291629877588635e-01,-1.081399455746529514e-01
8.200000000000000000e+01,1.660556697961740047e-01,5.192545015228799965e-01,1.158480462296451186e-01,-5.199337425290437853e-01,-9.709908990839123677e-02
8.300000000000000000e+01,1.659758353493439309e-01,5.196889328751534975e-01,1.042635245456328130e-01,-5.202968469420391484e-01,-8.714505911887583667e-02
8.400000000000000000e+01,1.659061547903661615e-01,5.200799220774373621e-01,9.383740854811614684e-02,-5.206227892786687850e-01,-7.822616079110998599e-02
8.500000000000000000e+01,1.658471760130013073e-01,5.204318133754199938e-01,8.445391151584456801e-02,-5.209152583432937744e-01,-7.019257551000121498e-02
8.600000000000000000e+01,1.657941361688788640e-01,5.207485164236325126e-01,7.600873157101367683e-02,-5.211777173265181862e-01,-6.299015597385171361e-02
8.700000000000000000e+01,1.657481657751843918e-01,5.210335500419307486e-01,6.840806839157652364e-02,-5.214131695734911531e-01,-5.650853927351958544e-02
8.800000000000000000e+01,1.657074963794848421e-01,5.212900810127467643e-01,6.156743299583310181e-02,-5.216244515055099562e-01,-5.070766368452293837e-02
8.900000000000000000e+01,1.656715101978567251e-01,5.215209597398207109e-01,5.541089449774362630e-02,-5.218138517835448908e-01,-4.545606672838982398e-02
9.000000000000000000e+01,1.656411287814003874e-01,5.217287509243687671e-01,4.986988429152522384e-02,-5.219840150367133225e-01,-4.083918076041612166e-02
9.100000000000000000e+01,1.656076329420305415e-01,5.219157646529076766e-01,4.488329484934425184e-02,-5.221356169887533261e-01,-3.638446848958775542e-02
9.200000000000000000e+01,1.655991382958141578e-01,5.220840748099109252e-01,4.039443768077922992e-02,-5.222740756899344472e-01,-3.323008828347547017e-02
9.300000000000000000e+01,1.655088102504942149e-01,5.222356924555040525e-01,3.638823494233758143e-02,-5.223872415436954242e-01,-2.715980490262820748e-02
9.400000000000000000e+01,1.655996052455816492e-01,5.223720055079477120e-01,3.271513258648683226e-02,-5.225042885292403572e-01,-2.809127653079562456e-02
9.500000000000000000e+01,1.656596226331037980e-01,5.224947939342047265e-01,2.946922230168290760e-02,-5.225991826291471742e-01,-2.277458397762912104e-02
9.600000000000000000e+01,1.655018067210914379e-01,5.226053347620677192e-01,2.652979868711569100e-02,-5.226805361576810638e-01,-1.952484684812561683e-02
9.700000000000000000e+01,1.655529528036705778e-01,5.227046876817016408e-01,2.384470071215418971e-02,-5.227646943692667580e-01,-2.019797078056857417e-02
9.800000000000000000e+01,1.655244573562963950e-01,5.227942275506713976e-01,2.148956855274155101e-02,-5.228310308349297664e-01,-1.592075175911301238e-02
9.900000000000000000e+01,1.654223456409414095e-01,5.228748376289241717e-01,1.934641878065617923e-02,-5.228876074080820446e-01,-1.357837755653651737e-02
1.000000000000000000e+02,1.655676312134099770e-01,5.229472383913292832e-01,1.737618297723616048e-02,-5.229526833359602334e-01,-1.561822269076870370e-02
1.010000000000000000e+02,1.655610825567306321e-01,5.230125031473911168e-01,1.566354145485134367e-02,-5.230028524986821692e-01,-1.204059905326485165e-02
1.020000000000000000e+02,1.655023126610792872e-01,5.230712582094603214e-01,1.410121489661302074e-02,-5.230458367989686552e-01,-1.031623206875478121e-02
1.030000000000000000e+02,1.654463330775371444e-01,5.231241539181066269e-01,1.269497007511810951e-02,-5.230824392365035491e-01,-8.784585008364086470e-03
1.040000000000000000e+02,1.653974845109278669e-01,5.231717756023221977e-01,1.142920421174209444e-02,-5.231133791777274888e-01,-7.425585893735372339e-03
1.050000000000000000e+02,1.655563127550228331e-01,5.232144839595893604e-01,1.025000574411501046e-02,-5.231546647927265425e-01,-9.908547599762021485e-03
1.060000000000000000e+02,1.655148964271999368e-01,5.232530265655396251e-01,9.250225428063540284e-03,-5.231843550930984632e-01,-7.125672089262690551e-03
1.070000000000000000e+02,1.654874665134609402e-01,5.232877248087898225e-01,8.327578380043630657e-03,-5.232098002112844926e-01,-6.106828364642923404e-03
1.080000000000000000e+02,1.654614826733775967e-01,5.233189627475883787e-01,7.497105311648669113e-03,-5.232314744724096967e-01,-5.201822670059122813e-03
1.090000000000000000e+02,1.654388773681309543e-01,5.233470860486549858e-01,6.749592255975654306e-03,-5.232498027998615520e-01,-4.398798588449198861e-03
1.100000000000000000e+02,1.654193288371594850e-01,5.233724058256274958e-01,6.076746473403011294e-03,-5.232651657468637696e-01,-3.687107280535621007e-03
1.110000000000000000e+02,1.654025263891939490e-01,5.233952020938443805e-01,5.471104372057438749e-03,-5.232779040118579195e-01,-3.057183598602570933e-03
1.120000000000000000e+02,1.655277608196828176e-01,5.234155712678857375e-01,4.888601769921892097e-03,-5.232995814163496906e-01,-5.202577078037369865e-03
1.130000000000000000e+02,1.654605883886108297e-01,5.234340232234648838e-01,4.428469338991193605e-03,-5.233124688246050260e-01,-3.092977981278312305e-03
1.140000000000000000e+02,1.654500651348242701e-01,5.234506353565515635e-01,3.986911940794527452e-03,-5.233233765214700961e-01,-2.617847247609864439e-03
1.150000000000000000e+02,1.654407024863623898e-01,5.234655914413958167e-01,3.589460362632460565e-03,-5.233325294709836317e-01,-2.196707883248312163e-03
1.160000000000000000e+02,1.654326947988459806e-01,5.234790568831449997e-01,3.231706019800570893e-03,-5.233401290629715596e-01,-1.823902077112731206e-03
1.170000000000000000e+02,1.654259165153249000e-01,5.234911805541532237e-01,2.909681041968500189e-03,-5.233463555296059555e-01,-1.494351992245860229e-03
1.180000000000000000e+02,1.654202404423684714e-01,5.235020964468993787e-01,2.619814259065213116e-03,-5.233513701056298206e-01,-1.203498245720805793e-03
1.190000000000000000e+02,1.654155487906805444e-01,5.235119251616822122e-01,2.358891547869694169e-03,-5.233553169675393413e-01,-9.472468582843972251e-04
1.200000000000000000e+02,1.655167913941553159e-01,5.235206242442221880e-01,2.087779809592638699e-03,-5.233669156535993849e-01,-2.783684654421568830e-03
1.210000000000000000e+02,1.654528198642755965e-01,5.235285794222819256e-01,1.909242734343197809e-03,-5.233719867071435772e-01,-1.217052850594477166e-03
1.220000000000000000e+02,1.654494671781436832e-01,5.235357416297018451e-01,1.718929780771611760e-03,-5.233762235001269136e-01,-1.016830316010718278e-03
1.230000000000000000e+02,1.654466275260935149e-01,5.235421900642757143e-01,1.547624297734864372e-03,-5.233797222408173022e-01,-8.396977657065383569e-04
1.240000000000000000e+02,1.654442944021670137e-01,5.235479960080241524e-01,1.393426499628859462e-03,-5.233825690082124504e-01,-6.832241748379679590e-04
1.250000000000000000e+02,1.654424172704808405e-01,5.235532236184974320e-01,1.254626513594189318e-03,-5.233848407917104373e-01,-5.452280395116037648e-04
1.260000000000000000e+02,1.654409469066485949e-01,5.235579306410488298e-01,1.129685412340990193e-03,-5.233866064206748048e-01,-4.237509514586680105e-04
1.270000000000000000e+02,1.654398381934210349e-01,5.235621690499099312e-01,1.017218126657920118e-03,-5.233879273989311409e-01,-3.170347815292599825e-04
1.280000000000000000e+02,1.654390504153627206e-01,5.235659856251695388e-01,9.159780623019282827e-04,-5.233888586547511546e-01,-2.235013967929663499e-04
1.290000000000000000e+02,1.654385469890762017e-01,5.235694224720613965e-01,8.248432540570659836e-04,-5.233894492150653610e-01,-1.417344753975018773e-04
1.300000000000000000e+02,1.654382950910940897e-01,5.235725174883283373e-01,7.428039040603077320e-04,-5.233897428115763528e-01,-7.046316262805110090e-05
1.310000000000000000e+02,1.654382652915333263e-01,5.235753047848541453e-01,6.689511661825886177e-04,-5.233897784256258401e-01,-8.547371873466114221e-06
1.320000000000000000e+02,1.654967873862040750e-01,5.235776689610702750e-01,5.674022918618280538e-04,-5.233943582567669450e-01,-1.099159473856636598e-03
1.330000000000000000e+02,1.654577328332389741e-01,5.235799294536410686e-01,5.425182169787944953e-04,-5.233954347270101115e-01,-2.583528583642672469e-04
1.340000000000000000e+02,1.654573836182198776e-01,5.235819647914971009e-01,4.884810854361924370e-04,-5.233962886685633586e-01,-2.049459727926195669e-04
1.350000000000000000e+02,1.654572528089846006e-01,5.235837974560073604e-01,4.398394824609164070e-04,-5.233969467731766079e-01,-1.579451071754904264e-04
1.360000000000000000e+02,1.654572700174993249e-01,5.235854476811252489e-01,3.960540283044839869e-04,-5.233974329245286716e-01,-1.166763244957968429e-04
1.370000000000000000e+02,1.654574041609141177e-01,5.235869336785589079e-01,3.566393840765022223e-04,-5.233977684587011181e-01,-8.052820138249379585e-05
1.380000000000000000e+02,1.654576381003035057e-01,5.235882718400654001e-01,3.211587615693443616e-04,-5.233979724186771376e-01,-4.895039423606955457e-05
1.390000000000000000e+02,1.654579591352294266e-01,5.235894769194274767e-01,2.892190468944582163e-04,-5.233980617882515451e-01,-2.144869785617651404e-05
1.400000000000000000e+02,1.654583565560523994e-01,5.235905621962109180e-01,2.604664280240167251e-04,-5.233980517035896618e-01,2.420318840910908639e-06
1.410000000000000000e+02,1.654588209481533956e-01,5.235915396231429764e-01,2.345824636821925476e-04,-5.233979556437162728e-01,2.305436960802097736e-05
1.420000000000000000e+02,1.654593439381676079e-01,5.235924199587527195e-01,2.112805463435099530e-04,-5.233977856018084962e-01,4.081005785988966040e-05
1.430000000000000000e+02,1.654599180577552842e-01,5.235932128867493152e-01,1.903027191882881281e-04,-5.233975522391609569e-01,5.600703541850766628e-05
1.440000000000000000e+02,1.654605366438453296e-01,5.235939271234634207e-01,1.714168113964298086e-04,-5.233972650235484414e-01,6.893174699199928384e-05
1.450000000000000000e+02,1.654611937545449329e-01,5.235945705145464979e-01,1.544138599276096704e-04,-5.233969323535521134e-01,7.984079912644566140e-05
1.460000000000000000e+02,1.654618840948950953e-01,5.235951501220010851e-01,1.391057891004823213e-04,-5.233965616702579426e-01,8.896399060439699508e-05
1.470000000000000000e+02,1.654626029504339957e-01,5.235956723025103621e-01,1.253233222157626632e-04,-5.233961595575995496e-01,9.650703800966667887e-05
1.480000000000000000e+02,1.654633461275248629e-01,5.235961427779353139e-01,1.129141019827314740e-04,-5.233957318324869989e-01,1.026540270096104466e-04
1.490000000000000000e+02,1.654641098997069182e-01,5.235965666987640876e-01,1.017409989102081966e-04,-5.233952836257502739e-01,1.075696168200055401e-04
1.500000000000000000e+02,1.654648909594520212e-01,5.235969487012175350e-01,9.168058883236012574e-05,-5.233948194548228017e-01,1.114010226010898901e-04
1.510000000000000000e+02,1.654656863747816231e-01,5.235972929586453217e-01,8.262178267389359853e-05,-5.233943432889975877e-01,1.142797980633639777e-04
1.520000000000000000e+02,1.654967945157660159e-01,5.235976273343859733e-01,8.025017774530089870e-05,-5.233964346514113908e-01,-5.019269793155355444e-04
1.530000000000000000e+02,1.654699314715978586e-01,5.235979009806916995e-01,6.567511337715610357e-05,-5.233961510421460961e-01,6.806622365959093778e-05
1.540000000000000000e+02,1.654702982486880025e-01,5.235981475615264502e-01,5.917940032752558863e-05,-5.233958571330337151e-01,7.053818696763836029e-05
1.550000000000000000e+02,1.654709253663869672e-01,5.235983697744185372e-01,5.333109410755254917e-05,-5.233955553133182725e-01,7.243673171182286885e-05
1.560000000000000000e+02,1.654716216899062564e-01,5.235985700455011438e-01,4.806505983322621820e-05,-5.233952477926937519e-01,7.380494987799471481e-05
1.570000000000000000e+02,1.654723392545037752e-01,5.235987505582108126e-01,4.332305030966952146e-05,-5.233949365326803216e-01,7.470240321454091597e-05
1.580000000000000000e+02,1.654730651766729288e-01,5.235989132779347299e-01,3.905273373705061483e-05,-5.233946232513827512e-01,7.518751142302760833e-05
1.590000000000000000e+02,1.654740647719430413e-01,5.235990599738983287e-01,3.520703125136719319e-05,-5.233943094443864741e-01,7.531367911972330898e-05
1.600000000000000000e+02,1.654747870441316548e-01,5.235991922387899233e-01,3.174357397352225931e-05,-5.233939964076643747e-01,7.512881330401837354e-05
1.610000000000000000e+02,1.654755114791575943e-01,5.235993115064053738e-01,2.862422770986757935e-05,-5.233936852591606348e-01,7.467564090303760341e-05
1.620000000000000000e+02,1.654762370677303751e-01,5.235994190675241633e-01,2.581466850852286502e-05,-5.233933769584010465e-01,7.399218229540657256e-05
1.630000000000000000e+02,1.654769631435208110e-01,5.235995160841970808e-01,2.328400149303179548e-05,-5.233930723241345673e-01,7.311222395691529651e-05
1.640000000000000000e+02,1.654776893093133916e-01,5.235996036026054901e-01,2.100441802166013773e-05,-5.233927720501555525e-01,7.206575497357907791e-05
1.650000000000000000e+02,1.654784148581500969e-01,5.235996825646354047e-01,1.895088717576204321e-05,-5.233924767194797489e-01,7.087936218758573298e-05
1.660000000000000000e+02,1.654791393938791211e-01,5.235997538182941557e-01,1.710087810085979498e-05,-5.233921868170383629e-01,6.957658593492026548e-05
1.670000000000000000e+02,1.654798626626320379e-01,5.235998181270863361e-01,1.543411012398908857e-05,-5.233919027410393054e-01,6.817823978290689217e-05
1.680000000000000000e+02,1.654805842830784357e-01,5.235998761784523836e-01,1.393232784462044760e-05,-5.233916248131320614e-01,6.670269774130162526e-05
1.690000000000000000e+02,1.654813039029006672e-01,5.235999285913637280e-01,1.257909871774224045e-05,-5.233913532874979735e-01,6.516615219340198418e-05
1.700000000000000000e+02,1.654820213785870298e-01,5.235999759231589890e-01,1.135963087555912891e-05,-5.233910883589749652e-01,6.358284551056045267e-05
1.710000000000000000e+02,1.654827365846309739e-01,5.236000186756971653e-01,1.026060915941617221e-05,-5.233908301703168453e-01,6.196527794931228224e-05
1.720000000000000000e+02,1.654834493078789215e-01,5.236000573008952053e-01,9.270047540351249581e-06,-5.233905788186740127e-01,6.032439429289622576e-05
1.730000000000000000e+02,1.654841593665385135e-01,5.236000922057131302e-01,8.377156310401399743e-06,-5.233903343613769410e-01,5.866975130783752069e-05
1.740000000000000000e+02,1.654848667208392021e-01,5.236001237566403343e-01,7.572222529220515698e-06,-5.233900968210936089e-01,5.700966801071114817e-05
1.750000000000000000e+02,1.654855713127040551e-01,5.236001522837337996e-01,6.846502438771016147e-06,-5.233898661904250460e-01,5.535136045821726259e-05
1.760000000000000000e+02,1.654862731128447506e-01,5.236001780842530762e-01,6.192124628769370563e-06,-5.233896424359975041e-01,5.370106262268718684e-05
1.770000000000000000e+02,1.654869720479422712e-01,5.236002014259317772e-01,5.602002876505794455e-06,-5.233894255021026565e-01,5.206413477193107741e-05
1.780000000000000000e+02,1.654876680709358172e-01,5.236002225499222229e-01,5.069757707268850947e-06,-5.233892153139334535e-01,5.044516061039363940e-05
1.790000000000000000e+02,1.654883612005138005e-01,5.236002416734463205e-01,4.589645796041257880e-06,-5.233890117804570474e-01,4.884803432718221397e-05
1.800000000000000000e+02,1.654890514523499057e-01,5.236002589921814332e-01,4.156496416829122917e-06,-5.233888147969629756e-01,4.727603856943724838e-05
1.810000000000000000e+02,1.654897388517691248e-01,5.236002746824074405e-01,3.765654249453292813e-06,-5.233886242473201333e-01,4.573191427483907075e-05
1.820000000000000000e+02,1.654904234330464019e-01,5.236002889029404139e-01,3.412927915058098952e-06,-5.233884400059736208e-01,4.421792317016534651e-05
1.830000000000000000e+02,1.654911052079464373e-01,5.236003017968722251e-01,3.094543630262063372e-06,-5.233882619397082214e-01,4.273590370045132763e-05
1.840000000000000000e+02,1.654917842142084872e-01,5.236003134931368486e-01,2.807103516734125817e-06,-5.233880899092038241e-01,4.128732105444109555e-05
1.850000000000000000e+02,1.654924604788443887e-01,5.236003241079204562e-01,2.547548067392206477e-06,-5.233879237704043286e-01,3.987331188352580323e-05
1.860000000000000000e+02,1.654931340728597322e-01,5.236003337459302909e-01,2.313122359606366148e-06,-5.233877633757199055e-01,3.849472426350523621e-05
1.870000000000000000e+02,1.654938050488665435e-01,5.236003425015371970e-01,2.101345655455412579e-06,-5.233876085750808205e-01,3.715215337797919421e-05
1.880000000000000000e+02,1.654944734624695657e-01,5.236003504598040204e-01,1.909984032177126046e-06,-5.233874592168584750e-01,3.584597337345542527e-05
1.890000000000000000e+02,1.654951393767689627e-01,5.236003576974113116e-01,1.737025749586193567e-06,-5.233873151486677644e-01,3.457636576702010164e-05
1.900000000000000000e+02,1.654958028551857807e-01,5.236003642834907712e-01,1.580659080633847214e-06,-5.233871762180645204e-01,3.334334476707419249e-05
1.910000000000000000e+02,1.654964639485721756e-01,5.236003702803755377e-01,1.439252353850888415e-06,-5.233870422731485839e-01,3.214677982949242413e-05
1.920000000000000000e+02,1.654971227192181260e-01,5.236003757442755369e-01,1.311335990201998036e-06,-5.233869131630830562e-01,3.098641573229603231e-05
1.930000000000000000e+02,1.654977792299865136e-01,5.236003807258852172e-01,1.195586336569197059e-06,-5.233867887385397211e-01,2.986189041114501412e-05
1.940000000000000000e+02,1.654984335371771365e-01,5.236003852709315565e-01,1.090811120352979274e-06,-5.233866688520779631e-01,2.877275082101896279e-05
1.950000000000000000e+02,1.654990857084414901e-01,5.236003894206663345e-01,9.959363359842229060e-07,-5.233865533584655116e-01,2.771846698998480649e-05
1.960000000000000000e+02,1.654997358099631610e-01,5.236003932123100002e-01,9.099944675853106876e-07,-5.233864421149467816e-01,2.669844449453851124e-05
1.970000000000000000e+02,1.655003839040197211e-01,5.236003966794511300e-01,8.321138718801102896e-07,-5.233863349814655841e-01,2.571203548215635404e-05
1.980000000000000000e+02,1.655010300522564981e-01,5.236003998524062508e-01,7.615092255109162336e-07,-5.233862318208472031e-01,2.475854842338092617e-05
1.990000000000000000e+02,1.655016743155353631e-01,5.236004027585434706e-01,6.974729222758693364e-07,-5.233861324989441677e-01,2.383725671705736704e-05
2.000000000000000000e+02,1.655023167538071105e-01,5.236004054225740223e-01,6.393673377045621795e-07,-5.233860368847513822e-01,2.294740625519649493e-05
2.010000000000000000e+02,1.655029574276636328e-01,5.236004078668151651e-01,5.866178624938812158e-07,-5.233859448504926126e-01,2.208822210046975921e-05
2.020000000000000000e+02,1.655035963968583268e-01,5.236004101114261067e-01,5.387066220612933286e-07,-5.233858562716829921e-01,2.125891431480734259e-05
2.030000000000000000e+02,1.655042337138291075e-01,5.236004121746212769e-01,4.951668426557987808e-07,-5.233857710271702102e-01,2.045868307457842324e-05
2.040000000000000000e+02,1.655048694340346960e-01,5.236004140728619527e-01,4.555777597158323389e-07,-5.233856889991571615e-01,1.968672312608614171e-05
2.050000000000000000e+02,1.655055036116430400e-01,5.236004158210287862e-01,4.195600449313061944e-07,-5.233856100732086070e-01,1.894222766467913753e-05
2.060000000000000000e+02,1.655061362994963148e-01,5.236004174325774585e-01,3.867716904899989294e-07,-5.233855341382431803e-01,1.822439169935888533e-05
2.070000000000000000e+02,1.655067675490866363e-01,5.236004189196786784e-01,3.569042973734335293e-07,-5.233854610865142920e-01,1.753241493998356802e-05
2.080000000000000000e+02,1.655073974105387424e-01,5.236004202933443041e-01,3.296797384139184527e-07,-5.233853908135797095e-01,1.686550429521064751e-05
2.090000000000000000e+02,1.655080259323807035e-01,5.236004215635408077e-01,3.048471535628612045e-07,-5.233853232182631432e-01,1.622287598914526718e-05
2.100000000000000000e+02,1.655086531596366706e-01,5.236004227392918597e-01,2.821802480314973462e-07,-5.233852582026073952e-01,1.560375737084760951e-05
2.110000000000000000e+02,1.655092791411901243e-01,5.236004238287703672e-01,2.614748507241392024e-07,-5.233851956718222898e-01,1.500738841596836501e-05
2.120000000000000000e+02,1.655099039216373358e-01,5.236004248393817395e-01,2.425467249406355797e-07,-5.233851355342264977e-01,1.443302299930550596e-05
2.130000000000000000e+02,1.655105275442210477e-01,5.236004257778383852e-01,2.252295888358289779e-07,-5.233850777011851418e-01,1.387992992208563312e-05
2.140000000000000000e+02,1.655111500508456013e-01,5.236004266502273241e-01,2.093733458430829537e-07,-5.233850220870445158e-01,1.334739374938089841e-05
2.150000000000000000e+02,1.655117714820951436e-01,5.236004274620710275e-01,1.948424792081392711e-07,-5.233849686090633613e-01,1.283471547692687844e-05
2.160000000000000000e+02,1.655123918772551106e-01,5.236004282183819303e-01,1.815146086896230197e-07,-5.233849171873423689e-01,1.234121303592462927e-05
2.170000000000000000e+02,1.655130112743349868e-01,5.236004289237119469e-01,1.692791983811504203e-07,-5.233848677447521247e-01,1.186622166926987881e-05
2.180000000000000000e+02,1.655136297100932019e-01,5.236004295821968801e-01,1.580363837864548841e-07,-5.233848202068597244e-01,1.140909418847794707e-05
2.190000000000000000e+02,1.655142472200638593e-01,5.236004301975965003e-01,1.476959208856079945e-07,-5.233847745018550546e-01,1.096920112187318687e-05
2.200000000000000000e+02,1.655148638385841309e-01,5.236004307733308494e-01,1.381762385074754339e-07,-5.233847305604768518e-01,1.054593077924918191e-05
2.210000000000000000e+02,1.655154795988224292e-01,5.236004313125124376e-01,1.294035808014983324e-07,-5.233846883159383179e-01,1.013868924125690960e-05
2.220000000000000000e+02,1.655160945328077171e-01,5.236004318179759975e-01,1.213112477392388622e-07,-5.233846477038538447e-01,9.746900270284184783e-06
2.230000000000000000e+02,1.655167086714589286e-01,5.236004322923046850e-01,1.138388936365169373e-07,-5.233846086621656291e-01,9.370005176925645443e-06
2.240000000000000000e+02,1.655173220446149174e-01,5.236004327378542822e-01,1.069319105121559027e-07,-5.233845711310713966e-01,9.007462624535182198e-06
2.250000000000000000e+02,1.655179346810644603e-01,5.236004331567745140e-01,1.005408590477126957e-07,-5.233845350529530149e-01,8.658748399971067069e-06
2.260000000000000000e+02,1.655185466089907909e-01,5.236004335510285879e-01,9.462096812747754579e-08,-5.233845003723065492e-01,8.323355142205202963e-06
2.270000000000000000e+02,1.655191578550449516e-01,5.236004339224106241e-01,8.913167674569950688e-08,-5.233844670356729845e-01,8.000792054543239383e-06
2.280000000000000000e+02,1.655197684446752804e-01,5.236004342725615324e-01,8.403622607890086573e-08,-5.233844349915706129e-01,7.690584574056369887e-06
2.290000000000000000e+02,1.655203784027757807e-01,5.236004346029835554e-01,7.930128845353924112e-08,-5.233844041904287536e-01,7.392274034270630389e-06
2.300000000000000000e+02,1.655209877533382334e-01,5.236004349150528148e-01,7.489662779328651882e-08,-5.233843745845233597e-01,7.105417301347528041e-06
2.310000000000000000e+02,1.655215965194795358e-01,5.236004352100311898e-01,7.079480796603033722e-08,-5.233843461279132914e-01,6.829586420074411933e-06
2.320000000000000000e+02,1.655222047234712890e-01,5.236004354890766432e-01,6.697091628057935703e-08,-5.233843187763790317e-01,6.564368214319014092e-06
2.330000000000000000e+02,1.655228123867665824e-01,5.236004357532529907e-01,6.340232440054930590e-08,-5.233842924873627345e-01,6.309363914115194220e-06
2.340000000000000000e+02,1.655234195300271105e-01,5.236004360035382277e-01,6.006846199486285170e-08,-5.233842672199094936e-01,6.064188767772633717e-06
2.350000000000000000e+02,1.655240261731500961e-01,5.236004362408325230e-01,5.695062469834934061e-08,-5.233842429346109437e-01,5.828471639394190825e-06
2.360000000000000000e+02,1.655246323352937143e-01,5.236004364659649912e-01,5.403178990697910933e-08,-5.233842195935499708e-01,5.601854627431169781e-06
2.370000000000000000e+02,1.655252380349025998e-01,5.236004366797002429e-01,5.129646147869718565e-08,-5.233841971602471999e-01,5.383992669749174402e-06
2.380000000000000000e+02,1.655258432897322440e-01,5.236004368827440469e-01,4.873051951506849653e-08,-5.233841755996090361e-01,5.174553155211370276e-06
2.390000000000000000e+02,1.655264481168733370e-01,5.236004370757485482e-01,4.632109115161196998e-08,-5.233841548778775943e-01,4.973215537997932730e-06
2.400000000000000000e+02,1.655270525327747488e-01,5.236004372593170419e-01,4.405643179117275490e-08,-5.233841349625819594e-01,4.779670961316755768e-06
2.410000000000000000e+02,1.655276565532661226e-01,5.236004374340079703e-01,4.192581674413383825e-08,-5.233841158224907808e-01,4.593621886849566775e-06
2.420000000000000000e+02,1.655282601935801901e-01,5.236004376003390304e-01,3.991945121387209007e-08,-5.233840974275669744e-01,4.414781716231491373e-06
2.430000000000000000e+02,1.655288634683738103e-01,5.236004377587906156e-01,3.802837742014500376e-08,-5.233840797489234253e-01,4.242874441045315837e-06
2.440000000000000000e+02,1.655294663917488140e-01,5.236004379098089245e-01,3.624439763350186484e-08,-5.233840627587805772e-01,4.077634286121194958e-06
2.450000000000000000e+02,1.655300689772719325e-01,5.236004380538089586e-01,3.456000460254652307e-08,-5.233840464304249096e-01,3.918805365367087507e-06
2.460000000000000000e+02,1.655306712379944478e-01,5.236004381911769645e-01,3.296831495186612090e-08,-5.233840307381693036e-01,3.766141342803684843e-06
2.470000000000000000e+02,1.655312731864710118e-01,5.236004383222728764e-01,3.146301524458122348e-08,-5.233840156573147384e-01,3.619405100977557649e-06
2.480000000000000000e+02,1.655318748347773816e-01,5.236004384474325368e-01,3.003830815993781290e-08,-5.233840011641129886e-01,3.478368428747668624e-06
2.490000000000000000e+02,1.655324761945285161e-01,5.236004385669694727e-01,2.868886371428802065e-08,-5.233839872357308742e-01,3.342811702965032988e-06
2.500000000000000000e+02,1.655330772768955627e-01,5.236004386811768940e-01,2.740978080611158578e-08,-5.233839738502159555e-01,3.212523580962916940e-06
2.510000000000000000e+02,1.655336780926219831e-01,5.236004387903291368e-01,2.619654361854541880e-08,-5.233839609864630038e-01,3.087300719446174848e-06
2.520000000000000000e+02,1.655342786520395959e-01,5.236004388946832178e-01,2.504499086528712638e-08,-5.233839486241818051e-01,2.966947476922920936e-06
2.530000000000000000e+02,1.655348789650842867e-01,5.236004389944802773e-01,2.395128232850406772e-08,-5.233839367438666290e-01,2.851275635807262574e-06
2.540000000000000000e+02,1.655354790413101629e-01,5.236004390899463568e-01,2.291186797481172291e-08,-5.233839253267660308e-01,2.740104143703821407e-06
2.550000000000000000e+02,1.655360788899040980e-01,5.236004391812941750e-01,2.192347274580716523e-08,-5.233839143548542072e-01,2.633258843995632749e-06
2.560000000000000000e+02,1.655366785196998869e-01,5.236004392687235720e-01,2.098305748421915100e-08,-5.233839038108032415e-01,2.530572225828234221e-06
2.570000000000000000e+02,1.655372779391912075e-01,5.236004393524227307e-01,2.008781135594998247e-08,-5.233838936779566797e-01,2.431883176364611177e-06
2.580000000000000000e+02,1.655378771565442775e-01,5.236004394325690647e-01,1.923512594729975108e-08,-5.233838839403035514e-01,2.337036755718353240e-06
2.590000000000000000e+02,1.655384761796107329e-01,5.236004395093297736e-01,1.842257666036457685e-08,-5.233838745824537231e-01,2.245883954761895959e-06
2.600000000000000000e+02,1.655390750159392022e-01,5.236004395828627311e-01,1.764791259028731692e-08,-5.233838655896142500e-01,2.158281484290875677e-06
2.610000000000000000e+02,1.655396736727867690e-01,5.236004396533170402e-01,1.690903780807275491e-08,-5.233838569475660618e-01,2.074091558423547655e-06
2.620000000000000000e+02,1.655402721570965185e-01,5.236004397208336991e-01,1.620400081385779416e-08,-5.233838486426424241e-01,1.993181686194912114e-06
2.630000000000000000e+02,1.655408704756038407e-01,5.236004397855461567e-01,1.553098110116664975e-08,-5.233838406617070671e-01,1.915424481095450539e-06
2.640000000000000000e+02,1.655414686347668196e-01,5.236004398475806454e-01,1.488827833871380472e-08,-5.233838329921343124e-01,1.840697456657943107e-06
2.650000000000000000e+02,1.655420666407831087e-01,5.236004399070569582e-01,1.427430670671637517e-08,-5.233838256217890894e-01,1.768882854869087751e-06
2.660000000000000000e+02,1.655426644996106644e-01,5.236004399640885598e-01,1.368757856152761420e-08,-5.233838185390080611e-01,1.699867459051212705e-06
2.670000000000000000e+02,1.655432622169765722e-01,5.236004400187831420e-01,1.312670404030042205e-08,-5.233838117325813055e-01,1.633542426256208475e-06
2.680000000000000000e+02,1.655438597983861504e-01,5.236004400712430673e-01,1.259037973807028874e-08,-5.233838051917349965e-01,1.569803115897629995e-06
2.690000000000000000e+02,1.655444572491313604e-01,5.236004401215654802e-01,1.207738011361273923e-08,-5.233837989061144169e-01,1.508548934690722430e-06
2.700000000000000000e+02,1.655450545742988278e-01,5.236004401698427513e-01,1.158655682443606587e-08,-5.233837928657678606e-01,1.449683182066215580e-06
2.710000000000000000e+02,1.655456517787778081e-01,5.236004402161629212e-01,1.111682996133455727e-08,-5.233837870611307563e-01,1.393112903976775480e-06
2.720000000000000000e+02,1.655462488672682086e-01,5.236004402606094787e-01,1.066717907466200830e-08,-5.233837814830110124e-01,1.338748740665530491e-06
2.730000000000000000e+02,1.655468458442870272e-01,5.236004403032621379e-01,1.023665032562870763e-08,-5.233837761225743623e-01,1.286504799513970517e-06
2.740000000000000000e+02,1.655474427141760962e-01,5.236004403441968380e-01,9.824339499753642305e-09,-5.233837709713304864e-01,1.236298517189349920e-06
2.750000000000000000e+02,1.655480394811087719e-01,5.236004403834859655e-01,9.429393622546788853e-09,-5.233837660211199116e-01,1.188050531233997637e-06
2.760000000000000000e+02,1.655486361490960123e-01,5.236004404211984653e-01,9.051007064588217714e-09,-5.233837612641009107e-01,1.141684562464829786e-06
2.770000000000000000e+02,1.655492327219929005e-01,5.236004404574001736e-01,8.688420489646145348e-09,-5.233837566927371787e-01,1.097127290721905158e-06
2.780000000000000000e+02,1.655498292035050278e-01,5.236004404921539290e-01,8.340914168245150870e-09,-5.233837522997861758e-01,1.054308240691998221e-06
2.790000000000000000e+02,1.655504255971935179e-01,5.236004405255197947e-01,8.007806740647120179e-09,-5.233837480782874696e-01,1.013159678385751878e-06
2.800000000000000000e+02,1.655510219064812993e-01,5.236004405575550580e-01,7.688451240096770205e-09,-5.233837440215520775e-01,9.736164999539231167e-07
2.810000000000000000e+02,1.655516181346580185e-01,5.236004405883143420e-01,7.382236209175516212e-09,-5.233837401231514752e-01,9.356161340102078734e-07
2.820000000000000000e+02,1.655522142848853129e-01,5.236004406178501602e-01,7.088584393646146641e-09,-5.233837363769079376e-01,8.990984380762511194e-07
2.830000000000000000e+02,1.655528103602020296e-01,5.236004406462123617e-01,6.806940518375465159e-09,-5.233837327768845471e-01,8.640056121064564076e-07
2.840000000000000000e+02,1.655534063635283326e-01,5.236004406734490191e-01,6.536785690075536228e-09,-5.233837293173757566e-01,8.302821052690160825e-07
2.850000000000000000e+02,1.655540022976712544e-01,5.236004406996057625e-01,6.277617268949474127e-09,-5.233837259928986185e-01,7.978745250424496254e-07
2.860000000000000000e+02,1.655545981653280541e-01,5.236004407247264458e-01,6.028965749193006322e-09,-5.233837227981837925e-01,7.667315591348555081e-07
2.870000000000000000e+02,1.655551939690914631e-01,5.236004407488530354e-01,5.790379887597147587e-09,-5.233837197281675513e-01,7.368038895997801180e-07
2.880000000000000000e+02,1.655557897114529609e-01,5.236004407720256104e-01,5.561430238203466413e-09,-5.233837167779836763e-01,7.080441206080821957e-07
2.890000000000000000e+02,1.655563853948069097e-01,5.236004407942826955e-01,5.341710122665310630e-09,-5.233837139429557972e-01,6.804067030185780205e-07
2.900000000000000000e+02,1.655569810214546078e-01,5.236004408156611500e-01,5.130828444995182246e-09,-5.233837112185897311e-01,6.538478618285968167e-07
2.910000000000000000e+02,1.655575765936077581e-01,5.236004408361961682e-01,4.928413296301784422e-09,-5.233837086005667105e-01,6.283255235372712261e-07
2.920000000000000000e+02,1.655581721133917716e-01,5.236004408559216117e-01,4.734112695843937651e-09,-5.233837060847364997e-01,6.037992548419604779e-07
2.930000000000000000e+02,1.655587675828492367e-01,5.236004408748698991e-01,4.547587425107797366e-09,-5.233837036671106224e-01,5.802302009910425632e-07
2.940000000000000000e+02,1.655593630039433051e-01,5.236004408930720055e-01,4.368514404405452273e-09,-5.233837013438563668e-01,5.575810162209944167e-07
2.950000000000000000e+02,1.655599583785604401e-01,5.236004409105577961e-01,4.196587421452579578e-09,-5.233836991112904569e-01,5.358158147653680643e-07
2.960000000000000000e+02,1.655605537085136358e-01,5.236004409273558036e-01,4.031509896825275265e-09,-5.233836969658733906e-01,5.149001082481250733e-07
2.970000000000000000e+02,1.655611489955452764e-01,5.236004409434933393e-01,3.873000720910778863e-09,-5.233836949042035558e-01,4.948007525795552802e-07
2.980000000000000000e+02,1.655617442413298557e-01,5.236004409589966047e-01,3.720792445082638615e-09,-5.233836929230123447e-01,4.754858923126033380e-07
2.990000000000000000e+02,1.655623394474764198e-01,5.236004409738909127e-01,3.574629050698977335e-09,-5.233836910191584924e-01,4.569249189152222136e-07
3.000000000000000000e+02,1.655629346155315651e-01,5.236004409882003552e-01,3.434261300881004934e-09,-5.233836891896234134e-01,4.390884147741964389e-07
3.010000000000000000e+02,1.655635297469813250e-01,5.236004410019481359e-01,3.299455293181679923e-09,-5.233836874315063170e-01,4.219481099180629721e-07
3.020000000000000000e+02,1.655641248432539459e-01,5.236004410151564592e-01,3.169984985314260829e-09,-5.233836857420195443e-01,4.054768379542712519e-07
3.030000000000000000e+02,1.655647199057218577e-01,5.236004410278466414e-01,3.045635397209507467e-09,-5.233836841184841271e-01,3.896484897293032786e-07
3.040000000000000000e+02,1.655653149357042830e-01,5.236004410400391107e-01,2.926200467343910968e-09,-5.233836825583259023e-01,3.744379723730920847e-07
3.050000000000000000e+02,1.655659099344684582e-01,5.236004410517536289e-01,2.811483520507403196e-09,-5.233836810590709598e-01,3.598211786303881115e-07
3.060000000000000000e+02,1.655665049032327141e-01,5.236004410630089589e-01,2.701292398973850837e-09,-5.233836796183420903e-01,3.457749360098240109e-07
3.070000000000000000e+02,1.655670998431674756e-01,5.236004410738233084e-01,2.595447917683297893e-09,-5.233836782338546767e-01,3.322769793945078795e-07
3.080000000000000000e+02,1.655676947553979539e-01,5.236004410842139967e-01,2.493773633503028832e-09,-5.233836769034133640e-01,3.193059082888438973e-07
3.090000000000000000e+02,1.655682896410051730e-01,5.236004410941977882e-01,2.396104216120792390e-09,-5.233836756249085065e-01,3.068411580933628089e-07
3.100000000000000000e+02,1.655688845010280519e-01,5.236004411037905593e-01,2.302277968133575607e-09,-5.233836743963128368e-01,2.948629696748604823e-07
3.110000000000000000e+02,1.655694793364647643e-01,5.236004411130078529e-01,2.212145000630786134e-09,-5.233836732156780247e-01,2.833523535681127981e-07
3.120000000000000000e+02,1.655700741482750427e-01,5.236004411218643240e-01,2.125554494368643057e-09,-5.233836720811319010e-01,2.722910580059393270e-07
3.130000000000000000e+02,1.655706689373807883e-01,5.236004411303741835e-01,2.042368217141576665e-09,-5.233836709908754603e-01,2.616615450617738163e-07
3.140000000000000000e+02,1.655712637046680424e-01,5.236004411385510871e-01,1.962450274776533917e-09,-5.233836699431797523e-01,2.514469642561177129e-07
3.150000000000000000e+02,1.655718584509883184e-01,5.236004411464080244e-01,1.885670089012916639e-09,-5.233836689363834394e-01,2.416311185008763694e-07
3.160000000000000000e+02,1.655724531771597952e-01,5.236004411539576520e-01,1.811905351025662154e-09,-5.233836679688899096e-01,2.321984448197001949e-07
3.170000000000000000e+02,1.655730478839688158e-01,5.236004411612119602e-01,1.741034406680080144e-09,-5.233836670391649459e-01,2.231339877660899467e-07
3.180000000000000000e+02,1.655736425721711647e-01,5.236004411681826065e-01,1.672944410038635967e-09,-5.233836661457341721e-01,2.144233731237677563e-07
3.190000000000000000e+02,1.655742372424930386e-01,5.236004411748805820e-01,1.607523700179783765e-09,-5.233836652871808326e-01,2.060527886192864846e-07
3.200000000000000000e+02,1.655748318956320186e-01,5.236004411813166559e-01,1.544670084855846271e-09,-5.233836644621434608e-01,1.980089632838312194e-07
3.210000000000000000e+02,1.655754265322588459e-01,5.236004411875011533e-01,1.484280333391148712e-09,-5.233836636693136590e-01,1.902791434938929690e-07
3.220000000000000000e+02,1.655760211530180326e-01,5.236004411934438441e-01,1.426255870166844192e-09,-5.233836629074342106e-01,1.828510706636616331e-07
3.230000000000000000e+02,1.655766157585287501e-01,5.236004411991542762e-01,1.370505555770694729e-09,-5.233836621752968599e-01,1.757129679040430483e-07
3.240000000000000000e+02,1.655772103493862446e-01,5.236004412046415535e-01,1.316938032328081343e-09,-5.233836614717405356e-01,1.688535154529991217e-07
3.250000000000000000e+02,1.655778049261624196e-01,5.236004412099143357e-01,1.265467187598411650e-09,-5.233836607956495746e-01,1.622618351845396911e-07
3.260000000000000000e+02,1.655783994894068079e-01,5.236004412149810605e-01,1.216012437951693733e-09,-5.233836601459517235e-01,1.559274758051770191e-07
3.270000000000000000e+02,1.655789940396476534e-01,5.236004412198498326e-01,1.168493507364726735e-09,-5.233836595216168064e-01,1.498403908638867942e-07
3.280000000000000000e+02,1.655795885773923282e-01,5.236004412245283124e-01,1.122833399270940159e-09,-5.233836589216546153e-01,1.439909308680679447e-07
3.290000000000000000e+02,1.655801831031286642e-01,5.236004412290239385e-01,1.078961151824459667e-09,-5.233836583451136892e-01,1.383698185996152743e-07
3.300000000000000000e+02,1.655807776173252865e-01,5.236004412333439273e-01,1.036806739747328185e-09,-5.233836577910797594e-01,1.329681387911529405e-07
3.310000000000000000e+02,1.655813721204326405e-01,5.236004412374951622e-01,9.963012178876295095e-10,-5.233836572586741953e-01,1.277773269008200006e-07
3.320000000000000000e+02,1.655819666128836576e-01,5.236004412414841935e-01,9.573795652994185807e-10,-5.233836567470527834e-01,1.227891508282578698e-07
3.330000000000000000e+02,1.655825610950939775e-01,5.236004412453174606e-01,9.199808692283280763e-10,-5.233836562554040617e-01,1.179957034202570391e-07
3.340000000000000000e+02,1.655831555674635580e-01,5.236004412490009585e-01,8.840431088595605870e-10,-5.233836557829483205e-01,1.133893810149502931e-07
3.350000000000000000e+02,1.655837500303764809e-01,5.236004412525405716e-01,8.495112928789944225e-10,-5.233836553289363813e-01,1.089628775993457283e-07
3.360000000000000000e+02,1.655843444842017287e-01,5.236004412559419618e-01,8.163296211412657187e-10,-5.233836548926481536e-01,1.047091755069425760e-07
3.370000000000000000e+02,1.655849389292941287e-01,5.236004412592104584e-01,7.844443533146194965e-10,-5.233836544733917462e-01,1.006215281570812619e-07
3.380000000000000000e+02,1.655855333659945750e-01,5.236004412623512794e-01,7.538064216337526217e-10,-5.233836540705023577e-01,9.669345132007303735e-08
3.390000000000000000e+02,1.655861277946304444e-01,5.236004412653694207e-01,7.243664413193174196e-10,-5.233836536833410547e-01,9.291871918175405295e-08
3.400000000000000000e+02,1.655867222155165130e-01,5.236004412682697673e-01,6.960773834754760145e-10,-5.233836533112937728e-01,8.929134578383954742e-08
3.410000000000000000e+02,1.655873166289555110e-01,5.236004412710568712e-01,6.688919784282652088e-10,-5.233836529537705395e-01,8.580557597191457589e-08
3.420000000000000000e+02,1.655879110352379835e-01,5.236004412737350622e-01,6.427682888534012955e-10,-5.233836526102043640e-01,8.245588331621218894e-08
3.430000000000000000e+02,1.655885054346431240e-01,5.236004412763086702e-01,6.176670430231868843e-10,-5.233836522800503488e-01,7.923695636616909652e-08
3.440000000000000000e+02,1.655890998274395509e-01,5.236004412787818030e-01,5.935464609982647567e-10,-5.233836519627850237e-01,7.614368864410295425e-08
3.450000000000000000e+02,1.655896942138850858e-01,5.236004412811583464e-01,5.703676225983555728e-10,-5.233836516579051246e-01,7.317117714301177960e-08
3.460000000000000000e+02,1.655902885942276692e-01,5.236004412834420751e-01,5.480946837244168758e-10,-5.233836513649271494e-01,7.031470611294824055e-08
3.470000000000000000e+02,1.655908829687055273e-01,5.236004412856366530e-01,5.266921634526555721e-10,-5.233836510833865807e-01,6.756974540672006538e-08
3.480000000000000000e+02,1.655914773375475602e-01,5.236004412877455216e-01,5.061251175599631533e-10,-5.233836508128367759e-01,6.493194379287581166e-08
3.490000000000000000e+02,1.655920717009738141e-01,5.236004412897720117e-01,4.863618276149518288e-10,-5.233836505528487448e-01,6.239711434180880631e-08
3.500000000000000000e+02,1.655926660591955091e-01,5.236004412917193429e-01,4.673713367179371500e-10,-5.233836503030102616e-01,5.996124048169671877e-08
3.510000000000000000e+02,1.655932604124157881e-01,5.236004412935907348e-01,4.491233385202339434e-10,-5.233836500629249766e-01,5.762045997909360908e-08
3.520000000000000000e+02,1.655938547608301059e-01,5.236004412953889631e-01,4.315857677301488097e-10,-5.233836498322121944e-01,5.537105734899081076e-08
3.530000000000000000e+02,1.655944491046257849e-01,5.236004412971170252e-01,4.147354303299977269e-10,-5.233836496105060965e-01,5.320946779132887452e-08
3.540000000000000000e+02,1.655950434439832086e-01,5.236004412987775858e-01,3.985420861836503584e-10,-5.233836493974549642e-01,5.113226393466999882e-08
3.550000000000000000e+02,1.655956377790755996e-01,5.236004413003733093e-01,3.829818818708399279e-10,-5.233836491927209567e-01,4.913614883529877311e-08
3.560000000000000000e+02,1.655962321100694357e-01,5.236004413019067494e-01,3.680293902347811463e-10,-5.233836489959794447e-01,4.721795772049328828e-08
3.570000000000000000e+02,1.655968264371246723e-01,5.236004413033803484e-01,3.536603917630682952e-10,-5.233836488069183446e-01,4.537465097978812521e-08
3.580000000000000000e+02,1.655974207603951032e-01,5.236004413047964379e-01,3.398517847272838360e-10,-5.233836486252378961e-01,4.360330186071092470e-08
3.590000000000000000e+02,1.655980150800284156e-01,5.236004413061572382e-01,3.265818250065673342e-10,-5.233836484506499964e-01,4.190110369988292492e-08
3.600000000000000000e+02,1.655986093961664407e-01,5.236004413074648589e-01,3.138300776783024773e-10,-5.233836482828776449e-01,4.026535775206888885e-08
3.610000000000000000e+02,1.655992037089457636e-01,5.236004413087214093e-01,3.015774835465303105e-10,-5.233836481216548320e-01,3.869346669994337055e-08
3.620000000000000000e+02,1.655997980184973351e-01,5.236004413099288879e-01,2.898037725812002626e-10,-5.233836479667258734e-01,3.718293983360200232e-08
3.630000000000000000e+02,1.656003923249472487e-01,5.236004413110892930e-01,2.784901209960953438e-10,-5.233836478178450768e-01,3.573138058326532527e-08
3.640000000000000000e+02,1.656009866284165188e-01,5.236004413122044010e-01,2.676165964942924010e-10,-5.233836476747764088e-01,3.433648806639324880e-08
3.650000000000000000e+02,1.656015809290215246e-01,5.236004413132758772e-01,2.571674573177698345e-10,-5.233836475372928287e-01,3.299605029014109330e-08
3.660000000000000000e+02,1.656021752268738711e-01,5.236004413143056091e-01,2.471286583295110076e-10,-5.233836474051763998e-01,3.170794094574360846e-08
3.670000000000000000e+02,1.656027695220812779e-01,5.236004413152951509e-01,2.374797145637561770e-10,-5.233836472782176230e-01,3.047011663849404258e-08
3.680000000000000000e+02,1.656033638147466625e-01,5.236004413162460569e-01,2.282072590409644466e-10,-5.233836471562151038e-01,2.928061705584408443e-08
3.690000000000000000e+02,1.656039581049695009e-01,5.236004413171597704e-01,2.192968959288299743e-10,-5.233836470389753304e-01,2.813755225308270753e-08
3.700000000000000000e+02,1.656045523928449115e-01,5.236004413180378458e-01,2.107360801663345695e-10,-5.233836469263123403e-01,2.703911110541701604e-08
3.710000000000000000e+02,1.656051466784647375e-01,5.236004413188816153e-01,2.025087075556223005e-10,-5.233836468180474988e-01,2.598354940188788579e-08
3.720000000000000000e+02,1.656057409619168808e-01,5.236004413196924112e-01,1.946031859129040815e-10,-5.233836467140091653e-01,2.496919465208961717e-08
3.730000000000000000e+02,1.656063352432859126e-01,5.236004413204715657e-01,1.870070675043209582e-10,-5.233836466140323607e-01,2.399443859958402130e-08
3.740000000000000000e+02,1.656069295226530180e-01,5.236004413212203001e-01,1.797072619091244662e-10,-5.233836465179584341e-01,2.305773768865515951e-08
3.750000000000000000e+02,1.656075238000965510e-01,5.236004413219398357e-01,1.726925164378331140e-10,-5.233836464256350629e-01,2.215760265642435664e-08
3.760000000000000000e+02,1.656081180756915627e-01,5.236004413226312826e-01,1.659508626614102827e-10,-5.233836463369159198e-01,2.129260668832863658e-08
3.770000000000000000e+02,1.656087123495099678e-01,5.236004413232957511e-01,1.594723959982700097e-10,-5.233836462516601173e-01,2.046138175322973214e-08
3.780000000000000000e+02,1.656093066216214327e-01,5.236004413239342403e-01,1.532464713891986620e-10,-5.233836461697326525e-01,1.966260317520702934e-08
3.790000000000000000e+02,1.656099008920922377e-01,5.236004413245478606e-01,1.472645372328454156e-10,-5.233836460910034072e-01,1.889500957843674597e-08
3.800000000000000000e+02,1.656104951609866649e-01,5.236004413251375000e-01,1.415147819091396305e-10,-5.233836460153477033e-01,1.815737987514327427e-08
3.810000000000000000e+02,1.656110894283660540e-01,5.236004413257041579e-01,1.359901098922468902e-10,-5.233836459426454146e-01,1.744854759702647528e-08
3.820000000000000000e+02,1.656116836942896631e-01,5.236004413262486112e-01,1.306802354269811662e-10,-5.233836458727813001e-01,1.676738615155878914e-08
3.830000000000000000e+02,1.656122779588141691e-01,5.236004413267718594e-01,1.255796469309984842e-10,-5.233836458056445595e-01,1.611281584114328300e-08
3.840000000000000000e+02,1.656128722219942784e-01,5.236004413272746794e-01,1.206769763084613142e-10,-5.233836457411287224e-01,1.548379830436662866e-08
3.850000000000000000e+02,1.656134664838823656e-01,5.236004413277578484e-01,1.159657387022189510e-10,-5.233836456791315372e-01,1.487933692887746111e-08
3.860000000000000000e+02,1.656140607445288349e-01,5.236004413282221437e-01,1.114389447129120374e-10,-5.233836456195545273e-01,1.429847458546046519e-08
3.870000000000000000e+02,1.656146550039822030e-01,5.236004413286683423e-01,1.070891535205919840e-10,-5.233836455623033235e-01,1.374028559586618904e-08
3.880000000000000000e+02,1.656152492622890438e-01,5.236004413290971105e-01,1.029084735612832630e-10,-5.233836455072871097e-01,1.320388790107050007e-08
3.890000000000000000e+02,1.656158435194939882e-01,5.236004413295091142e-01,9.889128104836175109e-11,-5.233836454544186223e-01,1.268843049515139724e-08
3.900000000000000000e+02,1.656164377756401129e-01,5.236004413299051308e-01,9.503153176424222865e-11,-5.233836454036140395e-01,1.219309518135985312e-08
3.910000000000000000e+02,1.656170320307687738e-01,5.236004413302856042e-01,9.132015349166120759e-11,-5.233836453547927592e-01,1.171709720026090552e-08
3.920000000000000000e+02,1.656176262849195779e-01,5.236004413306512006e-01,8.775564557565495928e-11,-5.233836453078773987e-01,1.125968032330818139e-08
3.930000000000000000e+02,1.656182205381305783e-01,5.236004413310025862e-01,8.433087993640066625e-11,-5.233836452627935731e-01,1.082012126908698589e-08
3.940000000000000000e+02,1.656188147904386343e-01,5.236004413313402051e-01,8.103831522214449946e-11,-5.233836452194697841e-01,1.039772225623138300e-08
3.950000000000000000e+02,1.656194090418787457e-01,5.236004413316647232e-01,7.787548830492214150e-11,-5.233836451778371979e-01,9.991814751948376698e-09
3.960000000000000000e+02,1.656200032924851351e-01,5.236004413319765849e-01,7.483422366437861105e-11,-5.233836451378298671e-01,9.601750658701190265e-09
3.970000000000000000e+02,1.656205975422900822e-01,5.236004413322762341e-01,7.191138920795073176e-11,-5.233836450993843981e-01,9.226913364451907577e-09
3.980000000000000000e+02,1.656211917913248399e-01,5.236004413325641149e-01,6.910356047911615444e-11,-5.233836450624397285e-01,8.866710435375544811e-09
3.990000000000000000e+02,1.656217860396194397e-01,5.236004413328407825e-01,6.640704574206892345e-11,-5.233836450269373497e-01,8.520568056189444563e-09
4.000000000000000000e+02,1.656223802872028306e-01,5.236004413331066809e-01,6.381520020120312840e-11,-5.233836449928209733e-01,8.187939268486523775e-09
4.010000000000000000e+02,1.656229745341026571e-01,5.236004413333621432e-01,6.132379022272679872e-11,-5.233836449600364205e-01,7.868297246706359703e-09
4.020000000000000000e+02,1.656235687803455647e-01,5.236004413336077246e-01,5.893096603458131845e-11,-5.233836449285317327e-01,7.561133017545505043e-09
4.030000000000000000e+02,1.656241630259574216e-01,5.236004413338436470e-01,5.662934437355960997e-11,-5.233836448982569500e-01,7.265959881931423184e-09
4.040000000000000000e+02,1.656247572709625415e-01,5.236004413340703545e-01,5.441931002524435058e-11,-5.233836448691639998e-01,6.982310768631870948e-09
4.050000000000000000e+02,1.656253515153847944e-01,5.236004413342882913e-01,5.229566882672012813e-11,-5.233836448412068076e-01,6.709733719899539098e-09
4.060000000000000000e+02,1.656259457592468287e-01,5.236004413344976793e-01,5.025302345628829148e-11,-5.233836448143409648e-01,6.447798066576388667e-09
4.070000000000000000e+02,1.656265400025705714e-01,5.236004413346988517e-01,4.829110515747456742e-11,-5.233836447885239496e-01,6.196086702641710511e-09
4.080000000000000000e+02,1.656271342453768392e-01,5.236004413348922526e-01,4.640676432863411799e-11,-5.233836447637147948e-01,5.954202671661070981e-09
4.090000000000000000e+02,1.656277284876860045e-01,5.236004413350781039e-01,4.459402260187881165e-11,-5.233836447398740876e-01,5.721761494326502142e-09
4.100000000000000000e+02,1.656283227295174965e-01,5.236004413352566278e-01,4.285200303217475269e-11,-5.233836447169640804e-01,5.498391421767340233e-09
4.110000000000000000e+02,1.656289169708896614e-01,5.236004413354281573e-01,4.117976256097312645e-11,-5.233836446949484689e-01,5.283743046588671105e-09
4.120000000000000000e+02,1.656295112118204849e-01,5.236004413355930254e-01,3.957339600155559180e-11,-5.233836446737922810e-01,5.077474406975203410e-09
4.130000000000000000e+02,1.656301054523272864e-01,5.236004413357514542e-01,3.802889997109417516e-11,-5.233836446534619880e-01,4.879257889498565462e-09
4.140000000000000000e+02,1.656306996924266084e-01,5.236004413359037768e-01,3.654476629458518431e-11,-5.233836446339253934e-01,4.688778235922997607e-09
4.150000000000000000e+02,1.656312939321342714e-01,5.236004413360501042e-01,3.511668907667637820e-11,-5.233836446151515220e-01,4.505735826397566837e-09
4.160000000000000000e+02,1.656318881714654578e-01,5.236004413361906584e-01,3.374552815099221449e-11,-5.233836445971105089e-01,4.329840158575248294e-09
4.170000000000000000e+02,1.656324824104349058e-01,5.236004413363257726e-01,3.242937238048377624e-11,-5.233836445797738213e-01,4.160810806283933198e-09
4.180000000000000000e+02,1.656330766490567430e-01,5.236004413364556687e-01,3.116346304599686540e-11,-5.233836445631139256e-01,3.998380530256952577e-09
4.190000000000000000e+02,1.656336708873445696e-01,5.236004413365804577e-01,2.994559847711822565e-11,-5.233836445471043985e-01,3.842290783431793003e-09
4.200000000000000000e+02,1.656342651253112641e-01,5.236004413367003618e-01,2.877615856215473128e-11,-5.233836445317198161e-01,3.692295056313809058e-09
4.210000000000000000e+02,1.656348593629695387e-01,5.236004413368156030e-01,2.765268408694902986e-11,-5.233836445169358642e-01,3.548153116574785535e-09
4.220000000000000000e+02,1.656354536003311617e-01,5.236004413369262922e-01,2.657264585230407191e-11,-5.233836445027290063e-01,3.409639760136246563e-09
4.230000000000000000e+02,1.656360478374078737e-01,5.236004413370326516e-01,2.553605110630989997e-11,-5.233836444890768158e-01,3.276532982762783758e-09
4.240000000000000000e+02,1.656366420742106382e-01,5.236004413371349031e-01,2.454013481237206642e-11,-5.233836444759575324e-01,3.148623482189964004e-09
4.250000000000000000e+02,1.656372363107502521e-01,5.236004413372331578e-01,2.358202574651596919e-11,-5.233836444633503948e-01,3.025706249074891472e-09
4.260000000000000000e+02,1.656378305470369849e-01,5.236004413373275268e-01,2.266143828752607663e-11,-5.233836444512354191e-01,2.907586596240899252e-09
4.270000000000000000e+02,1.656384247830805512e-01,5.236004413374182320e-01,2.177799954380984401e-11,-5.233836444395933984e-01,2.794079003143324403e-09
4.280000000000000000e+02,1.656390190188904710e-01,5.236004413375053845e-01,2.092856134352577105e-11,-5.233836444284059031e-01,2.685002728146220516e-09
4.290000000000000000e+02,1.656396132544758204e-01,5.236004413375892064e-01,2.011255225793050733e-11,-5.233836444176551694e-01,2.580184891366274219e-09
4.300000000000000000e+02,1.656402074898453980e-01,5.236004413376696975e-01,1.932669156744811244e-11,-5.233836444073241001e-01,2.479460394437407002e-09
4.310000000000000000e+02,1.656408017250075582e-01,5.236004413377470801e-01,1.857292165841621228e-11,-5.233836443973963748e-01,2.382667211999113337e-09
4.320000000000000000e+02,1.656413959599703778e-01,5.236004413378214650e-01,1.784775910776928478e-11,-5.233836443878561173e-01,2.289653826779613562e-09
4.330000000000000000e+02,1.656419901947418227e-01,5.236004413378929634e-01,1.715034583418933232e-11,-5.233836443786883397e-01,2.200268493676938991e-09
4.340000000000000000e+02,1.656425844293291372e-01,5.236004413379615752e-01,1.647973750245587782e-11,-5.233836443698784979e-01,2.114373873275390052e-09
4.350000000000000000e+02,1.656431786637392878e-01,5.236004413380275224e-01,1.583762102687680769e-11,-5.233836443614124923e-01,2.031834242582972245e-09
4.360000000000000000e+02,1.656437728979795743e-01,5.236004413380909162e-01,1.522022171974669683e-11,-5.233836443532770000e-01,1.952514251247554650e-09
4.370000000000000000e+02,1.656443671320563804e-01,5.236004413381518674e-01,1.462643442564610686e-11,-5.233836443454591425e-01,1.876291511241272445e-09
4.380000000000000000e+02,1.656449613659760622e-01,5.236004413382103762e-01,1.405503788705077777e-11,-5.233836443379464853e-01,1.803045364429438756e-09
4.390000000000000000e+02,1.656455555997446982e-01,5.236004413382666645e-01,1.350747096813974382e-11,-5.233836443307270381e-01,1.732658764243778529e-09
4.400000000000000000e+02,1.656461498333684224e-01,5.236004413383207323e-01,1.297974656763600031e-11,-5.233836443237894764e-01,1.665017824970710398e-09
4.410000000000000000e+02,1.656467440668525637e-01,5.236004413383726908e-01,1.247318008113731463e-11,-5.233836443171226982e-01,1.600018891899652371e-09
4.420000000000000000e+02,1.656473383002027844e-01,5.236004413384226508e-01,1.198634737043034190e-11,-5.233836443107162673e-01,1.537555958129249368e-09
4.430000000000000000e+02,1.656479325334239971e-01,5.236004413384706124e-01,1.151781964593426117e-11,-5.233836443045598585e-01,1.477534346166790143e-09
4.440000000000000000e+02,1.656485267665214756e-01,5.236004413385166867e-01,1.106872749333408345e-11,-5.233836442986438131e-01,1.419853935103335606e-09
4.450000000000000000e+02,1.656491209994999103e-01,5.236004413385609846e-01,1.063752941686835846e-11,-5.233836442929586941e-01,1.364425418027052726e-09
4.460000000000000000e+02,1.656497152323639921e-01,5.236004413386036171e-01,1.022262741066299236e-11,-5.233836442874955086e-01,1.311160723455885689e-09
4.470000000000000000e+02,1.656503094651181895e-01,5.236004413386445844e-01,9.822388165935985341e-12,-5.233836442822455970e-01,1.259975023006498748e-09
4.480000000000000000e+02,1.656509036977666938e-01,5.236004413386838863e-01,9.437787183976764241e-12,-5.233836442772006325e-01,1.210786972605376834e-09
4.490000000000000000e+02,1.656514979303135293e-01,5.236004413387216339e-01,9.069814027686218153e-12,-5.233836442723526217e-01,1.163520474845296832e-09
4.500000000000000000e+02,1.656520921627627763e-01,5.236004413387579381e-01,8.716662520435874240e-12,-5.233836442676939038e-01,1.118098109097625519e-09
4.510000000000000000e+02,1.656526863951181261e-01,5.236004413387927992e-01,8.376573218110693350e-12,-5.233836442632170405e-01,1.074450369800789618e-09
4.520000000000000000e+02,1.656532806273832148e-01,5.236004413388263279e-01,8.050384607960034668e-12,-5.233836442589149263e-01,1.032506310483243760e-09
4.530000000000000000e+02,1.656538748595616506e-01,5.236004413388585244e-01,7.736257238431425177e-12,-5.233836442547807888e-01,9.921996433361095683e-10
4.540000000000000000e+02,1.656544690916567364e-01,5.236004413388894996e-01,7.434943253635380518e-12,-5.233836442508079667e-01,9.534668404942886018e-10
4.550000000000000000e+02,1.656550633236718029e-01,5.236004413389192536e-01,7.144532700464541073e-12,-5.233836442469902428e-01,9.162442955964451321e-10
4.560000000000000000e+02,1.656556575556098476e-01,5.236004413389478973e-01,6.865753378145907448e-12,-5.233836442433216218e-01,8.804747790264666878e-10
4.570000000000000000e+02,1.656562517874738405e-01,5.236004413389754308e-01,6.596613988149706730e-12,-5.233836442397962196e-01,8.461028756177723861e-10
4.580000000000000000e+02,1.656568460192666403e-01,5.236004413390018541e-01,6.337805557712816095e-12,-5.233836442364083741e-01,8.130738524643116164e-10
4.590000000000000000e+02,1.656574402509911337e-01,5.236004413390272783e-01,6.089941206925696588e-12,-5.233836442331528671e-01,7.813317784272664036e-10
4.600000000000000000e+02,1.656580344826497631e-01,5.236004413390517032e-01,5.850975571087179274e-12,-5.233836442300243696e-01,7.508307077719760337e-10
4.610000000000000000e+02,1.656586287142452762e-01,5.236004413390751289e-01,5.621502341583434411e-12,-5.233836442270179967e-01,7.215187200451600203e-10
4.620000000000000000e+02,1.656592229457800047e-01,5.236004413390976664e-01,5.402081979705146575e-12,-5.233836442241290854e-01,6.933501336428284022e-10
4.630000000000000000e+02,1.656598171772561690e-01,5.236004413391193157e-01,5.190601549392831055e-12,-5.233836442213528617e-01,6.662842770955793812e-10
4.640000000000000000e+02,1.656604114086763224e-01,5.236004413391400769e-01,4.987566950946556930e-12,-5.233836442186851068e-01,6.402720959071194798e-10
4.650000000000000000e+02,1.656610056400422970e-01,5.236004413391600609e-01,4.793498122268867166e-12,-5.233836442161214908e-01,6.152781927670024575e-10
4.660000000000000000e+02,1.656615998713564242e-01,5.236004413391792678e-01,4.606192048407370922e-12,-5.233836442136579059e-01,5.912593732018548190e-10
4.670000000000000000e+02,1.656621941026206746e-01,5.236004413391976975e-01,4.426149619444739686e-12,-5.233836442112904663e-01,5.681778328308057688e-10
4.680000000000000000e+02,1.656627883338369633e-01,5.236004413392154611e-01,4.253774313637033689e-12,-5.233836442090155083e-01,5.459960936271371805e-10
4.690000000000000000e+02,1.656633825650071501e-01,5.236004413392324475e-01,4.086840135163456361e-12,-5.233836442068293682e-01,5.246810268411459566e-10
4.700000000000000000e+02,1.656639767961328169e-01,5.236004413392487677e-01,3.928456970864125084e-12,-5.233836442047284931e-01,5.041996034130882963e-10
4.710000000000000000e+02,1.656645710272159622e-01,5.236004413392645329e-01,3.776319676185187070e-12,-5.233836442027096636e-01,4.845153556280333499e-10
4.720000000000000000e+02,1.656651652582581402e-01,5.236004413392796319e-01,3.628165873231262395e-12,-5.233836442007696599e-01,4.656006464043638801e-10
4.730000000000000000e+02,1.656657594892607943e-01,5.236004413392941759e-01,3.486978611640396733e-12,-5.233836441989053734e-01,4.474239909393873337e-10
4.740000000000000000e+02,1.656663537202256453e-01,5.236004413393081647e-01,3.350504277784631997e-12,-5.233836441971139175e-01,4.299567495569794141e-10
4.750000000000000000e+02,1.656669479511539977e-01,5.236004413393215984e-01,3.219054060014081964e-12,-5.233836441953924057e-01,4.131728869846882656e-10
4.760000000000000000e+02,1.656675421820472394e-01,5.236004413393344770e-01,3.092931033458503390e-12,-5.233836441937380624e-01,3.970440390563218151e-10
4.770000000000000000e+02,1.656681364129067857e-01,5.236004413393469115e-01,2.972488504322601455e-12,-5.233836441921483340e-01,3.815440692822869110e-10
4.780000000000000000e+02,1.656687306437339691e-01,5.236004413393587908e-01,2.855320735272577918e-12,-5.233836441906206671e-01,3.666499756771332163e-10
4.790000000000000000e+02,1.656693248745298719e-01,5.236004413393702261e-01,2.744429836162261296e-12,-5.233836441891526192e-01,3.523377330602152314e-10
4.800000000000000000e+02,1.656699191052958264e-01,5.236004413393812174e-01,2.637384706909438549e-12,-5.233836441877418588e-01,3.385835658067539481e-10
