# Time, SliderHeight, Motor1Pos, Motor1Vel, Motor2Pos, Motor2Vel
0.000000000000000000e+00,2.600000000000000089e-01,0.000000000000000000e+00,0.000000000000000000e+00,0.000000000000000000e+00,0.000000000000000000e+00
1.000000000000000000e+00,-6.002179403842733407e-02,5.687236785888671875e-03,1.364936828613281250e+00,3.510105467077368228e-04,8.424253120985683574e-02
2.000000000000000000e+00,-8.053553482332315161e-02,1.720206141471862515e-02,2.763557910919189009e+00,-6.273314084552132110e-03,-1.589837911502368639e+00
3.000000000000000000e+00,-3.648599583776280797e-01,3.497414767742157427e-02,4.265300703048707121e+00,-1.791189028001487910e-02,-2.793258286911059152e+00
4.000000000000000000e+00,6.884082819232593131e-01,4.473021310567856790e-02,2.341455702781678028e+00,-2.061136891841665666e-02,-6.478748732164265611e-01
5.000000000000000000e+00,-2.110560535483335665e-01,6.073222174048424626e-02,3.840482072353363474e+00,-3.082013710176383439e-02,-2.450104364003322654e+00
6.000000000000000000e+00,5.773755679778043159e-01,6.957508576333523709e-02,2.122287365484237576e+00,-3.232910473355060654e-02,-3.621522316288254828e-01
7.000000000000000000e+00,-1.184235815456620711e-01,8.427928792613745279e-02,3.529008519072533101e+00,-4.151657627425072578e-02,-2.204993169768028061e+00
8.000000000000000000e+00,4.810372974663360002e-01,9.368880606154800228e-02,2.258284352498530545e+00,-4.381010647910298095e-02,-5.504472491645413523e-01
9.000000000000000000e+00,-8.126711765330540960e-02,1.085479916613715928e-01,3.566204543957661954e+00,-5.335699591686811349e-02,-2.291253465063632255e+00
1.000000000000000000e+01,5.040510882882071053e-01,1.161786372793988664e-01,1.831354948326544552e+00,-5.395996873593181253e-02,-1.447134765752879915e-01
1.100000000000000000e+01,-3.557379216220665774e-02,1.292307545542666081e-01,3.132508145968255775e+00,-6.182102948324698366e-02,-1.886654579355640404e+00
1.200000000000000000e+01,3.618183737425326729e-01,1.393737944781734406e-01,2.434329581737640691e+00,-6.575952553400725431e-02,-9.452390521824654002e-01
1.300000000000000000e+01,4.103618803964870221e-03,1.534617620247561154e-01,3.381112211179843730e+00,-7.401248861022589887e-02,-1.980711138292476026e+00
1.400000000000000000e+01,3.235132698102910487e-02,1.602564463798366590e-01,1.630724245219330015e+00,-7.443009658456860300e-02,-1.002259138422492146e-01
1.500000000000000000e+01,-1.580752937112461787e-01,1.729209729836132525e-01,3.039486384906381566e+00,-8.146778801501708411e-02,-1.689045943307633912e+00
1.600000000000000000e+01,-7.092049369707550954e-02,1.815232910638224784e-01,2.064556339250215977e+00,-8.475972467143164102e-02,-7.900647975394927691e-01
1.700000000000000000e+01,-3.759021562459642363e-01,1.950593481592987621e-01,3.248653702914306329e+00,-9.359643089901351076e-02,-2.120809494619649627e+00
1.800000000000000000e+01,7.099186351904013259e-03,2.009448132037509605e-01,1.412511610668528705e+00,-9.447828437206992613e-02,-2.116448335335401332e-01
1.900000000000000000e+01,-2.713096441949453541e-01,2.119045067560614837e-01,2.630326452554522909e+00,-1.010110985228926117e-01,-1.567875396197445870e+00
2.000000000000000000e+01,5.981307503751346344e-01,2.203787275015063607e-01,2.033812978906770486e+00,-1.064070473252953231e-01,-1.295027712576650503e+00
2.100000000000000000e+01,2.306297773465929568e-01,2.312053776853156828e-01,2.598396044114238634e+00,-1.157500454936457868e-01,-2.242319560404112178e+00
2.200000000000000000e+01,3.343117594260812120e-01,2.381258371835535126e-01,1.660910279577082260e+00,-1.209411837961426872e-01,-1.245873192599256551e+00
2.300000000000000000e+01,1.817869300446169067e-01,2.472437766223179179e-01,2.188305465303455932e+00,-1.310813413540971861e-01,-2.433637813909081515e+00
2.400000000000000000e+01,2.685309652531949753e-01,2.544002902831757340e-01,1.717563278605874100e+00,-1.393362510068429649e-01,-1.981178316658989136e+00
2.500000000000000000e+01,2.078534248909892357e-01,2.623005484634152729e-01,1.896061963257493321e+00,-1.501168752797995554e-01,-2.587349825509585255e+00
2.600000000000000000e+01,2.336083906490275253e-01,2.695414580488364464e-01,1.737818300501080770e+00,-1.607000838314091296e-01,-2.539970052386295141e+00
2.700000000000000000e+01,2.193281690582506993e-01,2.766621968970442436e-01,1.708977323569868423e+00,-1.719472984021803985e-01,-2.699331496985105883e+00
2.800000000000000000e+01,2.202879962081381593e-01,2.834084506475100795e-01,1.619100900111807073e+00,-1.835141044461238713e-01,-2.776033450546432135e+00
2.900000000000000000e+01,2.804487796776334863e-01,2.897487827220412981e-01,1.521679697887495131e+00,-1.953310216906823105e-01,-2.836060138694025845e+00
3.000000000000000000e+01,3.161807953700418450e-01,2.956405533622669668e-01,1.414024953654165584e+00,-2.070366155007324072e-01,-2.809342514412022318e+00
3.100000000000000000e+01,2.522741967509123939e-01,3.010627257768184739e-01,1.301321379492361263e+00,-2.184506545274413902e-01,-2.739369366410153717e+00
3.200000000000000000e+01,2.500074576917074576e-01,3.060480023572329511e-01,1.196466379299472305e+00,-2.294909140296838013e-01,-2.649662280538180870e+00
3.300000000000000000e+01,2.464726538518038079e-01,3.106628416612282617e-01,1.107561432958880321e+00,-2.401662988210971350e-01,-2.562092349939198321e+00
3.400000000000000000e+01,2.461591471266173503e-01,3.150368176669957054e-01,1.049754241384184050e+00,-2.504106631349255485e-01,-2.458647435318813468e+00
3.500000000000000000e+01,2.447156309466718693e-01,3.192372241113556885e-01,1.008097546646400389e+00,-2.602033558908757316e-01,-2.350246261428045269e+00
3.600000000000000000e+01,2.405904842948108358e-01,3.233458028877354007e-01,9.860589063311256952e-01,-2.696774581155469974e-01,-2.273784533921106465e+00
3.700000000000000000e+01,2.345514762147689058e-01,3.273953580836572730e-01,9.718932470212546804e-01,-2.790605138910970950e-01,-2.251933386132022985e+00
3.800000000000000000e+01,2.298616357473992067e-01,3.314158008080826945e-01,9.649062538620984952e-01,-2.885282675480689285e-01,-2.272260877673239143e+00
3.900000000000000000e+01,2.286107552593257819e-01,3.353832977040505647e-01,9.521992550322850857e-01,-2.980754083444934199e-01,-2.291313791141878387e+00
4.000000000000000000e+01,2.291117732911619187e-01,3.392706290206816133e-01,9.329595159914583213e-01,-3.076114302322501826e-01,-2.288645253061625695e+00
4.100000000000000000e+01,2.283041322166039500e-01,3.430766500820076059e-01,9.134450547182408897e-01,-3.171133618454844982e-01,-2.280463587176240203e+00
4.200000000000000000e+01,2.277925684640066117e-01,3.467967305591126426e-01,8.928193145052061297e-01,-3.265421886057297551e-01,-2.262918422458860324e+00
4.300000000000000000e+01,2.279386465729643929e-01,3.504303807625550049e-01,8.720760488261696253e-01,-3.358296065459227542e-01,-2.228980305646324656e+00
4.400000000000000000e+01,2.324228908249262038e-01,3.540673894830982382e-01,8.728820929303694465e-01,-3.447545327779271696e-01,-2.141982295681057913e+00
4.500000000000000000e+01,2.333326331174991886e-01,3.578432240916884499e-01,9.062003060616481420e-01,-3.532667211922960182e-01,-2.042925219448522789e+00
4.600000000000000000e+01,2.314616151081738959e-01,3.618712579161164067e-01,9.667281178627096239e-01,-3.614385591953656052e-01,-1.961241120736702648e+00
4.700000000000000000e+01,2.287424500613092215e-01,3.661847968355033123e-01,1.035249340652854677e+00,-3.693681687423283622e-01,-1.903106291271064565e+00
4.800000000000000000e+01,2.276985579422425854e-01,3.706183903922331546e-01,1.064062453615156834e+00,-3.770086345352555712e-01,-1.833711790302528399e+00
4.900000000000000000e+01,2.280026376344885808e-01,3.750634020724617490e-01,1.066802803254861098e+00,-3.842451969335519690e-01,-1.736774975591132364e+00
5.000000000000000000e+01,2.234049752830753466e-01,3.795665347122004207e-01,1.080751833537285211e+00,-3.911962508752981349e-01,-1.668252946019078697e+00
5.100000000000000000e+01,2.172609129482812595e-01,3.842528005171141348e-01,1.124703793179297584e+00,-3.979652102228032895e-01,-1.624550243401233551e+00
5.200000000000000000e+01,2.107499232187584060e-01,3.892037636394984346e-01,1.188231149372229067e+00,-4.048112492661316564e-01,-1.643049370398805831e+00
5.300000000000000000e+01,2.078625516132629469e-01,3.943696886284936420e-01,1.239821997358848682e+00,-4.117694468079849957e-01,-1.669967410044800094e+00
5.400000000000000000e+01,2.074158499595978311e-01,3.996722284167707473e-01,1.272609549186501932e+00,-4.187058822296494953e-01,-1.664744501199473925e+00
5.500000000000000000e+01,1.828252366781779881e-01,4.050869330653280587e-01,1.299529115653752065e+00,-4.272919430717022626e-01,-2.060654602092661047e+00
5.600000000000000000e+01,2.030343760416740140e-01,4.102487788994965690e-01,1.238843000200436917e+00,-4.364534975037746012e-01,-2.198773063697359476e+00
5.700000000000000000e+01,2.285657951056281056e-01,4.152392112970225146e-01,1.197703775406222970e+00,-4.450014675509130213e-01,-2.051512811313219053e+00
5.800000000000000000e+01,2.287187662472249250e-01,4.203757730507736157e-01,1.232774820900268242e+00,-4.528229753540035096e-01,-1.877161872741711202e+00
5.900000000000000000e+01,2.119243697085676503e-01,4.258438904732672614e-01,1.312348181398476088e+00,-4.598932419250358894e-01,-1.696863977047766703e+00
6.000000000000000000e+01,1.934575364357934979e-01,4.315592670402574882e-01,1.371690376077654205e+00,-4.662625856025168214e-01,-1.528642482595422125e+00
6.100000000000000000e+01,1.820982527090735381e-01,4.373436770624047898e-01,1.388258405315351940e+00,-4.719959120162611765e-01,-1.375998339298650563e+00
6.200000000000000000e+01,1.692469400101593302e-01,4.432469965844571536e-01,1.416796685292563751e+00,-4.771560846847405779e-01,-1.238441440435053442e+00
6.300000000000000000e+01,1.574650017715510941e-01,4.493037666745954284e-01,1.453624821633183073e+00,-4.818003059025272594e-01,-1.114613092268808447e+00
6.400000000000000000e+01,1.553839299307156474e-01,4.553086107454601406e-01,1.441162577007530254e+00,-4.859801250056673405e-01,-1.003156584753619907e+00
6.500000000000000000e+01,1.555547171134980811e-01,4.611076246816037116e-01,1.391763344674452174e+00,-4.897419698456173531e-01,-9.028427615879972556e-01
6.600000000000000000e+01,1.358782095741432328e-01,4.671534417299888498e-01,1.450996091612430483e+00,-4.931276272998782462e-01,-8.125577890226092226e-01
6.700000000000000000e+01,1.537063150213826279e-01,4.727753983502258617e-01,1.349269588856876645e+00,-4.961747290568215840e-01,-7.313044216664037478e-01
6.800000000000000000e+01,1.579343641763794326e-01,4.778533625656823380e-01,1.218711411709551218e+00,-4.989171218941970132e-01,-6.581742809701049968e-01
6.900000000000000000e+01,1.583749049437590262e-01,4.824268324570383792e-01,1.097632773925446115e+00,-5.013852755155480123e-01,-5.923568691242323547e-01
7.000000000000000000e+01,1.586634525357627501e-01,4.865437779035443611e-01,9.880669071614360810e-01,-5.036066137651946661e-01,-5.331211799151990283e-01
7.100000000000000000e+01,1.590022881933748911e-01,4.902492076194960302e-01,8.893031318284067011e-01,-5.056058181795393125e-01,-4.798090594427089628e-01
7.200000000000000000e+01,1.593848300677933871e-01,4.935841420477000141e-01,8.003842627689499167e-01,-5.074051021485279644e-01,-4.318281525572791879e-01
7.300000000000000000e+01,1.597940665518162717e-01,4.965855949541165271e-01,7.203486975399596703e-01,-5.090244577237197365e-01,-3.886453380460366258e-01
7.400000000000000000e+01,1.602132152417733713e-01,4.992869130338553618e-01,6.483163391373261142e-01,-5.104818777498781879e-01,-3.497808062780397576e-01
7.500000000000000000e+01,1.606305163818993464e-01,5.017180993056833405e-01,5.834847052387148736e-01,-5.117935557859373263e-01,-3.148027286541849601e-01
7.600000000000000000e+01,1.610370861966972933e-01,5.039061669503770435e-01,5.251362347264889596e-01,-5.129740660335002644e-01,-2.833224594150920983e-01
7.700000000000000000e+01,1.614273452317410429e-01,5.058754278306824004e-01,4.726226112732778706e-01,-5.140365252397304241e-01,-2.549902094952499754e-01
7.800000000000000000e+01,1.617976949258163599e-01,5.076477626234318086e-01,4.253603502598694575e-01,-5.149927382057823966e-01,-2.294911118524778915e-01
7.900000000000000000e+01,1.621460153059715581e-01,5.092428639378230315e-01,3.828243154538920612e-01,-5.158533292197498010e-01,-2.065418433521680197e-01
8.000000000000000000e+01,1.624713432927724910e-01,5.106784551221185131e-01,3.445418842309102003e-01,-5.166278601553540017e-01,-1.858874245450113094e-01
8.100000000000000000e+01,1.627735058223191700e-01,5.119704871898742571e-01,3.100876962613814403e-01,-5.173249366112853131e-01,-1.672983494235212309e-01
8.200000000000000000e+01,1.630165820485859896e-01,5.131333086223774931e-01,2.790771438007724758e-01,-5.179521507583216833e-01,-1.505313952887236684e-01
8.300000000000000000e+01,1.632677546367133081e-01,5.141798413336072793e-01,2.511678506951438572e-01,-5.185165050389050068e-01,-1.354450273399955273e-01
8.400000000000000000e+01,1.635016579956342364e-01,5.151217348088292791e-01,2.260544340532849306e-01,-5.190246892939555101e-01,-1.219642212121134772e-01
8.500000000000000000e+01,1.637343720214590459e-01,5.159694389295197414e-01,2.034489889657083161e-01,-5.194820613502442175e-01,-1.097692935092937916e-01
8.600000000000000000e+01,1.639337426413687571e-01,5.167323726453983967e-01,1.831040918108658988e-01,-5.198936899170986115e-01,-9.879085604504213303e-02
8.700000000000000000e+01,1.641167971432080097e-01,5.174190130041403934e-01,1.647936860980853124e-01,-5.202641385692085008e-01,-8.890767650636063890e-02
8.800000000000000000e+01,1.642833027468339202e-01,5.180369893510262669e-01,1.483143232526132893e-01,-5.205975214846810806e-01,-8.001189971342891061e-02
8.900000000000000000e+01,1.644350370336982170e-01,5.185931681024931184e-01,1.334829003520420498e-01,-5.208975319937251269e-01,-7.200252217056289650e-02
9.000000000000000000e+01,1.645726895783636012e-01,5.190937290452686259e-01,1.201346262661215220e-01,-5.211674837434019381e-01,-6.478841992243035419e-02
9.100000000000000000e+01,1.646972408274875455e-01,5.195442340110931756e-01,1.081211917978840698e-01,-5.214103384796145990e-01,-5.828513669103103229e-02
9.200000000000000000e+01,1.648094684419876554e-01,5.199496886955659036e-01,9.730912427346628812e-02,-5.216287210063343949e-01,-5.241180641273985447e-02
9.300000000000000000e+01,1.649097360065628348e-01,5.203145983129361385e-01,8.757830816885416036e-02,-5.218249172112622292e-01,-4.708708918266705373e-02
9.400000000000000000e+01,1.649976738403213516e-01,5.206430176846726932e-01,7.882064921677002511e-02,-5.220008729484795218e-01,-4.222937693214839222e-02
9.500000000000000000e+01,1.650723397668637238e-01,5.209385962023270755e-01,7.093884423706020570e-02,-5.221582942383230508e-01,-3.778110956243479340e-02
9.600000000000000000e+01,1.651349938075452328e-01,5.212046180291676212e-01,6.384523844172595997e-02,-5.222989669147879432e-01,-3.376144235157719359e-02
9.700000000000000000e+01,1.651932848044259106e-01,5.214440386632234192e-01,5.746095217340001227e-02,-5.224247138702139415e-01,-3.017926930223119655e-02
9.800000000000000000e+01,1.652499606472854210e-01,5.216595182378180873e-01,5.171509790272311308e-02,-5.225370153184175637e-01,-2.695234756885709487e-02
9.900000000000000000e+01,1.653005820236359280e-01,5.218534507404642975e-01,4.654380063509230142e-02,-5.226373177781985513e-01,-2.407259034742641537e-02
1.000000000000000000e+02,1.653479111565338278e-01,5.220279908592020401e-01,4.188962849705020475e-02,-5.227268361938283148e-01,-2.148441975114439434e-02
1.010000000000000000e+02,1.653908551327635812e-01,5.221850776953268491e-01,3.770084066994203176e-02,-5.228067651276664396e-01,-1.918294412115841355e-02
1.020000000000000000e+02,1.654304614719337707e-01,5.223264566722525259e-01,3.393095446215541044e-02,-5.228779735507765869e-01,-1.709002154642835780e-02
1.030000000000000000e+02,1.654669189178564481e-01,5.224536981622246445e-01,3.053795759331302123e-02,-5.229416948462557446e-01,-1.529311091500851552e-02
1.040000000000000000e+02,1.654969672854773866e-01,5.225682169105607677e-01,2.748449960067799944e-02,-5.229977406852800437e-01,-1.345100136581882030e-02
1.050000000000000000e+02,1.655364120571135855e-01,5.226712822246093459e-01,2.473567537165172886e-02,-5.230496225261890286e-01,-1.245164181814882587e-02
1.060000000000000000e+02,1.654860662385212733e-01,5.227641821335378136e-01,2.229597814284382459e-02,-5.230848728745729481e-01,-8.460083612134645242e-03
1.070000000000000000e+02,1.656305034192886994e-01,5.228476456030060060e-01,2.003123267237587324e-02,-5.231326775990132738e-01,-1.147313386568495942e-02
1.080000000000000000e+02,1.657618694105199297e-01,5.229228661012885748e-01,1.805291958782917483e-02,-5.231652596522492482e-01,-7.819692776632084646e-03
1.090000000000000000e+02,1.656311836405467142e-01,5.229905955757510050e-01,1.625507387097703191e-02,-5.231905627825541583e-01,-6.072751273189881671e-03
1.100000000000000000e+02,1.656741444800895469e-01,5.230514243421505727e-01,1.459890393590945919e-02,-5.232219745293391622e-01,-7.538819228396251987e-03
1.110000000000000000e+02,1.656406612160850333e-01,5.231063043538901614e-01,1.317120281751393493e-02,-5.232408060255826499e-01,-4.519559098444955562e-03
1.120000000000000000e+02,1.657324263756749516e-01,5.231555613139290406e-01,1.182167040932659979e-02,-5.232680363597885798e-01,-6.535280209429643848e-03
1.130000000000000000e+02,1.657165367289164526e-01,5.232000164134115172e-01,1.066922387580599395e-02,-5.232837355954995662e-01,-3.767816570641005156e-03
1.140000000000000000e+02,1.656601363450514730e-01,5.232400460856854174e-01,9.607121345739492307e-03,-5.232952739327801917e-01,-2.769200947345248562e-03
1.150000000000000000e+02,1.658043599436860860e-01,5.232759278234970779e-01,8.611617074810172176e-03,-5.233179855323532026e-01,-5.450783897510401779e-03
1.160000000000000000e+02,1.657913319986788203e-01,5.233083333597686737e-01,7.777328705194156561e-03,-5.233303841803815804e-01,-2.975675526819060272e-03
1.170000000000000000e+02,1.657595751040309151e-01,5.233375125354523538e-01,7.003002164076661470e-03,-5.233397122104304078e-01,-2.238727211725322422e-03
1.180000000000000000e+02,1.657317272538745556e-01,5.233637874499694753e-01,6.305979484116461080e-03,-5.233463480224108677e-01,-1.592594875321735578e-03
1.190000000000000000e+02,1.657559324048846483e-01,5.233874428669543777e-01,5.677300076381886634e-03,-5.233546866884308812e-01,-2.001279844797725169e-03
1.200000000000000000e+02,1.658438538189420941e-01,5.234085878977017270e-01,5.074807379366273394e-03,-5.233687404712199509e-01,-3.372907869379377158e-03
1.210000000000000000e+02,1.657927482237452621e-01,5.234277417676873601e-01,4.596928796559155567e-03,-5.233742334914798233e-01,-1.318324862371790789e-03
1.220000000000000000e+02,1.657789884075790976e-01,5.234449895172339495e-01,4.139459891185237432e-03,-5.233779843741560578e-01,-9.002118422932230612e-04
1.230000000000000000e+02,1.657672791063195261e-01,5.234605214042951093e-01,3.727652894678486380e-03,-5.233802138126564252e-01,-5.350652400978174288e-04
1.240000000000000000e+02,1.658145230315521135e-01,5.234745437273801150e-01,3.365357540394605176e-03,-5.233859673619494224e-01,-1.380851830321608992e-03
1.250000000000000000e+02,1.658156052264265212e-01,5.234869843205993689e-01,2.985742372633543810e-03,-5.233906256866990292e-01,-1.117997939906697309e-03
1.260000000000000000e+02,1.657820555229058412e-01,5.234983198848747188e-01,2.720535426093718522e-03,-5.233911939425186510e-01,-1.363813967041559421e-04
1.270000000000000000e+02,1.658461993436595450e-01,5.235083817646610793e-01,2.414851148735952351e-03,-5.233965493682974923e-01,-1.285302186934337903e-03
1.280000000000000000e+02,1.658047346580074077e-01,5.235175728331137313e-01,2.205856428629089649e-03,-5.233971430031599814e-01,-1.424723670079466441e-04
1.290000000000000000e+02,1.658010599099856430e-01,5.235258502087711818e-01,1.986570157799393346e-03,-5.233969816524559615e-01,3.872416895559993512e-05
1.300000000000000000e+02,1.658300263805793651e-01,5.235331571699948228e-01,1.753670693674182473e-03,-5.233987429782395173e-01,-4.227181880402319726e-04
1.310000000000000000e+02,1.658092468916315121e-01,5.235398781300441007e-01,1.613030411836356356e-03,-5.233981660860936858e-01,1.384541150063122394e-04
1.320000000000000000e+02,1.658900935397822907e-01,5.235457832992612692e-01,1.417240612118354217e-03,-5.234038647316632265e-01,-1.367674936677349762e-03
1.330000000000000000e+02,1.658397752279509585e-01,5.235512285164387603e-01,1.306852122590725822e-03,-5.234044707487934822e-01,-1.454441112722975812e-04
1.340000000000000000e+02,1.658384363362972735e-01,5.235561322999846556e-01,1.176908051022065860e-03,-5.234046194100429039e-01,-3.567869987221785754e-05
1.350000000000000000e+02,1.658371343265762632e-01,5.235605486737113790e-01,1.059929694423510701e-03,-5.234043719157290830e-01,5.939863531216663356e-05
1.360000000000000000e+02,1.658361528628610748e-01,5.235645262634248676e-01,9.546215312287479552e-04,-5.234037827558748468e-01,1.413983650225812975e-04
1.370000000000000000e+02,1.658354784693071016e-01,5.235681088367365454e-01,8.598175948138788403e-04,-5.234029003942970437e-01,2.117667786823486137e-04
1.380000000000000000e+02,1.658350728759806214e-01,5.235713357887618047e-01,7.744684860536505061e-04,-5.234017678912231686e-01,2.718007377388087292e-04
1.390000000000000000e+02,1.658802985147293518e-01,5.235740983494141521e-01,6.630145565584302748e-04,-5.234041119179276835e-01,-5.625664090879466984e-04
1.400000000000000000e+02,1.658513288626305149e-01,5.235767194082314724e-01,6.290541161602159793e-04,-5.234037543166715212e-01,8.582430148800564585e-05
1.410000000000000000e+02,1.658514025996823960e-01,5.235790801522665072e-01,5.665785684053823140e-04,-5.234032024050190302e-01,1.324587965881287232e-04
1.420000000000000000e+02,1.658512583660792794e-01,5.235812065445112351e-01,5.103341387318097687e-04,-5.234024845239413359e-01,1.722914586349016844e-04
1.430000000000000000e+02,1.658512581883053172e-01,5.235831219533927383e-01,4.596981315573282659e-04,-5.234016258846110325e-01,2.060734392789511358e-04
1.440000000000000000e+02,1.658513836965571364e-01,5.235848474128538266e-01,4.141102706680185744e-04,-5.234006488540057234e-01,2.344873452738552896e-04
1.450000000000000000e+02,1.658516132346047889e-01,5.235864018558854527e-01,3.730663275974005098e-04,-5.233995732420905211e-01,2.581468596606346206e-04
1.460000000000000000e+02,1.659055935677092308e-01,5.235876567179501562e-01,3.011668955219210051e-04,-5.234027935479893534e-01,-7.728734157329802523e-04
1.470000000000000000e+02,1.658698679730805925e-01,5.235889190574490870e-01,3.029614797337802363e-04,-5.234029431939370980e-01,-3.591502744843715674e-05
1.480000000000000000e+02,1.658700567308029339e-01,5.235900558738607602e-01,2.728359388109082169e-04,-5.234029865259191006e-01,-1.039967567141848688e-05
1.490000000000000000e+02,1.658699136963431853e-01,5.235910796927212285e-01,2.457165265215845683e-04,-5.234029376866914385e-01,1.172141463562887787e-05
1.500000000000000000e+02,1.658698334177698686e-01,5.235920017873287868e-01,2.213027058093015647e-04,-5.234028093087630396e-01,3.081070280676642236e-05
1.510000000000000000e+02,1.658698116567194070e-01,5.235928323045014876e-01,1.993241214391871477e-04,-5.234026126383791722e-01,4.720089212667276298e-05
1.520000000000000000e+02,1.658698369789046445e-01,5.235935803773292818e-01,1.795374786669112961e-04,-5.234023576712145687e-01,6.119211951410348125e-05
1.530000000000000000e+02,1.658699020544834313e-01,5.235942542265440425e-01,1.617238115514281743e-04,-5.234020532804052328e-01,7.305379424721128738e-05
1.540000000000000000e+02,1.658700010940398206e-01,5.235948612517269396e-01,1.456860439070764210e-04,-5.234017073331161951e-01,8.302734937429386214e-05
1.550000000000000000e+02,1.658701291292918878e-01,5.235954081133895599e-01,1.312467990384915241e-04,-5.234013267956492133e-01,9.132899208547265544e-05
1.560000000000000000e+02,1.658702817891067327e-01,5.235959008068467035e-01,1.182464297213468504e-04,-5.234009178279551699e-01,9.815224657296195009e-05
1.570000000000000000e+02,1.658704552031976531e-01,5.235963447287028671e-01,1.065412454777895393e-04,-5.234004858685455952e-01,1.036702582962640315e-04
1.580000000000000000e+02,1.658706459416735557e-01,5.235967447366911554e-01,9.600191718832200034e-05,-5.234000357107515544e-01,1.080378705602084711e-04
1.590000000000000000e+02,1.658708509671895648e-01,5.235971052035297557e-01,8.651204125232099117e-05,-5.233995715711976526e-01,1.113934929495696683e-04
1.600000000000000000e+02,1.658710675935481660e-01,5.235974300653936098e-01,7.796684732049087596e-05,-5.233990971512738621e-01,1.138607816991721999e-04
1.610000000000000000e+02,1.658712934488845159e-01,5.235977228655405158e-01,7.027203525203213588e-05,-5.233986156923129407e-01,1.155501506215926891e-04
1.620000000000000000e+02,1.658715264426741942e-01,5.235979867935752763e-01,6.334272835523551716e-05,-5.233981300251062674e-01,1.165601296007749585e-04
1.630000000000000000e+02,1.658717647361075409e-01,5.235982247207890961e-01,5.710253130444809238e-05,-5.233976426143318594e-01,1.169785858704664702e-04
1.640000000000000000e+02,1.658720067154715871e-01,5.235984392319651404e-01,5.148268224097243535e-05,-5.233971555984072710e-01,1.168838218993140820e-04
1.650000000000000000e+02,1.658722509682360458e-01,5.235986326540054137e-01,4.642128967657077734e-05,-5.233966708252312250e-01,1.163455622415361228e-04
1.660000000000000000e+02,1.658724962615696907e-01,5.235988070816957052e-01,4.186264567593084627e-05,-5.233961898842289795e-01,1.154258405298934218e-04
1.670000000000000000e+02,1.658731043054323673e-01,5.235989644008944843e-01,3.775660771655797357e-05,-5.233957141350764619e-01,1.141797966139441133e-04
1.680000000000000000e+02,1.658733342491943430e-01,5.235991063094043163e-01,3.405804236548886857e-05,-5.233952447334393465e-01,1.126563929006563593e-04
1.690000000000000000e+02,1.658735632389895798e-01,5.235992343357567247e-01,3.072632456706405170e-05,-5.233947826540310544e-01,1.108990579926659637e-04
1.700000000000000000e+02,1.658737900816923128e-01,5.235993498561192228e-01,2.772488700024803893e-05,-5.233943287112603482e-01,1.089462649751028099e-04
1.710000000000000000e+02,1.658740146498844381e-01,5.235994541095129184e-01,2.502081449619068858e-05,-5.233938835777149912e-01,1.068320508780730183e-04
1.720000000000000000e+02,1.658742359574680580e-01,5.235995482115087807e-01,2.258447899480046071e-05,-5.233934478007014057e-01,1.045864832700512195e-04
1.730000000000000000e+02,1.658744539272632434e-01,5.235996331665546677e-01,2.038921100640852385e-05,-5.233930218170376181e-01,1.022360793018132054e-04
1.740000000000000000e+02,1.658746680123363848e-01,5.235997098790710069e-01,1.841100392838467350e-05,-5.233926059662794561e-01,9.980418196000691224e-05
1.750000000000000000e+02,1.658748778856894424e-01,5.235997791634372511e-01,1.662824790772934251e-05,-5.233922005025382074e-01,9.731129789683970054e-05
1.760000000000000000e+02,1.658750835188816108e-01,5.235998417529802440e-01,1.502149031867096859e-05,-5.233918056050355094e-01,9.477540065208552326e-05
1.770000000000000000e+02,1.658752844386345016e-01,5.235998983080644154e-01,1.357322018867526640e-05,-5.233914213875238142e-01,9.221220280937491610e-05
1.780000000000000000e+02,1.658754806073089449e-01,5.235999494233735119e-01,1.226767417460402936e-05,-5.233910479066896659e-01,8.963540018645873729e-05
1.790000000000000000e+02,1.658756720298035225e-01,5.235999956344649098e-01,1.109066193661692920e-05,-5.233906851696442653e-01,8.705689090665437251e-05
1.800000000000000000e+02,1.658758584332018504e-01,5.236000374236688959e-01,1.002940896482583930e-05,-5.233903331405946879e-01,8.448697189009467929e-05
1.810000000000000000e+02,1.658760398104121847e-01,5.236000752253985313e-01,9.072415121580355485e-06,-5.233899917467821350e-01,8.193451502218605006e-05
1.820000000000000000e+02,1.658762162399037565e-01,5.236001094309290504e-01,8.209327324869120944e-06,-5.233896608837608211e-01,7.940712510770804122e-05
1.830000000000000000e+02,1.658763876727677722e-01,5.236001403926997533e-01,7.430824958195303962e-06,-5.233893404200883337e-01,7.691128139595870871e-05
1.840000000000000000e+02,1.658765540181002252e-01,5.236001684281861301e-01,6.728516736149056384e-06,-5.233890302014866380e-01,7.445246440259202286e-05
1.850000000000000000e+02,1.658767153937523720e-01,5.236001938233856290e-01,6.094847880012456160e-06,-5.233887300545304599e-01,7.203526947114442455e-05
1.860000000000000000e+02,1.658768718920458352e-01,5.236002168359545905e-01,5.523016561744484930e-06,-5.233884397899118968e-01,6.966350845547012404e-05
1.870000000000000000e+02,1.658770235461698161e-01,5.236002376980325446e-01,5.006898716055456387e-06,-5.233881592053255538e-01,6.734030071789062766e-05
1.880000000000000000e+02,1.658771703693605604e-01,5.236002566187840657e-01,4.540980351814031483e-06,-5.233878880880150630e-01,6.506815452631105280e-05
1.890000000000000000e+02,1.658773124553259148e-01,5.236002737866867207e-01,4.120296638483328908e-06,-5.233876262170157334e-01,6.284903985228532488e-05
1.900000000000000000e+02,1.658774499154955229e-01,5.236002893715911988e-01,3.740377082722991208e-06,-5.233873733651265292e-01,6.068445341679814327e-05
1.910000000000000000e+02,1.658775828744751824e-01,5.236003035265752725e-01,3.397196169166545556e-06,-5.233871293006399084e-01,5.857547680175771774e-05
1.920000000000000000e+02,1.658777114047097767e-01,5.236003163896125745e-01,3.087128946086377268e-06,-5.233868937888551676e-01,5.652282833271155021e-05
1.930000000000000000e+02,1.658778355899332424e-01,5.236003280850752839e-01,2.806911052179293618e-06,-5.233866665933994966e-01,5.452690935626181294e-05
1.940000000000000000e+02,1.658779555106712211e-01,5.236003387250866004e-01,2.553602726764702547e-06,-5.233864474773765041e-01,5.258784552053046523e-05
1.950000000000000000e+02,1.658780713070733548e-01,5.236003484107383255e-01,2.324556421720867752e-06,-5.233862362043617544e-01,5.070552352984201961e-05
1.960000000000000000e+02,1.658781830870228458e-01,5.236003572331868750e-01,2.117387648540625053e-06,-5.233860325392623025e-01,4.887962388048488886e-05
1.970000000000000000e+02,1.658782909724276777e-01,5.236003652746399339e-01,1.929948740095692411e-06,-5.233858362490539928e-01,4.710964998351648524e-05
1.980000000000000000e+02,1.658783950708072330e-01,5.236003726092450794e-01,1.760305234337394863e-06,-5.233856471034122881e-01,4.539495401454865390e-05
1.990000000000000000e+02,1.658784954768379727e-01,5.236003793038892518e-01,1.606714608557938755e-06,-5.233854648752460648e-01,4.373475990542968354e-05
2.000000000000000000e+02,1.658785922981909911e-01,5.236003854189190676e-01,1.467607150558250016e-06,-5.233852893411473639e-01,4.212818368349400010e-05
2.010000000000000000e+02,1.658786856255431430e-01,5.236003910087887459e-01,1.341568727692697989e-06,-5.233851202817660919e-01,4.057425151282386143e-05
2.020000000000000000e+02,1.658787755864814528e-01,5.236003961226440850e-01,1.227325290645718554e-06,-5.233849574821175521e-01,3.907191564337742976e-05
2.030000000000000000e+02,1.658788622862192308e-01,5.236004008048479319e-01,1.123728910178423872e-06,-5.233848007318322448e-01,3.762006848262736748e-05
2.040000000000000000e+02,1.658789458283698726e-01,5.236004050954530253e-01,1.029745215845944165e-06,-5.233846498253530433e-01,3.621755501494762486e-05
2.050000000000000000e+02,1.658790263147664201e-01,5.236004090306284331e-01,9.444420957873771923e-07,-5.233845045620876268e-01,3.486318370905331509e-05
2.060000000000000000e+02,1.658791038584292166e-01,5.236004126430430228e-01,8.669795085087995761e-07,-5.233843647465205029e-01,3.355573611358577627e-05
2.070000000000000000e+02,1.658791785425997589e-01,5.236004159622110743e-01,7.966003239467519457e-07,-5.233842301882902781e-01,3.229397524618275804e-05
2.080000000000000000e+02,1.658792504630910991e-01,5.236004190148030313e-01,7.326220714116874469e-07,-5.233841007022363989e-01,3.107665292875830672e-05
2.090000000000000000e+02,1.658793197135083330e-01,5.236004218249260544e-01,6.744295226265440221e-07,-5.233839761084190245e-01,2.990251617727397802e-05
2.100000000000000000e+02,1.658793863851622530e-01,5.236004244143760422e-01,6.214679977294484216e-07,-5.233838562321159182e-01,2.877031273558912475e-05
2.110000000000000000e+02,1.658794505586232426e-01,5.236004268028650044e-01,5.732373547597845834e-07,-5.233837409037997990e-01,2.767879586761585770e-05
2.120000000000000000e+02,1.658795123295296048e-01,5.236004290082256762e-01,5.292865690212694654e-07,-5.233836299590978181e-01,2.662672848519024725e-05
2.130000000000000000e+02,1.658795717824229909e-01,5.236004310465959266e-01,4.892088572734153077e-07,-5.233835232387367142e-01,2.561288666558979776e-05
2.140000000000000000e+02,1.658796289990738526e-01,5.236004329325846252e-01,4.526372856374035756e-07,-5.233834205884756452e-01,2.463606265387735530e-05
2.150000000000000000e+02,1.658796840588851185e-01,5.236004346794214115e-01,4.192408209707713821e-07,-5.233833218590281389e-01,2.369506739274676439e-05
2.160000000000000000e+02,1.658797370389062387e-01,5.236004362990912542e-01,3.887207674891272013e-07,-5.233832269059754960e-01,2.278873263857616880e-05
2.170000000000000000e+02,1.658797880138526415e-01,5.236004378024561312e-01,3.608075672063881289e-07,-5.233831355896725324e-01,2.191591271231270682e-05
2.180000000000000000e+02,1.658798370561339608e-01,5.236004391993640539e-01,3.352579081643086494e-07,-5.233830477751478805e-01,2.107548591362732541e-05
2.190000000000000000e+02,1.658798842396757012e-01,5.236004404987479877e-01,3.118521354710505255e-07,-5.233829633319992958e-01,2.026635566947821920e-05
2.200000000000000000e+02,1.658799296289129033e-01,5.236004417087142260e-01,2.903919036664880493e-07,-5.233828821342850768e-01,1.948745141512184381e-05
2.210000000000000000e+02,1.658799732887246137e-01,5.236004428366228813e-01,2.706980811133861951e-07,-5.233828040604131537e-01,1.873772925653181346e-05
2.220000000000000000e+02,1.658800152826976348e-01,5.236004438891597168e-01,2.526088427546628578e-07,-5.233827289930279569e-01,1.801617244629384227e-05
2.230000000000000000e+02,1.658800556723035446e-01,5.236004448724012050e-01,2.359779695262107123e-07,-5.233826568188959527e-01,1.732179168229965147e-05
2.240000000000000000e+02,1.658800945169482399e-01,5.236004457918733701e-01,2.206733096479864674e-07,-5.233825874287907354e-01,1.665362526114174942e-05
2.250000000000000000e+02,1.658801318740198150e-01,5.236004466526041901e-01,2.065753879719592255e-07,-5.233825207173777860e-01,1.601073910307022406e-05
2.260000000000000000e+02,1.658801677989395484e-01,5.236004474591715585e-01,1.935761692266464191e-07,-5.233824565831000086e-01,1.539222666150764869e-05
2.270000000000000000e+02,1.658802023452119745e-01,5.236004482157462503e-01,1.815779269963743413e-07,-5.233823949280635990e-01,1.479720875058473072e-05
2.280000000000000000e+02,1.658802355634838299e-01,5.236004489261305572e-01,1.704922317118010202e-07,-5.233823356579249131e-01,1.422483327325244255e-05
2.290000000000000000e+02,1.658802675035303542e-01,5.236004495937932601e-01,1.602390420174250326e-07,-5.233822786817795558e-01,1.367427488442059807e-05
2.300000000000000000e+02,1.658802982147004890e-01,5.236004502219011592e-01,1.507458830637681784e-07,-5.233822239120520248e-01,1.314473460849151446e-05
2.310000000000000000e+02,1.658803277433281431e-01,5.236004508133473845e-01,1.419471069478138086e-07,-5.233821712643879076e-01,1.263543938323587369e-05
2.320000000000000000e+02,1.658803561340898014e-01,5.236004513707774866e-01,1.337832296827236014e-07,-5.233821206575479668e-01,1.214564158275423422e-05
2.330000000000000000e+02,1.658803834300556501e-01,5.236004518966121957e-01,1.262003208012139717e-07,-5.233820720133042226e-01,1.167461849824930040e-05
2.340000000000000000e+02,1.658804096727386768e-01,5.236004523930682941e-01,1.191494722134532774e-07,-5.233820252563384789e-01,1.122167178991761759e-05
2.350000000000000000e+02,1.658804349021442137e-01,5.236004528621779341e-01,1.125863119226479652e-07,-5.233819803141429583e-01,1.078612692324897633e-05
2.360000000000000000e+02,1.658804591568187603e-01,5.236004533058052912e-01,1.064705543767947560e-07,-5.233819371169239343e-01,1.036733257743588797e-05
2.370000000000000000e+02,1.658804824738960848e-01,5.236004537256619962e-01,1.007656142120823128e-07,-5.233818955975070297e-01,9.964660065298564659e-06
2.380000000000000000e+02,1.658805048891446865e-01,5.236004541233213461e-01,9.543824885362185475e-08,-5.233818556912457343e-01,9.577502714064759577e-06
2.390000000000000000e+02,1.658805264370133981e-01,5.236004545002306276e-01,9.045822981669141840e-08,-5.233818173359321424e-01,9.205275267407957268e-06
2.400000000000000000e+02,1.658805471506749896e-01,5.236004548577225526e-01,8.579805896122023830e-08,-5.233817804717101341e-01,8.847413275194267185e-06
2.410000000000000000e+02,1.658805670620704387e-01,5.236004551970254717e-01,8.143270544310127887e-08,-5.233817450409914418e-01,8.503372482252466322e-06
2.420000000000000000e+02,1.658805862019502031e-01,5.236004555192728116e-01,7.733937164610062301e-08,-5.233817109883738272e-01,8.172628228296467266e-06
2.430000000000000000e+02,1.658806045999166034e-01,5.236004558255115127e-01,7.349727728925331945e-08,-5.233816782605619222e-01,7.854674845149617004e-06
2.440000000000000000e+02,1.658806222844628475e-01,5.236004561167092453e-01,6.988746706739754707e-08,-5.233816468062908456e-01,7.549025062161999837e-06
2.450000000000000000e+02,1.658806392830124987e-01,5.236004563937619594e-01,6.649264730648997998e-08,-5.233816165762515960e-01,7.255209431283011093e-06
2.460000000000000000e+02,1.658806556219574180e-01,5.236004566574995467e-01,6.329701408528557572e-08,-5.233815875230193315e-01,6.972775739811572496e-06
2.470000000000000000e+02,1.658806713266940402e-01,5.236004569086917249e-01,6.028612646311735017e-08,-5.233815596009840920e-01,6.701288450904385479e-06
2.480000000000000000e+02,1.658806864216591515e-01,5.236004571480532555e-01,5.744677390122034011e-08,-5.233815327662834083e-01,6.440328155524459663e-06
2.490000000000000000e+02,1.658807009306448588e-01,5.236004573762484959e-01,5.476685938241549163e-08,-5.233815069767374650e-01,6.189491024243258797e-06
2.500000000000000000e+02,1.658807148760890748e-01,5.236004575938956185e-01,5.223529819169009392e-08,-5.233814821917862625e-01,5.948388281624349502e-06
2.510000000000000000e+02,1.658807282796113114e-01,5.236004578015702737e-01,4.984192432783420865e-08,-5.233814583724292202e-01,5.716645684777174488e-06
2.520000000000000000e+02,1.658807411621483763e-01,5.236004579998094766e-01,4.757741004837155168e-08,-5.233814354811665570e-01,5.493903028231085418e-06
2.530000000000000000e+02,1.658807535438403535e-01,5.236004581891143816e-01,4.543317966477323641e-08,-5.233814134819430031e-01,5.279813645659768456e-06
2.540000000000000000e+02,1.658807654440581092e-01,5.236004583699533921e-01,4.340134979414067770e-08,-5.233813923400932877e-01,5.074043938368610074e-06
2.550000000000000000e+02,1.658807768814327677e-01,5.236004585427644908e-01,4.147466130094096630e-08,-5.233813720222895149e-01,4.876272911185997318e-06
2.560000000000000000e+02,1.658807878738828567e-01,5.236004587079579053e-01,3.964642972238560786e-08,-5.233813524964906483e-01,4.686191719274089114e-06
2.570000000000000000e+02,1.658807984386407308e-01,5.236004588659182168e-01,3.791048730374367203e-08,-5.233813337318938830e-01,4.503503232803526825e-06
2.580000000000000000e+02,1.658808085922781339e-01,5.236004590170062478e-01,3.626113822923250061e-08,-5.233813156988871285e-01,4.327921620176413000e-06
2.590000000000000000e+02,1.658808183507309297e-01,5.236004591615609494e-01,3.469311895876689265e-08,-5.233812983690041554e-01,4.159171925981744684e-06
2.600000000000000000e+02,1.658808277293230271e-01,5.236004592999007334e-01,3.320155828748488135e-08,-5.233812817148805197e-01,3.996989684633745258e-06
2.610000000000000000e+02,1.658808367427889452e-01,5.236004594323255823e-01,3.178195055081531844e-08,-5.233812657102117072e-01,3.841120528113152044e-06
2.620000000000000000e+02,1.658808454052967674e-01,5.236004595591177146e-01,3.043010997621263197e-08,-5.233812503297124996e-01,3.691319819784772347e-06
2.630000000000000000e+02,1.658808537304686248e-01,5.236004596805433620e-01,2.914215948843628640e-08,-5.233812355490780055e-01,3.547352289884070895e-06
2.640000000000000000e+02,1.658808617314019851e-01,5.236004597968537677e-01,2.791449259851725811e-08,-5.233812213449459128e-01,3.408991691042583233e-06
2.650000000000000000e+02,1.658808694206894141e-01,5.236004599082860755e-01,2.674375395473244052e-08,-5.233812076948606284e-01,3.276020459713614935e-06
2.660000000000000000e+02,1.658808768104372555e-01,5.236004600150645505e-01,2.562682217832805458e-08,-5.233811945772380847e-01,3.148229399372611711e-06
2.670000000000000000e+02,1.658808839122850043e-01,5.236004601174011341e-01,2.456078461120739222e-08,-5.233811819713324320e-01,3.025417354920986473e-06
2.680000000000000000e+02,1.658808907374214325e-01,5.236004602154966658e-01,2.354292803118021386e-08,-5.233811698572036208e-01,2.907390922706190214e-06
2.690000000000000000e+02,1.658808972966041018e-01,5.236004603095413268e-01,2.257071295646680975e-08,-5.233811582156863151e-01,2.793964149037815920e-06
2.700000000000000000e+02,1.658809036001738235e-01,5.236004603997153062e-01,2.164176670310302868e-08,-5.233811470283602496e-01,2.684958251347518121e-06
2.710000000000000000e+02,1.658809096580715348e-01,5.236004604861898004e-01,2.075387083335554561e-08,-5.233811362775212528e-01,2.580201352471096131e-06
2.720000000000000000e+02,1.658809154798533692e-01,5.236004605691270131e-01,1.990494053020148694e-08,-5.233811259461537135e-01,2.479528212144919285e-06
2.730000000000000000e+02,1.658809210747050900e-01,5.236004606486812651e-01,1.909302780530520548e-08,-5.233811160179038247e-01,2.382779980880667871e-06
2.740000000000000000e+02,1.658809264514569948e-01,5.236004607249992171e-01,1.831629788797168947e-08,-5.233811064770540478e-01,2.289803950148475358e-06
2.750000000000000000e+02,1.658809316185972382e-01,5.236004607982202019e-01,1.757302697462405419e-08,-5.233810973084985774e-01,2.200453321088476737e-06
2.760000000000000000e+02,1.658809365842842942e-01,5.236004608684768913e-01,1.686159694511471972e-08,-5.233810884977194711e-01,2.114586983400312376e-06
2.770000000000000000e+02,1.658809413563607227e-01,5.236004609358955175e-01,1.618048221302063826e-08,-5.233810800307641120e-01,2.032069288668203509e-06
2.780000000000000000e+02,1.658809459423643551e-01,5.236004610005965398e-01,1.552824700081243145e-08,-5.233810718942230045e-01,1.952769852786195310e-06
2.790000000000000000e+02,1.658809503495410342e-01,5.236004610626946443e-01,1.490353182712674162e-08,-5.233810640752091237e-01,1.876563341280865815e-06
2.800000000000000000e+02,1.658809545848548839e-01,5.236004611222990768e-01,1.430505605055081316e-08,-5.233810565613370436e-01,1.803329291011322936e-06
2.810000000000000000e+02,1.658809586549997994e-01,5.236004611795140873e-01,1.373161206103414904e-08,-5.233810493407040632e-01,1.732951904100025262e-06
2.820000000000000000e+02,1.658809625664095788e-01,5.236004612344393738e-01,1.318205700491103597e-08,-5.233810424018712215e-01,1.665319886053422681e-06
2.830000000000000000e+02,1.658809663252679145e-01,5.236004612871698605e-01,1.265530418217538527e-08,-5.233810357338450903e-01,1.600326263758105745e-06
2.840000000000000000e+02,1.658809699375184410e-01,5.236004613377962524e-01,1.215033047660127309e-08,-5.233810293260608981e-01,1.537868216718650949e-06
2.850000000000000000e+02,1.658809734088736720e-01,5.236004613864052581e-01,1.166616508656904662e-08,-5.233810231683653225e-01,1.477846926358031120e-06
2.860000000000000000e+02,1.658809767448238548e-01,5.236004614330798113e-01,1.120188597894383135e-08,-5.233810172510011682e-01,1.420167407881959724e-06
2.870000000000000000e+02,1.658809799506461291e-01,5.236004614778990707e-01,1.075661653704307035e-08,-5.233810115645912697e-01,1.364738379567208228e-06
2.880000000000000000e+02,1.658809830314119937e-01,5.236004615209387536e-01,1.032952722061548196e-08,-5.233810061001241687e-01,1.311472100920833523e-06
2.890000000000000000e+02,1.658809859919958274e-01,5.236004615622713576e-01,9.919829297400314275e-09,-5.233810008489397925e-01,1.260284249471169873e-06
2.900000000000000000e+02,1.658809888370825214e-01,5.236004616019662716e-01,9.526771223255831932e-09,-5.233809958027156872e-01,1.211093784838134908e-06
2.910000000000000000e+02,1.658809915711744187e-01,5.236004616400897760e-01,9.149637394879499980e-09,-5.233809909534539173e-01,1.163822818843858645e-06
2.920000000000000000e+02,1.658809941985984471e-01,5.236004616767053754e-01,8.787749816580341050e-09,-5.233809862934685198e-01,1.118396496016812073e-06
2.930000000000000000e+02,1.658809967235137794e-01,5.236004617118739102e-01,8.440461421226546045e-09,-5.233809818153731808e-01,1.074742875556107677e-06
2.940000000000000000e+02,1.658809991499168301e-01,5.236004617456536669e-01,8.107154883307706149e-09,-5.233809775120698005e-01,1.032792817668187632e-06
2.950000000000000000e+02,1.658810014816489709e-01,5.236004617781004900e-01,7.787241222164133757e-09,-5.233809733767369465e-01,9.924798766096253657e-07
2.960000000000000000e+02,1.658810037224021927e-01,5.236004618092677809e-01,7.480158515375946607e-09,-5.233809694028195292e-01,9.537401912834327557e-07
2.970000000000000000e+02,1.658810058757235750e-01,5.236004618392068322e-01,7.185373065161904763e-09,-5.233809655840179209e-01,9.165123955318465861e-07
2.980000000000000000e+02,1.658810079450235564e-01,5.236004618679667155e-01,6.902372544299829748e-09,-5.233809619142782976e-01,8.807375066436898666e-07
2.990000000000000000e+02,1.658810099335787103e-01,5.236004618955945045e-01,6.630669936384326497e-09,-5.233809583877830907e-01,8.463588430143927324e-07
3.000000000000000000e+02,1.658810118445382675e-01,5.236004619221353851e-01,6.369799181735379568e-09,-5.233809549989416610e-01,8.133219338029037521e-07
3.010000000000000000e+02,1.658810136809287517e-01,5.236004619476325450e-01,6.119313617710889771e-09,-5.233809517423815283e-01,7.815744295000721078e-07
3.020000000000000000e+02,1.658810154456586694e-01,5.236004619721275066e-01,5.878789639155371845e-09,-5.233809486129397115e-01,7.510660232181758755e-07
3.030000000000000000e+02,1.658810171415232848e-01,5.236004619956601269e-01,5.647819700027856911e-09,-5.233809456056548459e-01,7.217483658856425214e-07
3.040000000000000000e+02,1.658810187712086992e-01,5.236004620182684866e-01,5.426013205486967916e-09,-5.233809427157589678e-01,6.935749983093320461e-07
3.050000000000000000e+02,1.658810203372966807e-01,5.236004620399893339e-01,5.213000135430963138e-09,-5.233809399386702976e-01,6.665012676693846572e-07
3.060000000000000000e+02,1.658810218422682170e-01,5.236004620608577520e-01,5.008421185936333468e-09,-5.233809372699859130e-01,6.404842646277040734e-07
3.070000000000000000e+02,1.658810232885073455e-01,5.236004620809074916e-01,4.811936600278987324e-09,-5.233809347054744210e-01,6.154827567178081132e-07
3.080000000000000000e+02,1.658810246783054554e-01,5.236004621001708603e-01,4.623219066374138446e-09,-5.233809322410697407e-01,5.914571126933588660e-07
3.090000000000000000e+02,1.658810260138648129e-01,5.236004621186790553e-01,4.441956942334082676e-09,-5.233809298728645532e-01,5.683692488546734741e-07
3.100000000000000000e+02,1.658810272973012812e-01,5.236004621364617195e-01,4.267847241472752078e-09,-5.233809275971038621e-01,5.461825715330379860e-07
3.110000000000000000e+02,1.658810285306484833e-01,5.236004621535476078e-01,4.100606846084674777e-09,-5.233809254101792208e-01,5.248619098362280287e-07
3.120000000000000000e+02,1.658810297158608837e-01,5.236004621699641426e-01,3.939957195842587394e-09,-5.233809233086230694e-01,5.043734648118003753e-07
3.130000000000000000e+02,1.658810308548165080e-01,5.236004621857376362e-01,3.785635708742334213e-09,-5.233809212891032958e-01,4.846847580630987377e-07
3.140000000000000000e+02,1.658810319493202179e-01,5.236004622008934017e-01,3.637390915509492004e-09,-5.233809193484175726e-01,4.657645793923828216e-07
3.150000000000000000e+02,1.658810330011064593e-01,5.236004622154558641e-01,3.494980600268510320e-09,-5.233809174834886946e-01,4.475829324004298858e-07
3.160000000000000000e+02,1.658810340118422322e-01,5.236004622294482269e-01,3.358169508428056450e-09,-5.233809156913595828e-01,4.301109927040010877e-07
3.170000000000000000e+02,1.658810349831291442e-01,5.236004622428929167e-01,3.226738061569177760e-09,-5.233809139691885104e-01,4.133210616670801974e-07
3.180000000000000000e+02,1.658810359165066861e-01,5.236004622558115829e-01,3.100472124004944738e-09,-5.233809123142446618e-01,3.971865200709853852e-07
3.190000000000000000e+02,1.658810368134544244e-01,5.236004622682247645e-01,2.979163575524416979e-09,-5.233809107239039138e-01,3.816817860748604880e-07
3.200000000000000000e+02,1.658810376753935834e-01,5.236004622801523345e-01,2.862618790112872075e-09,-5.233809091956443948e-01,3.667822809277886631e-07
3.210000000000000000e+02,1.658810385036903756e-01,5.236004622916133888e-01,2.750648465983690107e-09,-5.233809077270428212e-01,3.524643795873592450e-07
3.220000000000000000e+02,1.658810392996578342e-01,5.236004623026261351e-01,2.643070636827441003e-09,-5.233809063157703889e-01,3.387053815179065630e-07
3.230000000000000000e+02,1.658810400645574501e-01,5.236004623132082259e-01,2.539713943548374753e-09,-5.233809049595892215e-01,3.254834712693394488e-07
3.240000000000000000e+02,1.658810407996018088e-01,5.236004623233766475e-01,2.440409974315727086e-09,-5.233809036563488171e-01,3.127776844467348529e-07
3.250000000000000000e+02,1.658810415059561172e-01,5.236004623331474983e-01,2.344996320136529690e-09,-5.233809024039827174e-01,3.005678751558297283e-07
3.260000000000000000e+02,1.658810421847397021e-01,5.236004623425363214e-01,2.253322316606314340e-09,-5.233809012005048444e-01,2.888346881563481853e-07
3.270000000000000000e+02,1.658810428370288137e-01,5.236004623515582157e-01,2.165241421601807523e-09,-5.233809000440068360e-01,2.775595142910353748e-07
3.280000000000000000e+02,1.658810434638574305e-01,5.236004623602273922e-01,2.080608927779879397e-09,-5.233808989326548256e-01,2.667244767382603440e-07
3.290000000000000000e+02,1.658810440662190910e-01,5.236004623685577286e-01,1.999292914960633946e-09,-5.233808978646865562e-01,2.563123961060064443e-07
3.300000000000000000e+02,1.658810446450686982e-01,5.236004623765625476e-01,1.921161324445988775e-09,-5.233808968384083826e-01,2.463067646440591840e-07
3.310000000000000000e+02,1.658810452013240455e-01,5.236004623842546168e-01,1.846087534576907520e-09,-5.233808958521929400e-01,2.366917139388409995e-07
3.320000000000000000e+02,1.658810457358669277e-01,5.236004623916460377e-01,1.773950760400307993e-09,-5.233808949044762571e-01,2.274519994022405020e-07
3.330000000000000000e+02,1.658810462495446669e-01,5.236004623987486895e-01,1.704638902271713082e-09,-5.233808939937555360e-01,2.185729677772942834e-07
3.340000000000000000e+02,1.658810467431718061e-01,5.236004624055738965e-01,1.638038271138566972e-09,-5.233808931185865987e-01,2.100405416921304443e-07
3.350000000000000000e+02,1.658810472175308304e-01,5.236004624121324280e-01,1.574041779503173966e-09,-5.233808922775816663e-01,2.018411911281311159e-07
3.360000000000000000e+02,1.658810476733736383e-01,5.236004624184347200e-01,1.512549252195341360e-09,-5.233808914694070280e-01,1.939619152221794248e-07
3.370000000000000000e+02,1.658810481114230961e-01,5.236004624244907646e-01,1.453462323045386461e-09,-5.233808906927811533e-01,1.863902182732367485e-07
3.380000000000000000e+02,1.658810485323734818e-01,5.236004624303103316e-01,1.396687341995958903e-09,-5.233808899464724718e-01,1.791140964738344419e-07
3.390000000000000000e+02,1.658810489368924557e-01,5.236004624359025250e-01,1.342130288270583762e-09,-5.233808892292974857e-01,1.721220096098840944e-07
3.400000000000000000e+02,1.658810493256210328e-01,5.236004624412763375e-01,1.289707625625352010e-09,-5.233808885401188826e-01,1.654028708766353132e-07
3.410000000000000000e+02,1.658810496991760253e-01,5.236004624464402069e-01,1.239333261402447242e-09,-5.233808878778437590e-01,1.589460242683697438e-07
3.420000000000000000e+02,1.658810500581494041e-01,5.236004624514024597e-01,1.190929324050930533e-09,-5.233808872414219548e-01,1.527412314918681102e-07
3.430000000000000000e+02,1.658810504031102417e-01,5.236004624561708676e-01,1.144415723395558035e-09,-5.233808866298442775e-01,1.467786536999425580e-07
3.440000000000000000e+02,1.658810507346056839e-01,5.236004624607530911e-01,1.099721063024213027e-09,-5.233808860421408360e-01,1.410488376520804519e-07
3.450000000000000000e+02,1.658810510531611437e-01,5.236004624651563466e-01,1.056772077649140935e-09,-5.233808854773795982e-01,1.355426950956025344e-07
3.460000000000000000e+02,1.658810513592817448e-01,5.236004624693876286e-01,1.015501888801284599e-09,-5.233808849346650582e-01,1.302514938272395420e-07
3.470000000000000000e+02,1.658810516534527935e-01,5.236004624734535984e-01,9.758447441875998185e-10,-5.233808844131365712e-01,1.251668460194670627e-07
3.480000000000000000e+02,1.658810519361408053e-01,5.236004624773608063e-01,9.377389340736944281e-10,-5.233808839119670209e-01,1.202806873319694369e-07
3.490000000000000000e+02,1.658810522077940053e-01,5.236004624811154695e-01,9.011215855235147671e-10,-5.233808834303617097e-01,1.155852686329779327e-07
3.500000000000000000e+02,1.658810524688433263e-01,5.236004624847235833e-01,8.659340926732358243e-10,-5.233808829675569152e-01,1.110731439854813103e-07
3.510000000000000000e+02,1.658810527197022988e-01,5.236004624881906988e-01,8.321196763672632920e-10,-5.233808825228187800e-01,1.067371591150710728e-07
3.520000000000000000e+02,1.658810529607686046e-01,5.236004624915224781e-01,7.996288352381499918e-10,-5.233808820954419794e-01,1.025704400663501878e-07
3.530000000000000000e+02,1.658810531924249654e-01,5.236004624947241393e-01,7.684060908178922958e-10,-5.233808816847487222e-01,9.856637700530036330e-08
3.540000000000000000e+02,1.658810534150383931e-01,5.236004624978007893e-01,7.384035029822110321e-10,-5.233808812900877516e-01,9.471861965859560236e-08
3.550000000000000000e+02,1.658810536289621052e-01,5.236004625007573132e-01,7.095727870588827986e-10,-5.233808809108333460e-01,9.102106720937455020e-08
3.560000000000000000e+02,1.658810538345348029e-01,5.236004625035984850e-01,6.818680669152927718e-10,-5.233808805463839864e-01,8.746785885955406673e-08
3.570000000000000000e+02,1.658810540320829752e-01,5.236004625063286344e-01,6.552433674779148586e-10,-5.233808801961616908e-01,8.405335711487664942e-08
3.580000000000000000e+02,1.658810542219195105e-01,5.236004625089522024e-01,6.296606925299981274e-10,-5.233808798596111256e-01,8.077214761992317212e-08
3.590000000000000000e+02,1.658810544043457236e-01,5.236004625114734079e-01,6.050767760893183352e-10,-5.233808795361984956e-01,7.761902747398722998e-08
3.600000000000000000e+02,1.658810545796507163e-01,5.236004625138961366e-01,5.814512421431968796e-10,-5.233808792254109887e-01,7.458899449207571592e-08
3.610000000000000000e+02,1.658810547481126829e-01,5.236004625162242743e-01,5.587493234064626586e-10,-5.233808789267557771e-01,7.167724457118390845e-08
3.620000000000000000e+02,1.658810549099982712e-01,5.236004625184614847e-01,5.369339664058166205e-10,-5.233808786397592394e-01,6.887916142630816776e-08
3.630000000000000000e+02,1.658810550655646088e-01,5.236004625206113205e-01,5.159712549522042993e-10,-5.233808783639662954e-01,6.619030720269466766e-08
3.640000000000000000e+02,1.658810552150581097e-01,5.236004625226772236e-01,4.958278286987690895e-10,-5.233808780989395171e-01,6.360641912320207226e-08
3.650000000000000000e+02,1.658810553587160286e-01,5.236004625246625244e-01,4.764709666541943075e-10,-5.233808778442586851e-01,6.112339849536821252e-08
3.660000000000000000e+02,1.658810554967659889e-01,5.236004625265703316e-01,4.578686692372132907e-10,-5.233808775995199003e-01,5.873730856725974889e-08
3.670000000000000000e+02,1.658810556294270655e-01,5.236004625284036429e-01,4.399923552663348315e-10,-5.233808773643350287e-01,5.644436390440266641e-08
3.680000000000000000e+02,1.658810557569095345e-01,5.236004625301653448e-01,4.228144132350762447e-10,-5.233808771383311464e-01,5.424093022222467880e-08
3.690000000000000000e+02,1.658810558794153456e-01,5.236004625318583239e-01,4.063080237537512917e-10,-5.233808769211498735e-01,5.212351194809378860e-08
3.700000000000000000e+02,1.658810559971391485e-01,5.236004625334851337e-01,3.904448365038708900e-10,-5.233808767124467076e-01,5.008875356950435909e-08
3.710000000000000000e+02,1.658810561102672387e-01,5.236004625350484387e-01,3.752028133655124455e-10,-5.233808765118908024e-01,4.813342441374522176e-08
3.720000000000000000e+02,1.658810562189793059e-01,5.236004625365507925e-01,3.605557727197934491e-10,-5.233808763191639679e-01,4.625442761247998735e-08
3.730000000000000000e+02,1.658810563234477398e-01,5.236004625379944155e-01,3.464786699464167359e-10,-5.233808761339606708e-01,4.444877952190099377e-08
3.740000000000000000e+02,1.658810564238379914e-01,5.236004625393817502e-01,3.329531127760518659e-10,-5.233808759559872570e-01,4.271361924909140141e-08
3.750000000000000000e+02,1.658810565203094889e-01,5.236004625407149060e-01,3.199539356786353316e-10,-5.233808757849613968e-01,4.104619565503836645e-08
3.760000000000000000e+02,1.658810566130148878e-01,5.236004625419959924e-01,3.074627255656300126e-10,-5.233808756206119739e-01,3.944386295204127084e-08
3.770000000000000000e+02,1.658810567021014037e-01,5.236004625432271187e-01,2.954597737807297406e-10,-5.233808754626783077e-01,3.790408154382268317e-08
3.780000000000000000e+02,1.658810567877102848e-01,5.236004625444101723e-01,2.839241867085047643e-10,-5.233808753109099321e-01,3.642440923072066129e-08
3.790000000000000000e+02,1.658810568699773946e-01,5.236004625455470407e-01,2.728392221073348931e-10,-5.233808751650661506e-01,3.500249909930267679e-08
3.800000000000000000e+02,1.658810569490330178e-01,5.236004625466395002e-01,2.621870219656258905e-10,-5.233808750249157038e-01,3.363609517766230666e-08
3.810000000000000000e+02,1.658810570250024707e-01,5.236004625476893271e-01,2.519513639681444268e-10,-5.233808748902364361e-01,3.232303197397238609e-08
3.820000000000000000e+02,1.658810570980063515e-01,5.236004625486981867e-01,2.421149160396706764e-10,-5.233808747608146295e-01,3.106122839358774488e-08
3.830000000000000000e+02,1.658810571681604284e-01,5.236004625496676335e-01,2.326621144919974317e-10,-5.233808746364451148e-01,2.984868186722790582e-08
3.840000000000000000e+02,1.658810572355758906e-01,5.236004625505992216e-01,2.235790335919738435e-10,-5.233808745169306054e-01,2.868346994685707059e-08
3.850000000000000000e+02,1.658810573003597355e-01,5.236004625514943944e-01,2.148508456718965842e-10,-5.233808744020816972e-01,2.756374285854869932e-08
3.860000000000000000e+02,1.658810573626144647e-01,5.236004625523547062e-01,2.064645687863966831e-10,-5.233808742917162027e-01,2.648772924156366027e-08
3.870000000000000000e+02,1.658810574224389434e-01,5.236004625531813783e-01,1.984036509043711765e-10,-5.233808741856590396e-01,2.545372103015985669e-08
3.880000000000000000e+02,1.658810574799281512e-01,5.236004625539757429e-01,1.906587412220914878e-10,-5.233808740837420093e-01,2.446007658218949439e-08
3.890000000000000000e+02,1.658810575351731542e-01,5.236004625547391322e-01,1.832170436574594561e-10,-5.233808739858035741e-01,2.350522028563279271e-08
3.900000000000000000e+02,1.658810575882615213e-01,5.236004625554727676e-01,1.760650247358550286e-10,-5.233808738916884140e-01,2.258763955174695938e-08
3.910000000000000000e+02,1.658810576392775182e-01,5.236004625561777592e-01,1.691910745296914891e-10,-5.233808738012472039e-01,2.170587963125043416e-08
3.920000000000000000e+02,1.658810576883020527e-01,5.236004625568552173e-01,1.625855794558151541e-10,-5.233808737143366141e-01,2.085853939486770540e-08
3.930000000000000000e+02,1.658810577354127291e-01,5.236004625575062521e-01,1.562382281355159719e-10,-5.233808736308187548e-01,2.004427761026529469e-08
3.940000000000000000e+02,1.658810577806845432e-01,5.236004625581318628e-01,1.501381274875403266e-10,-5.233808735505612875e-01,1.926180214167789434e-08
3.950000000000000000e+02,1.658810578241889377e-01,5.236004625587330485e-01,1.442764021545618468e-10,-5.233808734734367585e-01,1.850987472168482405e-08
3.960000000000000000e+02,1.658810578659949686e-01,5.236004625593106976e-01,1.386435288296194705e-10,-5.233808733993230433e-01,1.778729711477797155e-08
3.970000000000000000e+02,1.658810579061690826e-01,5.236004625598658091e-01,1.332321948798604127e-10,-5.233808733281024583e-01,1.709292892078012539e-08
3.980000000000000000e+02,1.658810579447748679e-01,5.236004625603992713e-01,1.280318117496334525e-10,-5.233808732596622049e-01,1.642566578763902353e-08
3.990000000000000000e+02,1.658810579818736919e-01,5.236004625609118612e-01,1.230339579752775467e-10,-5.233808731938937031e-01,1.578445288031933972e-08
4.000000000000000000e+02,1.658810580175240079e-01,5.236004625614044672e-01,1.182323347211932159e-10,-5.233808731306925921e-01,1.516827228381571800e-08
4.010000000000000000e+02,1.658810580517829092e-01,5.236004625618778663e-01,1.136175081788493992e-10,-5.233808730699586187e-01,1.457614426143119414e-08
4.020000000000000000e+02,1.658810580847043525e-01,5.236004625623328357e-01,1.091822999904117240e-10,-5.233808730115955266e-01,1.400712997583667726e-08
4.030000000000000000e+02,1.658810581163407960e-01,5.236004625627700415e-01,1.049190091830564536e-10,-5.233808729555108341e-01,1.346032795033934480e-08
4.040000000000000000e+02,1.658810581467421441e-01,5.236004625631901499e-01,1.008222025552699294e-10,-5.233808729016155015e-01,1.293487338672954874e-08
4.050000000000000000e+02,1.658810581759567471e-01,5.236004625635938270e-01,9.688605511317019043e-11,-5.233808728498241525e-01,1.242992964377426586e-08
4.060000000000000000e+02,1.658810582040307624e-01,5.236004625639817389e-01,9.310432679704716912e-11,-5.233808728000545196e-01,1.194469992783762437e-08
4.070000000000000000e+02,1.658810582310090431e-01,5.236004625643545518e-01,8.947036863398054258e-11,-5.233808727522277771e-01,1.147840929936773959e-08
4.080000000000000000e+02,1.658810582569340553e-01,5.236004625647128208e-01,8.597722490246172248e-11,-5.233808727062680966e-01,1.103032239037270495e-08
4.090000000000000000e+02,1.658810582818470436e-01,5.236004625650571009e-01,8.262019849433597409e-11,-5.233808726621025365e-01,1.059972779286610311e-08
4.100000000000000000e+02,1.658810583057875321e-01,5.236004625653879474e-01,7.939430259214685607e-11,-5.233808726196611527e-01,1.018594212716541775e-08
4.110000000000000000e+02,1.658810583287934348e-01,5.236004625657058043e-01,7.629419818809475371e-11,-5.233808725788765548e-01,9.788311702622183848e-09
4.120000000000000000e+02,1.658810583509010561e-01,5.236004625660113376e-01,7.331687864223730227e-11,-5.233808725396840167e-01,9.406202823910532530e-09
4.130000000000000000e+02,1.658810583721460341e-01,5.236004625663048806e-01,7.045375966695044646e-11,-5.233808725020214769e-01,9.039008937145976694e-09
4.140000000000000000e+02,1.658810583925614535e-01,5.236004625665869883e-01,6.770392088598277291e-11,-5.233808724658292055e-01,8.686150310936263165e-09
4.150000000000000000e+02,1.658810584121798715e-01,5.236004625668581047e-01,6.506087117017311264e-11,-5.233808724310498040e-01,8.347066990759856626e-09
4.160000000000000000e+02,1.658810584310324021e-01,5.236004625671185631e-01,6.252048013715427472e-11,-5.233808723976280941e-01,8.021221017021900122e-09
4.170000000000000000e+02,1.658810584491489937e-01,5.236004625673689183e-01,6.008104719950100122e-11,-5.233808723655110073e-01,7.708095181559273009e-09
4.180000000000000000e+02,1.658810584665584564e-01,5.236004625676095037e-01,5.773527809097548259e-11,-5.233808723346476954e-01,7.407191257495801858e-09
4.190000000000000000e+02,1.658810584832883239e-01,5.236004625678406521e-01,5.548101148573915840e-11,-5.233808723049891976e-01,7.118034023383297121e-09
4.200000000000000000e+02,1.658810584993650472e-01,5.236004625680628077e-01,5.331581733739635946e-11,-5.233808722764885513e-01,6.840164009113475341e-09
4.210000000000000000e+02,1.658810585148141892e-01,5.236004625682763036e-01,5.123443810362361983e-11,-5.233808722491004595e-01,6.573143875563136603e-09
4.220000000000000000e+02,1.658810585296602580e-01,5.236004625684814728e-01,4.923398549742988940e-11,-5.233808722227815124e-01,6.316545939952146544e-09
4.230000000000000000e+02,1.658810585439267626e-01,5.236004625686786484e-01,4.731145595229083603e-11,-5.233808721974899658e-01,6.069964774621416668e-09
4.240000000000000000e+02,1.658810585576364349e-01,5.236004625688680525e-01,4.546359417244162905e-11,-5.233808721731857405e-01,5.833008919579679803e-09
4.250000000000000000e+02,1.658810585708109242e-01,5.236004625690501291e-01,4.368965703721001762e-11,-5.233808721498303118e-01,5.605303494365859796e-09
4.260000000000000000e+02,1.658810585834710472e-01,5.236004625692251002e-01,4.198336849870735198e-11,-5.233808721273865983e-01,5.386486892863588520e-09
4.270000000000000000e+02,1.658810585956369821e-01,5.236004625693931880e-01,4.034362246535333359e-11,-5.233808721058190727e-01,5.176212055692210389e-09
4.280000000000000000e+02,1.658810586073279081e-01,5.236004625695547254e-01,3.876915699265252000e-11,-5.233808720850934293e-01,4.974146797372041451e-09
4.290000000000000000e+02,1.658810586185624492e-01,5.236004625697099346e-01,3.725591137961697171e-11,-5.233808720651769164e-01,4.779968923459323227e-09
4.300000000000000000e+02,1.658810586293584521e-01,5.236004625698591486e-01,3.580225281933734696e-11,-5.233808720460378927e-01,4.593372193371244758e-09
4.310000000000000000e+02,1.658810586397330422e-01,5.236004625700024784e-01,3.440382494665228207e-11,-5.233808720276459381e-01,4.414060021590146824e-09
4.320000000000000000e+02,1.658810586497026507e-01,5.236004625701402571e-01,3.306140079259562939e-11,-5.233808720099719647e-01,4.241745961303330540e-09
4.330000000000000000e+02,1.658810586592830427e-01,5.236004625702725956e-01,3.177031915867434156e-11,-5.233808719929879949e-01,4.076158238775812121e-09
4.340000000000000000e+02,1.658810586684893451e-01,5.236004625703998272e-01,3.053111218887826506e-11,-5.233808719766670503e-01,3.917036615632651996e-09
4.350000000000000000e+02,1.658810586773364071e-01,5.236004625705220628e-01,2.933888432993266577e-11,-5.233808719609831517e-01,3.764127458402264835e-09
4.360000000000000000e+02,1.658810586858380787e-01,5.236004625706395244e-01,2.819387984891528564e-11,-5.233808719459115411e-01,3.617184769162795679e-09
4.370000000000000000e+02,1.658810586940077936e-01,5.236004625707524340e-01,2.709362631549718982e-11,-5.233808719314283486e-01,3.475978941611702754e-09
4.380000000000000000e+02,1.658810587018586524e-01,5.236004625708609028e-01,2.603554377529304015e-11,-5.233808719175104818e-01,3.340288084822466258e-09
4.390000000000000000e+02,1.658810587094029232e-01,5.236004625709651528e-01,2.501954858784328434e-11,-5.233808719041359581e-01,3.209892306373595236e-09
4.400000000000000000e+02,1.658810587166527351e-01,5.236004625710652949e-01,2.404282183531392904e-11,-5.233808718912834612e-01,3.084586905213123665e-09
4.410000000000000000e+02,1.658810587236195788e-01,5.236004625711615512e-01,2.310517144793492201e-11,-5.233808718789327852e-01,2.964172371260211030e-09
4.420000000000000000e+02,1.658810587303144457e-01,5.236004625712540328e-01,2.220353893743391876e-11,-5.233808718670641680e-01,2.848459733252399042e-09
4.430000000000000000e+02,1.658810587367479383e-01,5.236004625713429617e-01,2.133754247417908281e-11,-5.233808718556589579e-01,2.737263429709214058e-09
4.440000000000000000e+02,1.658810587429304095e-01,5.236004625714284488e-01,2.050393777200818416e-11,-5.233808718446989472e-01,2.630408816590256809e-09
4.450000000000000000e+02,1.658810587488713795e-01,5.236004625715104943e-01,1.970218869242284196e-11,-5.233808718341667054e-01,2.527725681559473378e-09
4.460000000000000000e+02,1.658810587545804238e-01,5.236004625715894312e-01,1.893423592903676859e-11,-5.233808718240456903e-01,2.429048441603107958e-09
4.470000000000000000e+02,1.658810587600667019e-01,5.236004625716652594e-01,1.819399055418488001e-11,-5.233808718143198035e-01,2.334225852271814778e-09
4.480000000000000000e+02,1.658810587653387902e-01,5.236004625717380900e-01,1.748330558665283258e-11,-5.233808718049735020e-01,2.243105209755947065e-09
4.490000000000000000e+02,1.658810587704050155e-01,5.236004625718081451e-01,1.680125619952876642e-11,-5.233808717959921308e-01,2.155539134852503932e-09
4.500000000000000000e+02,1.658810587752735377e-01,5.236004625718754246e-01,1.614421631937029149e-11,-5.233808717873613681e-01,2.071394181148143056e-09
4.510000000000000000e+02,1.658810587799518232e-01,5.236004625719400396e-01,1.551380167746963956e-11,-5.233808717790674470e-01,1.990533616583849688e-09
4.520000000000000000e+02,1.658810587844477547e-01,5.236004625720022121e-01,1.490889825927506859e-11,-5.233808717710973779e-01,1.912827094263801278e-09
4.530000000000000000e+02,1.658810587887680210e-01,5.236004625720619421e-01,1.432571806574973107e-11,-5.233808717634383934e-01,1.838156854153256090e-09
4.540000000000000000e+02,1.658810587929197555e-01,5.236004625721193406e-01,1.376565549311106937e-11,-5.233808717560783919e-01,1.766399669378007741e-09
4.550000000000000000e+02,1.658810587969093975e-01,5.236004625721744077e-01,1.322744960700798595e-11,-5.233808717490057161e-01,1.697443524105522837e-09
4.560000000000000000e+02,1.658810588007431364e-01,5.236004625722273653e-01,1.271244258161802103e-11,-5.233808717422091528e-01,1.631180154097260899e-09
4.570000000000000000e+02,1.658810588044273837e-01,5.236004625722782135e-01,1.221657165335574337e-11,-5.233808717356779328e-01,1.567504038005306293e-09
4.580000000000000000e+02,1.658810588079674964e-01,5.236004625723271744e-01,1.174107098763182175e-11,-5.233808717294016200e-01,1.506314136473728199e-09
4.590000000000000000e+02,1.658810588113698303e-01,5.236004625723741368e-01,1.128178705439549848e-11,-5.233808717233703334e-01,1.447511298653108529e-09
4.600000000000000000e+02,1.658810588146390208e-01,5.236004625724193229e-01,1.084253091807959816e-11,-5.233808717175745251e-01,1.391005027474646464e-09
4.610000000000000000e+02,1.658810588177806467e-01,5.236004625724627326e-01,1.041904395113521033e-11,-5.233808717120048692e-01,1.336705057851519692e-09
4.620000000000000000e+02,1.658810588207998149e-01,5.236004625725044770e-01,1.001239667276458895e-11,-5.233808717066527061e-01,1.284522399275309512e-09
4.630000000000000000e+02,1.658810588237011607e-01,5.236004625725445560e-01,9.620905726783136448e-12,-5.233808717015094869e-01,1.234377953719894287e-09
4.640000000000000000e+02,1.658810588264889307e-01,5.236004625725830808e-01,9.245583718192923540e-12,-5.233808716965669960e-01,1.186192152134422606e-09
4.650000000000000000e+02,1.658810588291682042e-01,5.236004625726200512e-01,8.884633203767016162e-12,-5.233808716918174619e-01,1.139885321804158585e-09
4.660000000000000000e+02,1.658810588317427004e-01,5.236004625726555783e-01,8.539002716934755398e-12,-5.233808716872533351e-01,1.095387167651871938e-09
4.670000000000000000e+02,1.658810588342166936e-01,5.236004625726897732e-01,8.206857964251390223e-12,-5.233808716828673990e-01,1.052626013142375523e-09
4.680000000000000000e+02,1.658810588365940419e-01,5.236004625727226358e-01,7.886371957291941991e-12,-5.233808716786526594e-01,1.011534601999938817e-09
4.690000000000000000e+02,1.658810588388787699e-01,5.236004625727541661e-01,7.578342911040847607e-12,-5.233808716746024547e-01,9.720468877772355887e-10
4.700000000000000000e+02,1.658810588410741527e-01,5.236004625727844752e-01,7.283520716280650856e-12,-5.233808716707103459e-01,9.341011397309740040e-10
4.710000000000000000e+02,1.658810588431839650e-01,5.236004625728136741e-01,6.999971892522660459e-12,-5.233808716669702266e-01,8.976359343148080424e-10
4.720000000000000000e+02,1.658810588452113433e-01,5.236004625728416517e-01,6.725754913239617912e-12,-5.233808716633761016e-01,8.625957221479894857e-10
4.730000000000000000e+02,1.658810588471595071e-01,5.236004625728686301e-01,6.464179627152159379e-12,-5.233808716599223088e-01,8.289230197169893337e-10
4.740000000000000000e+02,1.658810588490315929e-01,5.236004625728944983e-01,6.210598947138457136e-12,-5.233808716566032970e-01,7.965658591662020814e-10
4.750000000000000000e+02,1.658810588508307093e-01,5.236004625729193673e-01,5.968268267143215780e-12,-5.233808716534138483e-01,7.654703803436371739e-10
4.760000000000000000e+02,1.658810588525596319e-01,5.236004625729432371e-01,5.735159747523787406e-12,-5.233808716503488556e-01,7.355889244557761707e-10
4.770000000000000000e+02,1.658810588542210529e-01,5.236004625729662187e-01,5.511822462797519703e-12,-5.233808716474035450e-01,7.068726813806566797e-10
4.780000000000000000e+02,1.658810588558176924e-01,5.236004625729883122e-01,5.296159136467663479e-12,-5.233808716445732534e-01,6.792780585072663482e-10
4.790000000000000000e+02,1.658810588573517986e-01,5.236004625730095174e-01,5.088703309953741993e-12,-5.233808716418534290e-01,6.527622574120056679e-10
4.800000000000000000e+02,1.658810588588262303e-01,5.236004625730299455e-01,4.889953075482917511e-12,-5.233808716392397420e-01,6.272802904219346752e-10
