# Time, SliderHeight, Motor1Pos, Motor1Vel, Motor2Pos, Motor2Vel
0.000000000000000000e+00,2.600000000000000089e-01,0.000000000000000000e+00,0.000000000000000000e+00,0.000000000000000000e+00,0.000000000000000000e+00
1.000000000000000000e+00,1.469766037362257860e-01,3.649157285690307444e-03,8.757977485656738281e-01,-1.173779260372849118e-02,-2.817070224894838049e+00
2.000000000000000000e+00,2.134085177537868028e-01,5.682470202445983817e-03,4.879951000213622048e-01,-2.421330945099806758e-02,-2.994124043344698283e+00
3.000000000000000000e+00,2.730590220521730838e-01,6.549020230770111368e-03,2.079720067977905429e-01,-3.408558118063938908e-02,-2.369345215113916936e+00
4.000000000000000000e+00,2.349792460486208878e-01,8.667641538381577401e-03,5.084691138267518618e-01,-4.672361661644672953e-02,-3.033128504593761932e+00
5.000000000000000000e+00,2.837018486534638173e-01,9.716886572241784439e-03,2.518188081264495226e-01,-5.598428499089137117e-02,-2.222560409866713549e+00
6.000000000000000000e+00,2.059115979889483694e-01,1.295301761525869538e-02,7.766714503240585987e-01,-7.006252130205434248e-02,-3.378776714679112114e+00
7.000000000000000000e+00,2.952710814101690562e-01,1.440262895492911560e-02,3.479067215209007413e-01,-7.842024769369627946e-02,-2.005854333994065097e+00
8.000000000000000000e+00,1.496768564020425352e-01,1.908270807565629751e-02,1.123218988974523658e+00,-9.453350562645179700e-02,-3.867181903861325765e+00
9.000000000000000000e+00,3.049542633874378073e-01,2.089413665087265157e-02,4.347428580519248076e-01,-1.017269693102731271e-01,-1.726431284117119436e+00
1.000000000000000000e+01,1.447216554686692469e-01,2.619967456774034351e-02,1.273329100048245843e+00,-1.167166731837325777e-01,-3.597528929630269712e+00
1.100000000000000000e+01,2.764810803346080537e-01,3.019109007223950286e-02,9.579397210797979678e-01,-1.286748690443397791e-01,-2.869967006545727450e+00
1.200000000000000000e+01,1.828333653642787437e-01,3.594437214587187929e-02,1.380787697671769676e+00,-1.447946108594846404e-01,-3.868738035634765815e+00
1.300000000000000000e+01,2.793558727107443018e-01,4.057423150110891358e-02,1.111166245256887564e+00,-1.572022438900926300e-01,-2.977831927345919727e+00
1.400000000000000000e+01,1.680882447859096962e-01,4.729740508409128324e-02,1.613561659915768942e+00,-1.737964444357492921e-01,-3.982608130957600245e+00
1.500000000000000000e+01,2.679491012508061765e-01,5.297782440196083936e-02,1.363300636288694134e+00,-1.876879989034531959e-01,-3.333973072248937797e+00
1.600000000000000000e+01,1.881556682294056315e-01,6.005779879579491165e-02,1.699193854520176572e+00,-2.038338519862203102e-01,-3.875004739864104764e+00
1.700000000000000000e+01,2.278836274544852603e-01,6.725633720120383074e-02,1.727649217298139250e+00,-2.195895793095509752e-01,-3.781374557599357367e+00
1.800000000000000000e+01,2.214458768025772406e-01,7.469570558870368415e-02,1.785448412999965706e+00,-2.349031040856998098e-01,-3.675245946275718101e+00
1.900000000000000000e+01,2.377697796514765816e-01,8.173633743767022564e-02,1.689751643751970844e+00,-2.481787797020853781e-01,-3.186162147932533717e+00
2.000000000000000000e+01,1.973743669220504593e-01,8.947955783704590604e-02,1.858372895850162854e+00,-2.608799297347904611e-01,-3.048276007849215929e+00
2.100000000000000000e+01,7.243162434467222965e-01,9.825667038410608456e-02,2.106507011294443288e+00,-2.715111099542893425e-01,-2.551483252679726643e+00
2.200000000000000000e+01,2.616000687205737307e-01,1.079378214018020393e-01,2.323476244247030476e+00,-2.782087733919964001e-01,-1.607439225049692721e+00
2.300000000000000000e+01,-2.383916110175068881e-01,1.197377341869300671e-01,2.831979068430726443e+00,-2.852635393061231928e-01,-1.693143819390426463e+00
2.400000000000000000e+01,-1.932817877379900684e-01,1.321820763840818036e-01,2.986642127316413653e+00,-2.936267980502240138e-01,-2.007182098584195717e+00
2.500000000000000000e+01,-1.430220835361330767e-01,1.446697427118906754e-01,2.997039918674127001e+00,-3.023358281164937322e-01,-2.090167215904730647e+00
2.600000000000000000e+01,-1.486639301792662682e-01,1.574948590950747684e-01,3.078027931964184560e+00,-3.114499773719525133e-01,-2.187395821310107902e+00
2.700000000000000000e+01,2.057287117841601343e-01,1.707667018684226878e-01,3.185242265603501988e+00,-3.210357591814365086e-01,-2.300587634276155757e+00
2.800000000000000000e+01,3.985419014069794263e-01,1.846447085481117967e-01,3.330721603125385677e+00,-3.312014816981875276e-01,-2.439773404020238790e+00
2.900000000000000000e+01,2.304649876028996291e-01,1.991565074152854831e-01,3.482831728121684733e+00,-3.418918590650172895e-01,-2.565690568039138864e+00
3.000000000000000000e+01,1.848794955825103226e-01,2.143018822932637735e-01,3.634889970714790142e+00,-3.529265082691637745e-01,-2.648315808995157727e+00
3.100000000000000000e+01,1.845947748549189027e-01,2.298482639549133399e-01,3.731131598795898174e+00,-3.639466247094470530e-01,-2.644827945667992175e+00
3.200000000000000000e+01,1.830177122675527013e-01,2.453582807985000558e-01,3.722404042460810469e+00,-3.751379124926931263e-01,-2.685909067979058484e+00
3.300000000000000000e+01,1.579129742034187933e-01,2.605153493078592453e-01,3.637696442246211692e+00,-3.870103481204553719e-01,-2.849384550662938498e+00
3.400000000000000000e+01,2.022992803603295142e-01,2.752531145759488651e-01,3.537063664341514979e+00,-3.990184259580537018e-01,-2.881938681023604509e+00
3.500000000000000000e+01,1.761799007512915016e-01,2.896860636484798190e-01,3.463907777407424504e+00,-4.106941877440349886e-01,-2.802182828635511935e+00
3.600000000000000000e+01,1.626463424332684482e-01,3.037206766443557582e-01,3.368307119010224948e+00,-4.216216399905811651e-01,-2.622588539171077926e+00
3.700000000000000000e+01,1.649739044217156669e-01,3.171386573376944185e-01,3.220315366401274915e+00,-4.316380640244141254e-01,-2.403941768119907785e+00
3.800000000000000000e+01,1.653697175979398082e-01,3.298346448230786709e-01,3.047036996492221039e+00,-4.407403820540902739e-01,-2.184556327122268993e+00
3.900000000000000000e+01,1.563728113785317064e-01,3.418766780168907005e-01,2.890087966514891527e+00,-4.489753416011202924e-01,-1.976390291287203782e+00
4.000000000000000000e+01,1.570385493576282876e-01,3.532142272743981071e-01,2.721011821801779362e+00,-4.564082224767330720e-01,-1.783891410147067536e+00
4.100000000000000000e+01,1.619990298947543705e-01,3.637494234323735975e-01,2.528447077914119046e+00,-4.631084982960261831e-01,-1.608066196630342004e+00
4.200000000000000000e+01,1.607670103860753819e-01,3.735043991930337981e-01,2.341194182558450798e+00,-4.691445167853193210e-01,-1.448644437430350207e+00
4.300000000000000000e+01,1.467230814568262764e-01,3.827418675492182398e-01,2.216992405484264239e+00,-4.745830945196291561e-01,-1.305258656234358883e+00
4.400000000000000000e+01,1.423137804855881816e-01,3.915323129804814672e-01,2.109706903503176356e+00,-4.794808841478727102e-01,-1.175469510778449189e+00
4.500000000000000000e+01,1.391435881568508781e-01,3.999247531554197543e-01,2.014185641985193342e+00,-4.838904507195112004e-01,-1.058295977193236981e+00
4.600000000000000000e+01,1.349015963403145391e-01,4.079903823661261142e-01,1.935751010569532360e+00,-4.878597043400731414e-01,-9.526208689348708569e-01
4.700000000000000000e+01,1.331264536276632326e-01,4.157520827050577572e-01,1.862808081343589661e+00,-4.914322357106137296e-01,-8.574075289297423685e-01
4.800000000000000000e+01,1.349600211659666427e-01,4.231677558898779279e-01,1.779761564356843850e+00,-4.946476342151535088e-01,-7.716956410895492446e-01
4.900000000000000000e+01,1.260443976109568709e-01,4.304181433055840333e-01,1.740092979769461312e+00,-4.975416228516912343e-01,-6.945572727690606518e-01
5.000000000000000000e+01,1.227417678739221168e-01,4.375470843762849227e-01,1.710945856968218770e+00,-5.001461830493219018e-01,-6.250944474313482324e-01
5.100000000000000000e+01,1.286742297034973725e-01,4.444158643790473984e-01,1.648507200662998606e+00,-5.024900447410709514e-01,-5.625268060197609055e-01
5.200000000000000000e+01,1.328780623180933484e-01,4.509448680695624656e-01,1.566960885723621022e+00,-5.045991698340268616e-01,-5.061900223094264462e-01
5.300000000000000000e+01,1.359035315821327250e-01,4.570927566501436501e-01,1.475493259339488272e+00,-5.064966977911202761e-01,-4.554067097024159239e-01
5.400000000000000000e+01,1.247172292674443295e-01,4.631453108545055541e-01,1.452613009046851866e+00,-5.082028616062406190e-01,-4.094793156288697999e-01
5.500000000000000000e+01,1.254085811584392807e-01,4.690734999123215010e-01,1.422765373875828576e+00,-5.097355249359821761e-01,-3.678391991379850179e-01
5.600000000000000000e+01,1.409707982123479530e-01,4.745032361347611416e-01,1.303136693385516409e+00,-5.111092331713861237e-01,-3.296899764969487001e-01
5.700000000000000000e+01,1.441529047592569057e-01,4.794074390538967667e-01,1.177008700592552692e+00,-5.123342223225672010e-01,-2.939973962834517285e-01
5.800000000000000000e+01,1.450894876159383173e-01,4.838248337230586782e-01,1.060174720598860754e+00,-5.134131447653570435e-01,-2.589413862695559287e-01
5.900000000000000000e+01,1.449697165140975685e-01,4.878015022050218863e-01,9.544004356711756065e-01,-5.143236281708547519e-01,-2.185160173194569122e-01
6.000000000000000000e+01,1.436135447242607166e-01,4.913808972304868905e-01,8.590548061115994560e-01,-5.150115270588250249e-01,-1.650957331128531380e-01
6.100000000000000000e+01,1.386426602768866534e-01,4.946025196483745945e-01,7.731893802930501769e-01,-5.153323908976724654e-01,-7.700732132338758418e-02
6.200000000000000000e+01,1.190609371193954574e-01,4.975020751972291100e-01,6.958933317250811657e-01,-5.148279635540846666e-01,1.210625624610602857e-01
6.300000000000000000e+01,1.275785589563297184e-01,5.001117228702985917e-01,6.263154415366826155e-01,-5.139396975396547385e-01,2.131838434631816992e-01
6.400000000000000000e+01,1.272577020035083328e-01,5.024604176965173918e-01,5.636867582925103592e-01,-5.127307986945245366e-01,2.901357228312356762e-01
6.500000000000000000e+01,1.251955389852173750e-01,5.045742535041467525e-01,5.073205938310560992e-01,-5.112020999531468046e-01,3.668876979306628372e-01
6.600000000000000000e+01,1.193650639628582866e-01,5.064767057320471721e-01,4.565885346961128244e-01,-5.092673727129236605e-01,4.643345376535416569e-01
6.700000000000000000e+01,1.040535272391309440e-01,5.081889127401238992e-01,4.109296819384239408e-01,-5.067172695945778571e-01,6.120247484029932572e-01
6.800000000000000000e+01,1.001267257500950691e-01,5.097298990461542889e-01,3.698367134472833606e-01,-5.035913521785007063e-01,7.502201798585295123e-01
6.900000000000000000e+01,1.124964734504282082e-01,5.111167867177460744e-01,3.328530411820169732e-01,-5.002584564290469826e-01,7.998949798688845814e-01
7.000000000000000000e+01,1.121638667589962557e-01,5.123649856220757748e-01,2.995677370391157668e-01,-4.967324642221678244e-01,8.462381296510023132e-01
7.100000000000000000e+01,1.079461595822018005e-01,5.134883646366886767e-01,2.696109635070964017e-01,-4.929545994869378722e-01,9.066875364551834071e-01
7.200000000000000000e+01,1.073865830909458419e-01,5.144994057495578810e-01,2.426498670885978703e-01,-4.889499369864370726e-01,9.611190001201934674e-01
7.300000000000000000e+01,1.207080119546942998e-01,5.154093427480335166e-01,2.183848796341538445e-01,-4.850195658468897664e-01,9.432890734913507158e-01
7.400000000000000000e+01,1.269434426138418837e-01,5.162282860456326450e-01,1.965463914237833842e-01,-4.812645953781608532e-01,9.011929124949454861e-01
7.500000000000000000e+01,1.318639508772672664e-01,5.169653350128732283e-01,1.768917521377279811e-01,-4.777424081931074817e-01,8.453249244128030471e-01
7.600000000000000000e+01,1.378527479973380709e-01,5.176286790825707085e-01,1.592025767273849979e-01,-4.745329851558032774e-01,7.702615289530138076e-01
7.700000000000000000e+01,1.422556808856895172e-01,5.182256887449845362e-01,1.432823189793094310e-01,-4.716653157294129484e-01,6.882406623336776441e-01
7.800000000000000000e+01,1.453323106827527078e-01,5.187629974412586442e-01,1.289540871057910654e-01,-4.691245361600706598e-01,6.097870966421554684e-01
7.900000000000000000e+01,1.482781475483868905e-01,5.192465752680185398e-01,1.160586784223871792e-01,-4.668936334608939642e-01,5.354166478024051656e-01
8.000000000000000000e+01,1.507851283222993721e-01,5.196817953123306078e-01,1.044528106348920349e-01,-4.649427553272740266e-01,4.682107520687899260e-01
8.100000000000000000e+01,1.530729785127408482e-01,5.200734933524517878e-01,9.400752962909553201e-02,-4.632401710146513141e-01,4.086202350294571017e-01
8.200000000000000000e+01,1.555044847465882618e-01,5.204260215886596930e-01,8.460677668990343459e-02,-4.617694137525097386e-01,3.529817429139779361e-01
8.300000000000000000e+01,1.576151768814183229e-01,5.207432970014355123e-01,7.614609906619967949e-02,-4.605053099764142566e-01,3.033849062629137006e-01
8.400000000000000000e+01,1.595029426827646035e-01,5.210288448731720257e-01,6.853148921675783489e-02,-4.594216123255805417e-01,2.600874362000918372e-01
8.500000000000000000e+01,1.612005291878507718e-01,5.212858379585980639e-01,6.167834050225201592e-02,-4.584938901825136859e-01,2.226533143360517608e-01
8.600000000000000000e+01,1.627226245235967594e-01,5.215171317370100867e-01,5.551050681888589078e-02,-4.577004182334091231e-01,1.904332677850930078e-01
8.700000000000000000e+01,1.640803671003562558e-01,5.217252961399890809e-01,4.995945671496529461e-02,-4.570222455777147030e-01,1.627614373666561032e-01
8.800000000000000000e+01,1.652860421062072316e-01,5.219126441064223521e-01,4.496351194398984924e-02,-4.564430254246823471e-01,1.390128367277596311e-01
8.900000000000000000e+01,1.663519580995732328e-01,5.220812572821822428e-01,4.046716218238432389e-02,-4.559486918530232247e-01,1.186400571981917340e-01
9.000000000000000000e+01,1.672907645411065292e-01,5.222330091502513927e-01,3.642044833658390768e-02,-4.555271477867319230e-01,1.011705759099069679e-01
9.100000000000000000e+01,1.681152960426097742e-01,5.223695858487386046e-01,3.277840763692597970e-02,-4.551680104580608788e-01,8.619295888105345249e-02
9.200000000000000000e+01,1.688373533590575015e-01,5.224925049094222285e-01,2.950057456405871456e-02,-4.548623421964222979e-01,7.336038279326038969e-02
9.300000000000000000e+01,1.694684336706857586e-01,5.226031321285145026e-01,2.655053258214032028e-02,-4.546024641313885506e-01,6.237073560810536127e-02
9.400000000000000000e+01,1.700188206294608040e-01,5.227026967676442482e-01,2.389551339113042683e-02,-4.543817514275023117e-01,5.297104893269144466e-02
9.500000000000000000e+01,1.704974983683950063e-01,5.227923052859512199e-01,2.150604439367061541e-02,-4.541944215622536474e-01,4.495916765967505890e-02
9.600000000000000000e+01,1.709115552786947545e-01,5.228729538411874822e-01,1.935565325670704148e-02,-4.540352593568737771e-01,3.819892929116864427e-02
9.700000000000000000e+01,1.712639020588478111e-01,5.229455396910911436e-01,1.742060397688470139e-02,-4.538992654880366073e-01,3.263852852092622575e-02
9.800000000000000000e+01,1.715500065666989149e-01,5.230108699827082930e-01,1.567926998810868777e-02,-4.537821515668969963e-01,2.810734107350959521e-02
9.900000000000000000e+01,1.717888880774050553e-01,5.230696685281333025e-01,1.411165090199031392e-02,-4.536817835150879219e-01,2.408833243417515813e-02
1.000000000000000000e+02,1.720241273097148638e-01,5.231225900535072526e-01,1.270116608974765880e-02,-4.535950195596935020e-01,2.082334929465639445e-02
1.010000000000000000e+02,1.722073190530659381e-01,5.231702193056655403e-01,1.143102051799352661e-02,-4.535213021055684579e-01,1.769218899001350973e-02
1.020000000000000000e+02,1.723861225597528857e-01,5.232130918503352657e-01,1.028941072074146534e-02,-4.534552159728694187e-01,1.586067184776307828e-02
1.030000000000000000e+02,1.725187908186580077e-01,5.232516678307859159e-01,9.258235308162256205e-03,-4.534039662994808206e-01,1.229992161326154583e-02
1.040000000000000000e+02,1.727789842178916457e-01,5.232865556932784212e-01,8.373086998201762637e-03,-4.533518098720057954e-01,1.251754259400076480e-02
1.050000000000000000e+02,1.727495283051904418e-01,5.233177892428896305e-01,7.496051906677362632e-03,-4.533129894567359819e-01,9.316899664761471578e-03
1.060000000000000000e+02,1.729181553060717413e-01,5.233460764973100199e-01,6.788941060900988839e-03,-4.532731085010921479e-01,9.571429354525208891e-03
1.070000000000000000e+02,1.729598420931061642e-01,5.233713589506896469e-01,6.067788811118175404e-03,-4.532457858423313835e-01,6.557438102588755702e-03
1.080000000000000000e+02,1.730956321623170202e-01,5.233942828484481335e-01,5.501735462042127434e-03,-4.532172492947181275e-01,6.848771427175253529e-03
1.090000000000000000e+02,1.730128895410636969e-01,5.234149540296876291e-01,4.961083497468897485e-03,-4.531874684183844759e-01,7.147410320074702728e-03
1.100000000000000000e+02,1.732125041769677076e-01,5.234333430994309033e-01,4.413376738381666678e-03,-4.531756151229088259e-01,2.844790914157251452e-03
1.110000000000000000e+02,1.733885686540103110e-01,5.234500161715863742e-01,4.001537317307522594e-03,-4.531643500499911159e-01,2.703617500247152902e-03
1.120000000000000000e+02,1.733652979294637297e-01,5.234650436757971592e-01,3.606601010576222701e-03,-4.531525840291387164e-01,2.823845004581838989e-03
1.130000000000000000e+02,1.733438151883958112e-01,5.234785894009628127e-01,3.250974039754720574e-03,-4.531401320228368168e-01,2.988481512456872807e-03
1.140000000000000000e+02,1.733241124199338679e-01,5.234908008408891700e-01,2.930745582338301937e-03,-4.531269958347501903e-01,3.152685140786100348e-03
1.150000000000000000e+02,1.733064899947291682e-01,5.235018107890597738e-01,2.642387560935023638e-03,-4.531132471697867370e-01,3.299679591233976514e-03
1.160000000000000000e+02,1.734059933806500475e-01,5.235115252387420037e-01,2.331467923733795446e-03,-4.531084065677991046e-01,1.161744477036802566e-03
1.170000000000000000e+02,1.734229752361534926e-01,5.235204399354751459e-01,2.139527215941929277e-03,-4.531018133148410620e-01,1.582380709923834330e-03
1.180000000000000000e+02,1.734089320704190473e-01,5.235284760763131429e-01,1.928673801107657531e-03,-4.530940427831572914e-01,1.864927604103270176e-03
1.190000000000000000e+02,1.733997838103782385e-01,5.235357211902136321e-01,1.738827336124703455e-03,-4.530855876334350940e-01,2.029235933323518190e-03
1.200000000000000000e+02,1.734618491193831158e-01,5.235420482292524325e-01,1.518489369314066995e-03,-4.530823427051186569e-01,7.787827959448321777e-04
1.210000000000000000e+02,1.734581639956231935e-01,5.235479291723728057e-01,1.411426348892997522e-03,-4.530776076576950029e-01,1.136411381672840617e-03
1.220000000000000000e+02,1.734481298002630012e-01,5.235532310380752730e-01,1.272447768596388258e-03,-4.530718648156139006e-01,1.378282099464857129e-03
1.230000000000000000e+02,1.734860683285731342e-01,5.235578090167711807e-01,1.098714887011849588e-03,-4.530691198197622227e-01,6.587990044085435771e-04
1.240000000000000000e+02,1.734811130365028486e-01,5.235621213458934164e-01,1.034958989324228544e-03,-4.530653989672785431e-01,8.930045960793663983e-04
1.250000000000000000e+02,1.734740562068840530e-01,5.235660092672521637e-01,9.331011260970225631e-04,-4.530609018798336662e-01,1.079300986776011214e-03
1.260000000000000000e+02,1.735619620037782695e-01,5.235693058490827889e-01,7.911796393383974720e-04,-4.530635545956702703e-01,-6.366518007808171040e-04
1.270000000000000000e+02,1.735490131842802319e-01,5.235724445378650005e-01,7.532853077176640891e-04,-4.530645883982374333e-01,-2.481126161221953487e-04
1.280000000000000000e+02,1.735408667775125147e-01,5.235752720773192426e-01,6.786094690102345605e-04,-4.530646239252505425e-01,-8.526483141533093904e-06
1.290000000000000000e+02,1.735373145538731676e-01,5.235778195763470810e-01,6.113997666828414456e-04,-4.530641550335863799e-01,1.125339993955145750e-04
1.300000000000000000e+02,1.735358033497070296e-01,5.235801149738704696e-01,5.508954056207357062e-04,-4.530633929148257244e-01,1.829085025569646486e-04
1.310000000000000000e+02,1.735351047116223677e-01,5.235821834017873044e-01,4.964227000524714479e-04,-4.530624274421646280e-01,2.317134386670167013e-04
1.320000000000000000e+02,1.735347972500252134e-01,5.235840474741345618e-01,4.473773633513342595e-04,-4.530613071201835540e-01,2.688772754588127090e-04
1.330000000000000000e+02,1.735346443233503899e-01,5.235857275491105911e-01,4.032179942513930610e-04,-4.530600572265225945e-01,2.999744786274955994e-04
1.340000000000000000e+02,1.735346305285852819e-01,5.235872419498844854e-01,3.634561857385582256e-04,-4.530587004404632578e-01,3.256286542447795612e-04
1.350000000000000000e+02,1.735348151657376825e-01,5.235886071619362259e-01,3.276508924057327209e-04,-4.530572636065796077e-01,3.448401320749351477e-04
1.360000000000000000e+02,1.735350370512974971e-01,5.235898380308207090e-01,2.954085322807575983e-04,-4.530557582017930573e-01,3.612971487696858136e-04
1.370000000000000000e+02,1.735351751293569555e-01,5.235909479319792448e-01,2.663762780415562760e-04,-4.530541843419800818e-01,3.777263551163878423e-04
1.380000000000000000e+02,1.735354844154479992e-01,5.235919488934350774e-01,2.402307493885209053e-04,-4.530525638658423060e-01,3.889142730620817590e-04
1.390000000000000000e+02,1.735357662681540347e-01,5.235928517515714420e-01,2.166859527177537718e-04,-4.530509005411340051e-01,3.991979299909621218e-04
1.400000000000000000e+02,1.735361661868947414e-01,5.235936662537911124e-01,1.954805327150647878e-04,-4.530492101518854287e-01,4.056934196599917006e-04
1.410000000000000000e+02,1.735365997182388986e-01,5.235944011767947881e-01,1.763815208913152468e-04,-4.530475005860093440e-01,4.102958102653990208e-04
1.420000000000000000e+02,1.735728363907370619e-01,5.235948638892244933e-01,1.110509831402082842e-04,-4.530486750701712140e-01,-2.818761988457328714e-04
1.430000000000000000e+02,1.735656951361712053e-01,5.235954668511139110e-01,1.447108534563986673e-04,-4.530493475896528732e-01,-1.614046756003192072e-04
1.440000000000000000e+02,1.735610639990237403e-01,5.235960099706429283e-01,1.303486869632162310e-04,-4.530495433532674698e-01,-4.698326750369576977e-05
1.450000000000000000e+02,1.735591632934294359e-01,5.235964992679564833e-01,1.174313552541198576e-04,-4.530495334293596632e-01,2.381737868207204733e-06
1.460000000000000000e+02,1.735583328042771822e-01,5.235969401369149345e-01,1.058085500214897936e-04,-4.530494148679858890e-01,2.845472970785378205e-05
1.470000000000000000e+02,1.735581172309917097e-01,5.235973374050660878e-01,9.534435628427817663e-05,-4.530492445910250243e-01,4.086647060382267329e-05
1.480000000000000000e+02,1.735579696274059391e-01,5.235976954260828098e-01,8.592504401080615004e-05,-4.530490313135646097e-01,5.118659049627976302e-05
1.490000000000000000e+02,1.735579566115928729e-01,5.235980181100761133e-01,7.744415838557429485e-05,-4.530487895616087113e-01,5.802046941284677882e-05
1.500000000000000000e+02,1.735580704395003060e-01,5.235983089698061921e-01,6.980633522949049059e-05,-4.530485329657216731e-01,6.158301289005543378e-05
1.510000000000000000e+02,1.735581205905522839e-01,5.235985711760059447e-01,6.292948793166534762e-05,-4.530482580754016664e-01,6.597367680673873200e-05
1.520000000000000000e+02,1.735582553984010845e-01,5.235988075751540904e-01,5.673579556779900822e-05,-4.530479743404818849e-01,6.809638074871346175e-05
1.530000000000000000e+02,1.735586147952038749e-01,5.235990207374894290e-01,5.115896046821729557e-05,-4.530476776027557717e-01,7.121705426293806175e-05
1.540000000000000000e+02,1.735587168795394986e-01,5.235992129720632438e-01,4.613629771118031358e-05,-4.530473734289130472e-01,7.300172225758288483e-05
1.550000000000000000e+02,1.735587893480497190e-01,5.235993863614342159e-01,4.161344902795901710e-05,-4.530470604791310696e-01,7.510794768103612777e-05
1.560000000000000000e+02,1.735588323248893616e-01,5.235995427826233284e-01,3.754108537494753436e-05,-4.530467373087506688e-01,7.756089129377413325e-05
1.570000000000000000e+02,1.735589524651350024e-01,5.235996839183590934e-01,3.387257657744208509e-05,-4.530464121399025434e-01,7.804052355282958071e-05
1.580000000000000000e+02,1.735590748754038126e-01,5.235998112851799613e-01,3.056803699526877612e-05,-4.530460862273512079e-01,7.821901232539321973e-05
1.590000000000000000e+02,1.735591987506545641e-01,5.235999262484524186e-01,2.759118538174682600e-05,-4.530457606580409191e-01,7.813663446823414791e-05
1.600000000000000000e+02,1.735592172384102239e-01,5.236000300466685520e-01,2.491157188370487396e-05,-4.530454266180173883e-01,8.016960564686147672e-05
1.610000000000000000e+02,1.735593115899985717e-01,5.236001237861377389e-01,2.249747260772517329e-05,-4.530450918123872794e-01,8.035335122432705525e-05
1.620000000000000000e+02,1.735594782613029685e-01,5.236002084583315508e-01,2.032132650297572895e-05,-4.530447635453637156e-01,7.878408565957707070e-05
1.630000000000000000e+02,1.735595713108346316e-01,5.236002849638025092e-01,1.836131303376276590e-05,-4.530444357434391112e-01,7.867246190485961146e-05
1.640000000000000000e+02,1.735596290378285389e-01,5.236003541148456231e-01,1.659625034737294714e-05,-4.530441057636215851e-01,7.919515621230015148e-05
1.650000000000000000e+02,1.735597597455392216e-01,5.236004166358103618e-01,1.500503154569080268e-05,-4.530437807605525169e-01,7.800073658059084470e-05
1.660000000000000000e+02,1.735598528182002165e-01,5.236004731836402248e-01,1.357147916895947427e-05,-4.530434577883022951e-01,7.751334005073326006e-05
1.670000000000000000e+02,1.735599452150664024e-01,5.236005243490692296e-01,1.227970297099098864e-05,-4.530431372218773345e-01,7.693594198459391875e-05
1.680000000000000000e+02,1.735600368325791731e-01,5.236005706640222135e-01,1.111558872751806844e-05,-4.530428193755786648e-01,7.628311168498636084e-05
1.690000000000000000e+02,1.735600917125957598e-01,5.236006126105517966e-01,1.006716709180616963e-05,-4.530425012594820333e-01,7.634786319466462412e-05
1.700000000000000000e+02,1.735602185585811974e-01,5.236006506157335760e-01,9.121243634763435569e-06,-4.530421897208652959e-01,7.476926802145748754e-05
1.710000000000000000e+02,1.735603781913010457e-01,5.236006850627780151e-01,8.267290667463550374e-06,-4.530418880428943584e-01,7.240271302012562420e-05
1.720000000000000000e+02,1.735604614526811973e-01,5.236007163039047008e-01,7.497870407770705689e-06,-4.530415895931176329e-01,7.162794641191960146e-05
1.730000000000000000e+02,1.735605433161336308e-01,5.236007446547387145e-01,6.804200166273504372e-06,-4.530412944851140433e-01,7.082592086467865984e-05
1.740000000000000000e+02,1.735606236094615340e-01,5.236007703995420037e-01,6.178752793393866293e-06,-4.530410028035872783e-01,7.000356642578919387e-05
1.750000000000000000e+02,1.735607742246577656e-01,5.236007937882082297e-01,5.613279893147857136e-06,-4.530407211090017872e-01,6.760670052302628140e-05
1.760000000000000000e+02,1.735608480380326224e-01,5.236008150537218020e-01,5.103723253636800546e-06,-4.530404426715015087e-01,6.682500006859200779e-05
1.770000000000000000e+02,1.735608483556503878e-01,5.236008344104909895e-01,4.645624595512741657e-06,-4.530401610193578454e-01,6.759651447522150669e-05
1.780000000000000000e+02,1.735609584467339706e-01,5.236008520406820743e-01,4.231245866947137392e-06,-4.530398861824220802e-01,6.596086458019172639e-05
1.790000000000000000e+02,1.735610651531910853e-01,5.236008681108695884e-01,3.856845008121758306e-06,-4.530396180136582740e-01,6.436050330750473685e-05
1.800000000000000000e+02,1.735611685696832607e-01,5.236008827712147484e-01,3.518482826462295361e-06,-4.530393563592805539e-01,6.279705064654959184e-05
1.810000000000000000e+02,1.735612687985501335e-01,5.236008961570968179e-01,3.212611697253084055e-06,-4.530391010602892732e-01,6.127175791362959216e-05
1.820000000000000000e+02,1.735614019744606551e-01,5.236009083875153847e-01,2.935300468002991386e-06,-4.530388552043422279e-01,5.900542728455067257e-05
1.830000000000000000e+02,1.735613857973284380e-01,5.236009195829348650e-01,2.686900672776503010e-06,-4.530386054907206694e-01,5.993126917535609652e-05
1.840000000000000000e+02,1.735614801258575923e-01,5.236009298393417000e-01,2.461537646351399706e-06,-4.530383619086089664e-01,5.845970680255289085e-05
1.850000000000000000e+02,1.735615713616334155e-01,5.236009392457005029e-01,2.257526116261075736e-06,-4.530381242785858631e-01,5.703120554636241827e-05
1.860000000000000000e+02,1.735616234192050578e-01,5.236009478853443921e-01,2.073514528945239116e-06,-4.530378891712389389e-01,5.642576325753276788e-05
1.870000000000000000e+02,1.735617104570711666e-01,5.236009558295149358e-01,1.906600942652593903e-06,-4.530376597924545279e-01,5.505090825686823031e-05
1.880000000000000000e+02,1.735618308282574629e-01,5.236009631402391840e-01,1.754573818242102981e-06,-4.530374392111759518e-01,5.293950685371193757e-05
1.890000000000000000e+02,1.735619466696253221e-01,5.236009698744014118e-01,1.616198944190350817e-06,-4.530372271152032781e-01,5.090303343976009963e-05
1.900000000000000000e+02,1.735619493181039530e-01,5.236009760926575440e-01,1.492381479403414627e-06,-4.530370134492037182e-01,5.127983989498529493e-05
1.910000000000000000e+02,1.735619164985811036e-01,5.236009818502693758e-01,1.381826843876217377e-06,-4.530367950666188137e-01,5.241182038203950628e-05
1.920000000000000000e+02,1.735620314490514127e-01,5.236009871837993268e-01,1.280047179693629313e-06,-4.530365851983149672e-01,5.036839292958068733e-05
1.930000000000000000e+02,1.735621420207410781e-01,5.236009921295681213e-01,1.186984518131267643e-06,-4.530363835276450812e-01,4.840096077012348406e-05
1.940000000000000000e+02,1.735621756552431505e-01,5.236009967266427312e-01,1.103297912217981741e-06,-4.530361832471129779e-01,4.806732770352000616e-05
1.950000000000000000e+02,1.735622449508888443e-01,5.236010010055881514e-01,1.026946895980867363e-06,-4.530359875769806033e-01,4.696083176553260006e-05
1.960000000000000000e+02,1.735623482485572355e-01,5.236010049917769749e-01,9.566853068498820931e-07,-4.530357996030994761e-01,4.511373146760112960e-05
1.970000000000000000e+02,1.735624111567337091e-01,5.236010087121282242e-01,8.928842965444377904e-07,-4.530356157817720941e-01,4.411711857436335899e-05
1.980000000000000000e+02,1.735625083453704864e-01,5.236010121871383927e-01,8.340024426024379375e-07,-4.530354392136154984e-01,4.237635757808503678e-05
1.990000000000000000e+02,1.735625289039006702e-01,5.236010154423909047e-01,7.812605937111378693e-07,-4.530352631189412671e-01,4.226272181971535733e-05
2.000000000000000000e+02,1.735625492390885649e-01,5.236010184993519223e-01,7.336706539799205756e-07,-4.530350874951878382e-01,4.214970082718308317e-05
2.010000000000000000e+02,1.735626422738358043e-01,5.236010213712277706e-01,6.892502050115965265e-07,-4.530349188393019144e-01,4.047741262032522190e-05
2.020000000000000000e+02,1.735626951944462260e-01,5.236010240747533961e-01,6.488461477061847512e-07,-4.530347536291980393e-01,3.965042492944360300e-05
2.030000000000000000e+02,1.735627828107127180e-01,5.236010266212360875e-01,6.111558583503634636e-07,-4.530345949870003830e-01,3.807412743196644290e-05
2.040000000000000000e+02,1.735627939721240409e-01,5.236010290279666801e-01,5.776153475919378206e-07,-4.530344361543500176e-01,3.811983608455006203e-05
2.050000000000000000e+02,1.735628417671723767e-01,5.236010313058595544e-01,5.466942967394814153e-07,-4.530342804003014145e-01,3.738097167062355770e-05
2.060000000000000000e+02,1.735628879545398351e-01,5.236010334656189258e-01,5.183422360933856796e-07,-4.530341276084807189e-01,3.667003697223357640e-05
2.070000000000000000e+02,1.735629325957357694e-01,5.236010355169657959e-01,4.923232603592866245e-07,-4.530339776664655815e-01,3.598608363716360517e-05
2.080000000000000000e+02,1.735629391952231149e-01,5.236010374718004234e-01,4.691602999168896864e-07,-4.530338272151728796e-01,3.610831025491926334e-05
2.090000000000000000e+02,1.735630192247901715e-01,5.236010393338978997e-01,4.469033999600715651e-07,-4.530336827839406277e-01,3.466349573571893755e-05
2.100000000000000000e+02,1.735631326809681518e-01,5.236010411053414471e-01,4.251464491745732803e-07,-4.530335473835214732e-01,3.249610059683064506e-05
2.110000000000000000e+02,1.735631681925632330e-01,5.236010427951867108e-01,4.055628633798766440e-07,-4.530334141494595790e-01,3.197617485996890501e-05
2.120000000000000000e+02,1.735631659609601640e-01,5.236010444131347086e-01,3.883075111514112008e-07,-4.530332797486437690e-01,3.225619579944039288e-05
2.130000000000000000e+02,1.735632375817724726e-01,5.236010459609620193e-01,3.714785665690652432e-07,-4.530331507354879439e-01,3.096315740240460193e-05
2.140000000000000000e+02,1.735633063637729012e-01,5.236010474420016436e-01,3.554495030631495556e-07,-4.530330268944199323e-01,2.972185631798396495e-05
2.150000000000000000e+02,1.735632991344231435e-01,5.236010488655347128e-01,3.416479440108316970e-07,-4.530329015174009988e-01,3.009048454286254400e-05
2.160000000000000000e+02,1.735634393396994768e-01,5.236010502260253219e-01,3.265177460114589440e-07,-4.530327876739344006e-01,2.732243197971514185e-05
2.170000000000000000e+02,1.735634267943890197e-01,5.236010515342452987e-01,3.139727847953259657e-07,-4.530326718937575659e-01,2.778724244149109764e-05
2.180000000000000000e+02,1.735633786052190874e-01,5.236010527997438935e-01,3.037196604981278009e-07,-4.530325510097772956e-01,2.901215526794467665e-05
2.190000000000000000e+02,1.735634431780583298e-01,5.236010540209826702e-01,2.930973021080435566e-07,-4.530324349861549194e-01,2.784566936740104427e-05
2.200000000000000000e+02,1.735635051795943462e-01,5.236010551990849526e-01,2.827445513627460890e-07,-4.530323236269601095e-01,2.672620675369101906e-05
2.210000000000000000e+02,1.735635647151267669e-01,5.236010563351943814e-01,2.726662582096950208e-07,-4.530322167442117354e-01,2.565185960693751999e-05
2.220000000000000000e+02,1.735635484563227693e-01,5.236010574366014581e-01,2.643377004597551021e-07,-4.530321076564977623e-01,2.618105135740769176e-05
2.230000000000000000e+02,1.735636068151951428e-01,5.236010585020930419e-01,2.557179756687094592e-07,-4.530320029579569807e-01,2.512764978705809890e-05
2.240000000000000000e+02,1.735636261142874948e-01,5.236010595353487451e-01,2.479813714793235285e-07,-4.530318992208166029e-01,2.489691369074983329e-05
2.250000000000000000e+02,1.735637183838881215e-01,5.236010605327843237e-01,2.393845508521911178e-07,-4.530318029091738308e-01,2.311479426035040747e-05
2.260000000000000000e+02,1.735637332118380449e-01,5.236010614990979084e-01,2.319152674027564752e-07,-4.530317072202029727e-01,2.296535301205039568e-05
2.270000000000000000e+02,1.735637844702867805e-01,5.236010624338893749e-01,2.243499554242017922e-07,-4.530316153812809499e-01,2.204134128327782355e-05
2.280000000000000000e+02,1.735637969193707664e-01,5.236010633407649495e-01,2.176501295834209001e-07,-4.530315239864080579e-01,2.193476949203176999e-05
2.290000000000000000e+02,1.735638826778179156e-01,5.236010642160594530e-01,2.100706855539154995e-07,-4.530314395205674582e-01,2.027180174329301125e-05
2.300000000000000000e+02,1.735639279698384108e-01,5.236010650613170947e-01,2.028618380104982338e-07,-4.530313584514954472e-01,1.945657728065529682e-05
2.310000000000000000e+02,1.735639714568460445e-01,5.236010658772340953e-01,1.958200919288447644e-07,-4.530312806421944449e-01,1.867423223717317146e-05
2.320000000000000000e+02,1.735639764178475430e-01,5.236010666675968706e-01,1.896870668501956865e-07,-4.530312027107051831e-01,1.870355742390803730e-05
2.330000000000000000e+02,1.735639814464249864e-01,5.236010674350206617e-01,1.841817022981636232e-07,-4.530311246639981970e-01,1.873120967337652156e-05
2.340000000000000000e+02,1.735640233427304113e-01,5.236010681787895971e-01,1.785045524287887363e-07,-4.530310497590843144e-01,1.797717933515275701e-05
2.350000000000000000e+02,1.735640635651569397e-01,5.236010688991385997e-01,1.728837652613475914e-07,-4.530309778689330935e-01,1.725363629216556213e-05
2.360000000000000000e+02,1.735640285461948484e-01,5.236010696024987476e-01,1.688064375147890978e-07,-4.530309023706521332e-01,1.811958742909520835e-05
2.370000000000000000e+02,1.735640691033178973e-01,5.236010702868432176e-01,1.642426711810273469e-07,-4.530308299145662243e-01,1.738946061222630430e-05
2.380000000000000000e+02,1.735640712037148647e-01,5.236010709550809050e-01,1.603770576710269412e-07,-4.530307571268468725e-01,1.746905264488438786e-05
2.390000000000000000e+02,1.735641103195907364e-01,5.236010716059642522e-01,1.562119965330662968e-07,-4.530306872728560030e-01,1.676495780779239291e-05
2.400000000000000000e+02,1.735641478672745319e-01,5.236010722392431260e-01,1.519869373719824658e-07,-4.530306202336128463e-01,1.608941835899201233e-05
2.410000000000000000e+02,1.735641839115262819e-01,5.236010728547723092e-01,1.477270069652276916e-07,-4.530305558950352696e-01,1.544125861771326357e-05
2.420000000000000000e+02,1.735642185125343684e-01,5.236010734524975119e-01,1.434540466973222727e-07,-4.530304941477308889e-01,1.481935304645212763e-05
2.430000000000000000e+02,1.735642517280722719e-01,5.236010740324432700e-01,1.391869789491694643e-07,-4.530304348867977837e-01,1.422262394271398337e-05
2.440000000000000000e+02,1.735642836134856648e-01,5.236010745947021761e-01,1.349421273077172253e-07,-4.530303780116342049e-01,1.365003925863710734e-05
2.450000000000000000e+02,1.735642404862582366e-01,5.236010751455593137e-01,1.322057258656114448e-07,-4.530303169247029138e-01,1.466086351051381578e-05
2.460000000000000000e+02,1.735642733619812139e-01,5.236010756828395341e-01,1.289472580559748019e-07,-4.530302583006554085e-01,1.406977139883695851e-05
2.470000000000000000e+02,1.735643049158595019e-01,5.236010762062345281e-01,1.256148110960044674e-07,-4.530302020395308160e-01,1.350266990511580963e-05
2.480000000000000000e+02,1.735642983222803748e-01,5.236010767186010106e-01,1.229679436048249329e-07,-4.530301447949641735e-01,1.373869599638463485e-05
2.490000000000000000e+02,1.735643291451842429e-01,5.236010772186254769e-01,1.200058676710486871e-07,-4.530300898586588354e-01,1.318471328137632864e-05
2.500000000000000000e+02,1.735643956214665273e-01,5.236010777029139751e-01,1.162292406445763483e-07,-4.530300403874275017e-01,1.187309552228688280e-05
2.510000000000000000e+02,1.735643853746703380e-01,5.236010781754901755e-01,1.134182972136593185e-07,-4.530299896573021790e-01,1.217523007582535129e-05
2.520000000000000000e+02,1.735644127072103471e-01,5.236010786352935931e-01,1.103528095740836913e-07,-4.530299409713350878e-01,1.168463210788196756e-05
2.530000000000000000e+02,1.735644389416554634e-01,5.236010790822173133e-01,1.072616996394661119e-07,-4.530298942466757239e-01,1.121391824871096772e-05
2.540000000000000000e+02,1.735644641239894315e-01,5.236010795162209241e-01,1.041608646606871796e-07,-4.530298494038795809e-01,1.076227107957057249e-05
2.550000000000000000e+02,1.735644513844901982e-01,5.236010799403884031e-01,1.018001864578820145e-07,-4.530298031162359740e-01,1.110903446982441998e-05
2.560000000000000000e+02,1.735644763387631517e-01,5.236010803535979807e-01,9.917030128234374285e-08,-4.530297586942790833e-01,1.066126965178069335e-05
2.570000000000000000e+02,1.735644633694937433e-01,5.236010807587501148e-01,9.723649894036019335e-08,-4.530297128118110916e-01,1.101179231601517189e-05
2.580000000000000000e+02,1.735644881107021309e-01,5.236010811545571686e-01,9.499369859295495899e-08,-4.530296687798721078e-01,1.056766535838083572e-05
2.590000000000000000e+02,1.735645118563712563e-01,5.236010815407027286e-01,9.267493770902445051e-08,-4.530296265232894304e-01,1.014157983636942467e-05
2.600000000000000000e+02,1.735645715797943800e-01,5.236010819138849914e-01,8.956374257194933382e-08,-4.530295892205249420e-01,8.952663470664604608e-06
2.610000000000000000e+02,1.735645547710443215e-01,5.236010822781961283e-01,8.743467278132946487e-08,-4.530295501683646586e-01,9.372518465501673908e-06
2.620000000000000000e+02,1.735645758440303998e-01,5.236010826326232825e-01,8.506252593919371482e-08,-4.530295126897582736e-01,8.994865537210528219e-06
2.630000000000000000e+02,1.735646330087918521e-01,5.236010829740223027e-01,8.193576365123921736e-08,-4.530294799714606468e-01,7.852391432153995492e-06
2.640000000000000000e+02,1.735646137253561705e-01,5.236010833066216952e-01,7.982385993871425029e-08,-4.530294453181985537e-01,8.316782896241858757e-06
2.650000000000000000e+02,1.735645954866553708e-01,5.236010836325933893e-01,7.823320814484878484e-08,-4.530294088099989791e-01,8.761967901887475016e-06
2.660000000000000000e+02,1.735645782456135822e-01,5.236010839538401962e-01,7.709923854446691294e-08,-4.530293705234402224e-01,9.188774106035114489e-06
2.670000000000000000e+02,1.735645989142489964e-01,5.236010842689577949e-01,7.562821998769339011e-08,-4.530293337823415589e-01,8.817863676589611001e-06
2.680000000000000000e+02,1.735646926598127526e-01,5.236010845713814366e-01,7.258166467020961138e-08,-4.530293050248495601e-01,6.901798083413182317e-06
2.690000000000000000e+02,1.735647451435480548e-01,5.236010848600743950e-01,6.928632289968274765e-08,-4.530292806740071621e-01,5.844202170168676366e-06
2.700000000000000000e+02,1.735647213378062603e-01,5.236010851395725973e-01,6.707955880128197190e-08,-4.530292540490986064e-01,6.389978047907622383e-06
2.710000000000000000e+02,1.735645878730066871e-01,5.236010854215161769e-01,6.766646926646260157e-08,-4.530292154925050219e-01,9.253582458480799099e-06
2.720000000000000000e+02,1.735645347647044312e-01,5.236010857075423797e-01,6.864627667051600593e-08,-4.530291719944052886e-01,1.043954393894091945e-05
2.730000000000000000e+02,1.735645582532456266e-01,5.236010859944310036e-01,6.885326127698645242e-08,-4.530291302581891943e-01,1.001669186866976578e-05
2.740000000000000000e+02,1.735645807902529703e-01,5.236010862809131750e-01,6.875573087666205090e-08,-4.530290902115363116e-01,9.611196691375629834e-06
2.750000000000000000e+02,1.735646763733149078e-01,5.236010865597602315e-01,6.692328495943674158e-08,-4.530290582862446791e-01,7.662069997319523898e-06
2.760000000000000000e+02,1.735646936184093714e-01,5.236010868324085799e-01,6.543561391752470018e-08,-4.530290276487924928e-01,7.352988524103282148e-06
2.770000000000000000e+02,1.735646362084225514e-01,5.236010871047421800e-01,6.536006833111879063e-08,-4.530289917457865356e-01,8.616721435483342363e-06
2.780000000000000000e+02,1.735646556098042470e-01,5.236010873741944183e-01,6.466854716303101822e-08,-4.530289572942430842e-01,8.268370432091055831e-06
2.790000000000000000e+02,1.735646742256217179e-01,5.236010876400761793e-01,6.381161131196257295e-08,-4.530289242348594092e-01,7.934252086882747710e-06
2.800000000000000000e+02,1.735646920909959812e-01,5.236010879018062614e-01,6.281521367584000707e-08,-4.530288925108176268e-01,7.613770026249757153e-06
2.810000000000000000e+02,1.735647092367133826e-01,5.236010881588993859e-01,6.170233945391322147e-08,-4.530288620676746203e-01,7.306354325439629853e-06
2.820000000000000000e+02,1.735646516972068065e-01,5.236010884170891888e-01,6.196555695713936015e-08,-4.530288263522017633e-01,8.571713479660009665e-06
2.830000000000000000e+02,1.735646710033909024e-01,5.236010886736738312e-01,6.158031346487057760e-08,-4.530287920815849745e-01,8.224948032209540257e-06
2.840000000000000000e+02,1.735646895273804946e-01,5.236010889278419622e-01,6.100035808850702051e-08,-4.530287591966944971e-01,7.892373711276271713e-06
2.850000000000000000e+02,1.735647073046540090e-01,5.236010891789024679e-01,6.025452398228598644e-08,-4.530287276408878627e-01,7.573393598374226837e-06
2.860000000000000000e+02,1.735647243655555894e-01,5.236010894262707049e-01,5.936838289506344956e-08,-4.530286973598984246e-01,7.267437469669497749e-06
2.870000000000000000e+02,1.735647407391711916e-01,5.236010896694565098e-01,5.836459070986582327e-08,-4.530286683017298865e-01,6.973960446207963043e-06
2.880000000000000000e+02,1.735647194390155246e-01,5.236010899111203098e-01,5.799931521828645199e-08,-4.530286371660282585e-01,7.472568392812938118e-06
2.890000000000000000e+02,1.735647362782519187e-01,5.236010901497412107e-01,5.726901582608616291e-08,-4.530286072886360871e-01,7.170574120510028755e-06
2.900000000000000000e+02,1.735647154169254469e-01,5.236010903878428602e-01,5.714440320128961579e-08,-4.530285753676565053e-01,7.661035096972586359e-06
2.910000000000000000e+02,1.735647326825077441e-01,5.236010906237822393e-01,5.662543919035367136e-08,-4.530285447374630681e-01,7.351246426537485265e-06
2.920000000000000000e+02,1.735647492500956568e-01,5.236010908569066480e-01,5.594985025132870433e-08,-4.530285153452872637e-01,7.054122199375428396e-06
2.930000000000000000e+02,1.735647651498878896e-01,5.236010910866636392e-01,5.514166993133565040e-08,-4.530284871405746427e-01,6.769131031354683751e-06
2.940000000000000000e+02,1.735647804090118262e-01,5.236010913125894728e-01,5.422218982319721986e-08,-4.530284600748864521e-01,6.495765172120326113e-06
2.950000000000000000e+02,1.735647950534702777e-01,5.236010915342989014e-01,5.321025026275580586e-08,-4.530284341018058769e-01,6.233539333392496401e-06
2.960000000000000000e+02,1.735648091081907762e-01,5.236010917514759555e-01,5.212249817943200695e-08,-4.530284091768493338e-01,5.981989567826127774e-06
2.970000000000000000e+02,1.735648225970719549e-01,5.236010919638660610e-01,5.097362093577224975e-08,-4.530283852573816494e-01,5.740672238805394745e-06
2.980000000000000000e+02,1.735648725811511361e-01,5.236010921682011654e-01,4.904041925115891961e-08,-4.530283655530635833e-01,4.729036339436894255e-06
2.990000000000000000e+02,1.735648832461894331e-01,5.236010923655157745e-01,4.735550952344548633e-08,-4.530283466411250126e-01,4.538865250593082106e-06
3.000000000000000000e+02,1.735649305253859354e-01,5.236010925529064330e-01,4.497376322700278190e-08,-4.530283317401376242e-01,3.576236971014087135e-06
3.010000000000000000e+02,1.735649015506025572e-01,5.236010927347973798e-01,4.365381519561154446e-08,-4.530283141853209683e-01,4.213155993521329812e-06
3.020000000000000000e+02,1.735649110577066889e-01,5.236010929104488731e-01,4.215636824982848528e-08,-4.530282973364564980e-01,4.043727471403401291e-06
3.030000000000000000e+02,1.735649201813333209e-01,5.236010930800053531e-01,4.069356319470651395e-08,-4.530282811650723773e-01,3.881132191591815547e-06
3.040000000000000000e+02,1.735649289386752281e-01,5.236010932436160337e-01,3.926655317810732176e-08,-4.530282656438532896e-01,3.725092584530768119e-06
3.050000000000000000e+02,1.735649373444556332e-01,5.236010934014334595e-01,3.787619139901079054e-08,-4.530282507465926423e-01,3.575342552106926135e-06
3.060000000000000000e+02,1.735649083637140488e-01,5.236010935566801638e-01,3.725920216369901132e-08,-4.530282331976189791e-01,4.211753672627781576e-06
3.070000000000000000e+02,1.735649178694826933e-01,5.236010937083247496e-01,3.639469161616045916e-08,-4.530282163564022246e-01,4.041892022336049595e-06
3.080000000000000000e+02,1.735649269907088288e-01,5.236010938562488670e-01,3.550178898082814851e-08,-4.530282001941941528e-01,3.878929943693818370e-06
3.090000000000000000e+02,1.735649357447393293e-01,5.236010940003652525e-01,3.458794386567237390e-08,-4.530281846834345316e-01,3.722582311293811633e-06
3.100000000000000000e+02,1.735649070911838843e-01,5.236010941436810562e-01,3.439580436982064252e-08,-4.530281665471721508e-01,4.352702965730799183e-06
3.110000000000000000e+02,1.735649539729557100e-01,5.236010942819047109e-01,3.317367693893033012e-08,-4.530281523941941946e-01,3.396714714641775510e-06
3.120000000000000000e+02,1.735649616383012350e-01,5.236010944159327218e-01,3.216672821434408821e-08,-4.530281388110119489e-01,3.259963739753136368e-06
3.130000000000000000e+02,1.735649689972695586e-01,5.236010945457982846e-01,3.116774589821654728e-08,-4.530281257745804591e-01,3.128743554854612646e-06
3.140000000000000000e+02,1.735649760604234537e-01,5.236010946715468073e-01,3.017965500272042709e-08,-4.530281132627972940e-01,3.002827956805595725e-06
3.150000000000000000e+02,1.735649828396513272e-01,5.236010947932340232e-01,2.920493798725625287e-08,-4.530281012544629671e-01,2.882000243032522498e-06
3.160000000000000000e+02,1.735649893463999949e-01,5.236010949109244361e-01,2.824568621208938974e-08,-4.530280897292430220e-01,2.766052789798930610e-06
3.170000000000000000e+02,1.735649955916514220e-01,5.236010950246896556e-01,2.730364288100555863e-08,-4.530280786676320059e-01,2.654786646086658697e-06
3.180000000000000000e+02,1.735650015859416251e-01,5.236010951346073972e-01,2.638024861818629879e-08,-4.530280680509188307e-01,2.548011156090238888e-06
3.190000000000000000e+02,1.735650073393792125e-01,5.236010952407601504e-01,2.547667062747411383e-08,-4.530280578611538544e-01,2.445543589828615238e-06
3.200000000000000000e+02,1.735650128616629262e-01,5.236010953432345127e-01,2.459383990737005549e-08,-4.530280480811171850e-01,2.347208804910161375e-06
3.210000000000000000e+02,1.735650181620985721e-01,5.236010954421198571e-01,2.373247200030678005e-08,-4.530280386942883708e-01,2.252838910722565014e-06
3.220000000000000000e+02,1.735650232496156464e-01,5.236010955375077769e-01,2.289310371691200232e-08,-4.530280296848177013e-01,2.162272954658264423e-06
3.230000000000000000e+02,1.735649910651831385e-01,5.236010956325587440e-01,2.281224186893569737e-08,-4.530280177869703828e-01,2.855483349801826450e-06
3.240000000000000000e+02,1.735649604459005013e-01,5.236010957292461798e-01,2.320499725847590297e-08,-4.530280031192223111e-01,3.520259543300856237e-06
3.250000000000000000e+02,1.735649683965110324e-01,5.236010958262011794e-01,2.326919298569240924e-08,-4.530279890455671810e-01,3.377677227216836147e-06
3.260000000000000000e+02,1.735649760237198413e-01,5.236010959229980832e-01,2.323125741158673312e-08,-4.530279755416212195e-01,3.240947032079591981e-06
3.270000000000000000e+02,1.735649833425386424e-01,5.236010960192699626e-01,2.310524762512856276e-08,-4.530279625840331614e-01,3.109821130115069908e-06
3.280000000000000000e+02,1.735649903655800685e-01,5.236010961147018472e-01,2.290365706294476631e-08,-4.530279501504376194e-01,2.984062933862743767e-06
3.290000000000000000e+02,1.735650341795871299e-01,5.236010962059578500e-01,2.190145255057470511e-08,-4.530279414699385221e-01,2.083319789819762853e-06
3.300000000000000000e+02,1.735650388835504876e-01,5.236010962939984248e-01,2.112973249147817725e-08,-4.530279331384168273e-01,1.999565213262399164e-06
3.310000000000000000e+02,1.735650434002993237e-01,5.236010963789078376e-01,2.037825391074405916e-08,-4.530279251418079522e-01,1.919186127157580264e-06
3.320000000000000000e+02,1.735650477356177890e-01,5.236010964607714646e-01,1.964727925545465165e-08,-4.530279174666176911e-01,1.842045657031316319e-06
3.330000000000000000e+02,1.735650518968054612e-01,5.236010965396754591e-01,1.893695266354667905e-08,-4.530279100998986785e-01,1.768012563986596442e-06
3.340000000000000000e+02,1.735650558908668484e-01,5.236010966157059743e-01,1.824731154297551980e-08,-4.530279030292278519e-01,1.696961001682052000e-06
3.350000000000000000e+02,1.735650597245238791e-01,5.236010966889489415e-01,1.757830886015846646e-08,-4.530278962426849687e-01,1.628770286697821924e-06
3.360000000000000000e+02,1.735650634042264495e-01,5.236010967594898480e-01,1.692982179612234223e-08,-4.530278897288321227e-01,1.563324680256900522e-06
3.370000000000000000e+02,1.735650669361648579e-01,5.236010968274134036e-01,1.630166035132512291e-08,-4.530278834766938711e-01,1.500513183323640000e-06
3.380000000000000000e+02,1.735650332463027634e-01,5.236010968958705325e-01,1.642971055980794514e-08,-4.530278742252102364e-01,2.220356067248311029e-06
3.390000000000000000e+02,1.735650753449039796e-01,5.236010969606884613e-01,1.555629294609608839e-08,-4.530278685983971099e-01,1.350435150996542359e-06
3.400000000000000000e+02,1.735650413131334391e-01,5.236010970259277197e-01,1.565742570217027134e-08,-4.530278599468328671e-01,2.076375417797655387e-06
3.410000000000000000e+02,1.735650830878512352e-01,5.236010970874437342e-01,1.476385621537735000e-08,-4.530278548955838369e-01,1.212299770418161990e-06
3.420000000000000000e+02,1.735650116599854187e-01,5.236010971523891167e-01,1.558689492779502266e-08,-4.530278435457055775e-01,2.723970786582423453e-06
3.430000000000000000e+02,1.735650919844132778e-01,5.236010972123855689e-01,1.439914939778855917e-08,-4.530278391573486774e-01,1.053205650884570366e-06
3.440000000000000000e+02,1.735650572771561817e-01,5.236010972724495227e-01,1.441534959297873311e-08,-4.530278316938226024e-01,1.791246264534765148e-06
3.450000000000000000e+02,1.735650613262854636e-01,5.236010973315725625e-01,1.418952484021281876e-08,-4.530278245317602703e-01,1.718894959581370378e-06
3.460000000000000000e+02,1.735650281247922422e-01,5.236010973927126555e-01,1.467362187511536628e-08,-4.530278144083430547e-01,2.429620133305033161e-06
3.470000000000000000e+02,1.735650707022137196e-01,5.236010974515244998e-01,1.411483450533500676e-08,-4.530278079459149621e-01,1.550982738187109487e-06
3.480000000000000000e+02,1.735650371183797835e-01,5.236010975119143041e-01,1.449355534170625075e-08,-4.530277984934644175e-01,2.268588125561677065e-06
3.490000000000000000e+02,1.735650422460536801e-01,5.236010975726668182e-01,1.458059177267485335e-08,-4.530277894240167247e-01,2.176667447302532242e-06
3.500000000000000000e+02,1.735650842525605086e-01,5.236010976304215081e-01,1.386112705399589528e-08,-4.530277839723654831e-01,1.308396298449979008e-06
3.510000000000000000e+02,1.735650501188926165e-01,5.236010976891800617e-01,1.410206254586924075e-08,-4.530277754893217712e-01,2.035930491354186855e-06
3.520000000000000000e+02,1.735650918105635654e-01,5.236010977447447257e-01,1.333550730083346673e-08,-4.530277706001795690e-01,1.173394128922160051e-06
3.530000000000000000e+02,1.735650944605699186e-01,5.236010977980852799e-01,1.280173550770033299e-08,-4.530277659072730057e-01,1.126297571413797085e-06
3.540000000000000000e+02,1.735650599159228036e-01,5.236010978523576442e-01,1.302537599630349023e-08,-4.530277581521972019e-01,1.861218189176555000e-06
3.550000000000000000e+02,1.735650641237818925e-01,5.236010979064590343e-01,1.298433414216809561e-08,-4.530277507109857216e-01,1.785890758574708741e-06
3.560000000000000000e+02,1.735650681596995482e-01,5.236010979601956050e-01,1.289676539352845415e-08,-4.530277435707803502e-01,1.713649295217575427e-06
3.570000000000000000e+02,1.735650720324569130e-01,5.236010980134012671e-01,1.276935408655501338e-08,-4.530277367192650506e-01,1.644363675494753776e-06
3.580000000000000000e+02,1.735650757487223195e-01,5.236010980659348002e-01,1.260803683211031886e-08,-4.530277301446415938e-01,1.577909624193454211e-06
3.590000000000000000e+02,1.735650793148848792e-01,5.236010981176767443e-01,1.241807511118020447e-08,-4.530277238356065217e-01,1.514168418342331162e-06
3.600000000000000000e+02,1.735650827370656679e-01,5.236010981685272903e-01,1.220413308110467592e-08,-4.530277177813289979e-01,1.453026610341341857e-06
3.610000000000000000e+02,1.735650860211306323e-01,5.236010982184036155e-01,1.197033107397895626e-08,-4.530277119714299916e-01,1.394375760729179848e-06
3.620000000000000000e+02,1.735650891727014977e-01,5.236010982672382186e-01,1.172031250569879342e-08,-4.530277063959625150e-01,1.338112190421172005e-06
3.630000000000000000e+02,1.735650551015999188e-01,5.236010983180441336e-01,1.219342030267289720e-08,-4.530276977948645700e-01,2.064263508325812973e-06
3.640000000000000000e+02,1.735650968649988524e-01,5.236010983665236873e-01,1.163509229862989701e-08,-4.530276927931196074e-01,1.200418793746220635e-06
3.650000000000000000e+02,1.735650995765491700e-01,5.236010984135571755e-01,1.128802987736844051e-08,-4.530276879927716549e-01,1.152083511282574169e-06
3.660000000000000000e+02,1.735651021807016470e-01,5.236010984591525919e-01,1.094290471130991331e-08,-4.530276833856725638e-01,1.105703784999101431e-06
3.670000000000000000e+02,1.735651046800609498e-01,5.236010985033227039e-01,1.060084015469197648e-08,-4.530276789640076962e-01,1.061199568521414022e-06
3.680000000000000000e+02,1.735651441758182256e-01,5.236010985430170628e-01,9.526658324213988730e-09,-4.530276779708100610e-01,2.383674286909551859e-07
3.690000000000000000e+02,1.735651447127513347e-01,5.236010985794438133e-01,8.742423059903619884e-09,-4.530276770152965593e-01,2.293232423233716881e-07
3.700000000000000000e+02,1.735651452310522369e-01,5.236010986129014944e-01,8.029850312778612043e-09,-4.530276760961725047e-01,2.205897701941172981e-07
3.710000000000000000e+02,1.735651457296261135e-01,5.236010986436600012e-01,7.382046466648333592e-09,-4.530276752121734640e-01,2.121597685195606337e-07
3.720000000000000000e+02,1.735651462091566954e-01,5.236010986719633609e-01,6.792794464854184195e-09,-4.530276743620660906e-01,2.040257633527617905e-07
3.730000000000000000e+02,1.735651466703119206e-01,5.236010986980320636e-01,6.256487665087568247e-09,-4.530276735446489567e-01,1.961801074457041756e-07
3.740000000000000000e+02,1.735651471137418800e-01,5.236010987220657276e-01,5.768074238225050508e-09,-4.530276727587529417e-01,1.886150411482522212e-07
3.750000000000000000e+02,1.735651475400799282e-01,5.236010987442448750e-01,5.322993687026795796e-09,-4.530276720032415660e-01,1.813227317041587570e-07
3.760000000000000000e+02,1.735651479499414618e-01,5.236010987647329307e-01,4.917134532502531208e-09,-4.530276712770110459e-01,1.742953194129471493e-07
3.770000000000000000e+02,1.735651483439241138e-01,5.236010987836778874e-01,4.546786765355713859e-09,-4.530276705789904046e-01,1.675249494544837201e-07
3.780000000000000000e+02,1.735651487226086143e-01,5.236010988012137490e-01,4.208602279900126158e-09,-4.530276699081411951e-01,1.610038068438774200e-07
3.790000000000000000e+02,1.735651490865570690e-01,5.236010988174618630e-01,3.899560510369115826e-09,-4.530276692634572777e-01,1.547241401731223456e-07
3.800000000000000000e+02,1.735651494363148195e-01,5.236010988325324744e-01,3.616936729357879785e-09,-4.530276686439644318e-01,1.486782820593721592e-07
3.810000000000000000e+02,1.735651497724098880e-01,5.236010988465252813e-01,3.358265194229227753e-09,-4.530276680487199670e-01,1.428586711294861053e-07
3.820000000000000000e+02,1.735651500953530602e-01,5.236010988595307669e-01,3.121326068015861803e-09,-4.530276674768121681e-01,1.372578669659221618e-07
3.830000000000000000e+02,1.735651504056384409e-01,5.236010988716311987e-01,2.904113691889598479e-09,-4.530276669273597956e-01,1.318685647159734793e-07
3.840000000000000000e+02,1.735651507037436481e-01,5.236010988829012947e-01,2.704812959055385220e-09,-4.530276663995114195e-01,1.266836047054414813e-07
3.850000000000000000e+02,1.735651509901305067e-01,5.236010988934087784e-01,2.521783575641018088e-09,-4.530276658924448085e-01,1.216959821707789359e-07
3.860000000000000000e+02,1.735651512652444384e-01,5.236010989032152674e-01,2.353546867822494931e-09,-4.530276654053662644e-01,1.168988512030728757e-07
3.870000000000000000e+02,1.735651515295160152e-01,5.236010989123768278e-01,2.198764941902369874e-09,-4.530276649375098441e-01,1.122855372620194431e-07
3.880000000000000000e+02,1.735651517833602386e-01,5.236010989209444189e-01,2.056227420963585721e-09,-4.530276644881368053e-01,1.078495333496373629e-07
3.890000000000000000e+02,1.735651520271776771e-01,5.236010989289645590e-01,1.924841081118676575e-09,-4.530276640565346624e-01,1.035845086696969907e-07
3.900000000000000000e+02,1.735651522613547437e-01,5.236010989364796586e-01,1.803614070358540893e-09,-4.530276636420167424e-01,9.948430619461934991e-08
3.910000000000000000e+02,1.735651524862639739e-01,5.236010989435282426e-01,1.691648120633340292e-09,-4.530276632439211304e-01,9.554294753974280452e-08
3.920000000000000000e+02,1.735651527022639140e-01,5.236010989501455049e-01,1.588133401538152092e-09,-4.530276628616101697e-01,9.175462785783871889e-08
3.930000000000000000e+02,1.735651529097007872e-01,5.236010989563635309e-01,1.492335453445544571e-09,-4.530276624944696851e-01,8.811372013457918290e-08
3.940000000000000000e+02,1.735651531089072441e-01,5.236010989622118528e-01,1.403589990592768242e-09,-4.530276621419081495e-01,8.461477268496730162e-08
3.950000000000000000e+02,1.735651533002043889e-01,5.236010989677172267e-01,1.321289748499121535e-09,-4.530276618033560743e-01,8.125250370956823837e-08
3.960000000000000000e+02,1.735651534839010024e-01,5.236010989729042997e-01,1.244890003150484484e-09,-4.530276614782652311e-01,7.802180286272257016e-08
3.970000000000000000e+02,1.735651536602945411e-01,5.236010989777954983e-01,1.173892757760000751e-09,-4.530276611661080421e-01,7.491772701546087773e-08
3.980000000000000000e+02,1.735651538296708318e-01,5.236010989824115835e-01,1.107849545488347783e-09,-4.530276608663768023e-01,7.193549843848395132e-08
3.990000000000000000e+02,1.735651539923055708e-01,5.236010989867713183e-01,1.046348283302939838e-09,-4.530276605785830690e-01,6.907050091337092291e-08
4.000000000000000000e+02,1.735651541484637128e-01,5.236010989908922442e-01,9.890213452907641778e-10,-4.530276603022569404e-01,6.631827450110471805e-08
4.010000000000000000e+02,1.735651542983998319e-01,5.236010989947902372e-01,9.355271570049114946e-10,-4.530276600369464446e-01,6.367451605923266723e-08
4.020000000000000000e+02,1.735651544423593984e-01,5.236010989984800634e-01,8.855608902376519108e-10,-4.530276597822169848e-01,6.113506962872182202e-08
4.030000000000000000e+02,1.735651545805780294e-01,5.236010990019752676e-01,8.388412906321289717e-10,-4.530276595376506177e-01,5.869592986022092483e-08
4.040000000000000000e+02,1.735651547132825989e-01,5.236010990052882841e-01,7.951135091477944645e-10,-4.530276593028454979e-01,5.635323202805043202e-08
4.050000000000000000e+02,1.735651548406908495e-01,5.236010990084305483e-01,7.541464951356759484e-10,-4.530276590774152679e-01,5.410325043774884903e-08
4.060000000000000000e+02,1.735651549630125579e-01,5.236010990114127184e-01,7.157305055000872846e-10,-4.530276588609886135e-01,5.194239496155253232e-08
4.070000000000000000e+02,1.735651550804490906e-01,5.236010990142446753e-01,6.796718329891415051e-10,-4.530276586532085981e-01,4.986720618190019831e-08
4.080000000000000000e+02,1.735651551931939873e-01,5.236010990169355228e-01,6.457929453503216271e-10,-4.530276584537321072e-01,4.787435270213121497e-08
4.090000000000000000e+02,1.735651553014335990e-01,5.236010990194935877e-01,6.139325154005770016e-10,-4.530276582622295156e-01,4.596062333248907807e-08
4.100000000000000000e+02,1.735651554053467827e-01,5.236010990219266414e-01,5.839456548311961307e-10,-4.530276580783839657e-01,4.412292997500939962e-08
4.110000000000000000e+02,1.735651555051050121e-01,5.236010990242420116e-01,5.556985294508626269e-10,-4.530276579018910343e-01,4.235829800907414175e-08
4.120000000000000000e+02,1.735651556008739327e-01,5.236010990264464704e-01,5.290658972027329902e-10,-4.530276577324582887e-01,4.066386397844065802e-08
4.130000000000000000e+02,1.735651556928120010e-01,5.236010990285462352e-01,5.039337697067059274e-10,-4.530276575698046204e-01,3.903687436817216832e-08
4.140000000000000000e+02,1.735651557810718726e-01,5.236010990305470791e-01,4.801995145740183903e-10,-4.530276574136601342e-01,3.747467625234768409e-08
4.150000000000000000e+02,1.735651558657997640e-01,5.236010990324544423e-01,4.577693657536433528e-10,-4.530276572637654819e-01,3.597472193477674278e-08
4.160000000000000000e+02,1.735651559471363681e-01,5.236010990342734317e-01,4.365556886408670021e-10,-4.530276571198714741e-01,3.453455879891631682e-08
4.170000000000000000e+02,1.735651560252169379e-01,5.236010990360087103e-01,4.164771212069559668e-10,-4.530276569817388577e-01,3.315182690201104555e-08
4.180000000000000000e+02,1.735651561001714527e-01,5.236010990376648300e-01,3.974613390320513559e-10,-4.530276568491377609e-01,3.182425882219820310e-08
4.190000000000000000e+02,1.735651561721245351e-01,5.236010990392457876e-01,3.794370626757235911e-10,-4.530276567218474715e-01,3.054967334963809842e-08
4.200000000000000000e+02,1.735651562411957838e-01,5.236010990407555798e-01,3.623448430344381107e-10,-4.530276565996558813e-01,2.932597561407345194e-08
4.210000000000000000e+02,1.735651563075005788e-01,5.236010990421977596e-01,3.461237267556327288e-10,-4.530276564823594310e-01,2.815114796388374526e-08
4.220000000000000000e+02,1.735651563711490541e-01,5.236010990435757684e-01,3.307220532870308830e-10,-4.530276563697625547e-01,2.702325483046271112e-08
4.230000000000000000e+02,1.735651564322475138e-01,5.236010990448928260e-01,3.160894562319411208e-10,-4.530276562616774028e-01,2.594043424702710920e-08
4.240000000000000000e+02,1.735651564908979594e-01,5.236010990461519299e-01,3.021796011042118902e-10,-4.530276561579236749e-01,2.490089550659472775e-08
4.250000000000000000e+02,1.735651565471978686e-01,5.236010990473558557e-01,2.889502543333415077e-10,-4.530276560583281764e-01,2.390291967151637466e-08
4.260000000000000000e+02,1.735651566012415270e-01,5.236010990485073791e-01,2.763633132678529301e-10,-4.530276559627245958e-01,2.294485565562660740e-08
4.270000000000000000e+02,1.735651566531190848e-01,5.236010990496089423e-01,2.643795448657172165e-10,-4.530276558709532830e-01,2.202511439624730367e-08
4.280000000000000000e+02,1.735651567029172782e-01,5.236010990506629881e-01,2.529665796579331804e-10,-4.530276557828609163e-01,2.114217139119203860e-08
4.290000000000000000e+02,1.735651567507190962e-01,5.236010990516717367e-01,2.420910080372317108e-10,-4.530276556983002245e-01,2.029456177435768559e-08
4.300000000000000000e+02,1.735651567966044750e-01,5.236010990526372977e-01,2.317237733551182295e-10,-4.530276556171299318e-01,1.948087673231844907e-08
4.310000000000000000e+02,1.735651568406503809e-01,5.236010990535616694e-01,2.218374434002463422e-10,-4.530276555392142579e-01,1.869976547260522573e-08
4.320000000000000000e+02,1.735651568829301716e-01,5.236010990544467392e-01,2.124063671071321901e-10,-4.530276554644229181e-01,1.794992767480168671e-08
4.330000000000000000e+02,1.735651569235144853e-01,5.236010990552942834e-01,2.034066495581508681e-10,-4.530276553926307903e-01,1.723011691421019726e-08
4.340000000000000000e+02,1.735651569624714619e-01,5.236010990561059675e-01,1.948162367574976035e-10,-4.530276553237177484e-01,1.653913521493749235e-08
4.350000000000000000e+02,1.735651569998659383e-01,5.236010990568835677e-01,1.866148404650096801e-10,-4.530276552575684401e-01,1.587582985958234696e-08
4.360000000000000000e+02,1.735651570357609197e-01,5.236010990576285273e-01,1.787787610539214525e-10,-4.530276551940722318e-01,1.523909577579156587e-08
4.370000000000000000e+02,1.735651570702164137e-01,5.236010990583422897e-01,1.712915362380707151e-10,-4.530276551331227641e-01,1.462787324666514905e-08
4.380000000000000000e+02,1.735651571032897633e-01,5.236010990590261871e-01,1.641359795480793016e-10,-4.530276550746180075e-01,1.404114192215563437e-08
4.390000000000000000e+02,1.735651571350365074e-01,5.236010990596815518e-01,1.572968108838010440e-10,-4.530276550184599849e-01,1.347792186662502574e-08
4.400000000000000000e+02,1.735651571655098535e-01,5.236010990603097159e-01,1.507581994429405152e-10,-4.530276549645546602e-01,1.293727466835053636e-08
4.410000000000000000e+02,1.735651571947608163e-01,5.236010990609117899e-01,1.445035325088828201e-10,-4.530276549128117725e-01,1.241829728712110183e-08
4.420000000000000000e+02,1.735651572228384676e-01,5.236010990614889948e-01,1.385209789049684829e-10,-4.530276548631446132e-01,1.192012284915986622e-08
4.430000000000000000e+02,1.735651572497896866e-01,5.236010990620423300e-01,1.327954473320461806e-10,-4.530276548154699712e-01,1.144191932267217346e-08
4.440000000000000000e+02,1.735651572756598260e-01,5.236010990625727946e-01,1.273165944558903755e-10,-4.530276547697079659e-01,1.098288687948681763e-08
4.450000000000000000e+02,1.735651573004918513e-01,5.236010990630813877e-01,1.220735409828071740e-10,-4.530276547257818809e-01,1.054225907595031189e-08
4.460000000000000000e+02,1.735651573243277845e-01,5.236010990635691087e-01,1.170548672570795376e-10,-4.530276546836181639e-01,1.011929831490900934e-08
4.470000000000000000e+02,1.735651573472073717e-01,5.236010990640368457e-01,1.122486240729237329e-10,-4.530276546431460938e-01,9.713297244268723928e-09
4.480000000000000000e+02,1.735651573691691651e-01,5.236010990644853758e-01,1.076451213950785396e-10,-4.530276546042978358e-01,9.323577354560084340e-09
4.490000000000000000e+02,1.735651573902496914e-01,5.236010990649154762e-01,1.032368049742951373e-10,-4.530276545670083310e-01,8.949485717592830218e-09
4.500000000000000000e+02,1.735651574104843942e-01,5.236010990653280350e-01,9.901567447082357403e-11,-4.530276545312150183e-01,8.590397942740106870e-09
4.510000000000000000e+02,1.735651574299070798e-01,5.236010990657237185e-01,9.497067649034192539e-11,-4.530276544968578900e-01,8.245712111836379573e-09
4.520000000000000000e+02,1.735651574485506110e-01,5.236010990661033038e-01,9.109562441267814076e-11,-4.530276544638793257e-01,7.914850639182263907e-09
4.530000000000000000e+02,1.735651574664460461e-01,5.236010990664673459e-01,8.738132045336734015e-11,-4.530276544322240917e-01,7.597259294344534791e-09
4.540000000000000000e+02,1.735651574836233890e-01,5.236010990668166221e-01,8.382347588425560683e-11,-4.530276544018390639e-01,7.292408094246245254e-09
4.550000000000000000e+02,1.735651575001115610e-01,5.236010990671516874e-01,8.041216497268057605e-11,-4.530276543726732830e-01,6.999785420564365218e-09
4.560000000000000000e+02,1.735651575159379012e-01,5.236010990674730969e-01,7.714238475065954065e-11,-4.530276543446778437e-01,6.718900543724333928e-09
4.570000000000000000e+02,1.735651575311293326e-01,5.236010990677815169e-01,7.400883423822033641e-11,-4.530276543178058390e-01,6.449284024582018529e-09
4.580000000000000000e+02,1.735651575457112794e-01,5.236010990680773913e-01,7.100318054049722259e-11,-4.530276542920121385e-01,6.190483526556898872e-09
4.590000000000000000e+02,1.735651575597079443e-01,5.236010990683612754e-01,6.812218085816313863e-11,-4.530276542672535545e-01,5.942065487688459397e-09
4.600000000000000000e+02,1.735651575731430030e-01,5.236010990686336131e-01,6.535958016260207014e-11,-4.530276542434885090e-01,5.703614668330559514e-09
4.610000000000000000e+02,1.735651575860387985e-01,5.236010990688949596e-01,6.271151114199812364e-11,-4.530276542206771451e-01,5.474730308606597829e-09
4.620000000000000000e+02,1.735651575984172856e-01,5.236010990691456479e-01,6.017117919545966341e-11,-4.530276541987812156e-01,5.255028647544490965e-09
4.630000000000000000e+02,1.735651576102987537e-01,5.236010990693862333e-01,5.773686314343997248e-11,-4.530276541777639721e-01,5.044142651714423153e-09
4.640000000000000000e+02,1.735651576217034642e-01,5.236010990696170486e-01,5.540126016328293356e-11,-4.530276541575901650e-01,4.841718193539155228e-09
4.650000000000000000e+02,1.735651576326505685e-01,5.236010990698385381e-01,5.316212284688252721e-11,-4.530276541382259325e-01,4.647415488818753447e-09
4.660000000000000000e+02,1.735651576431583576e-01,5.236010990700511458e-01,5.101433276526581405e-11,-4.530276541196388007e-01,4.460908270068684530e-09
4.670000000000000000e+02,1.735651576532446227e-01,5.236010990702550938e-01,4.895257758230243004e-11,-4.530276541017976277e-01,4.281884740212346905e-09
4.680000000000000000e+02,1.735651576629258230e-01,5.236010990704508261e-01,4.697660567898607515e-11,-4.530276540846724376e-01,4.110045576786496012e-09
4.690000000000000000e+02,1.735651576722186396e-01,5.236010990706386758e-01,4.508064151750308977e-11,-4.530276540682345310e-01,3.945100772651846199e-09
4.700000000000000000e+02,1.735651576811385322e-01,5.236010990708189761e-01,4.326144109566500745e-11,-4.530276540524563189e-01,3.786775351265174188e-09
4.710000000000000000e+02,1.735651576897004611e-01,5.236010990709919488e-01,4.151547620646777868e-11,-4.530276540373113225e-01,3.634803134855433962e-09
4.720000000000000000e+02,1.735651576979186927e-01,5.236010990711579272e-01,3.984180369586618977e-11,-4.530276540227741178e-01,3.488929588992981120e-09
4.730000000000000000e+02,1.735651577058071604e-01,5.236010990713172442e-01,3.823652532618323519e-11,-4.530276540088203352e-01,3.348908821527323948e-09
4.740000000000000000e+02,1.735651577133791035e-01,5.236010990714701219e-01,3.669566412805885284e-11,-4.530276539954265491e-01,3.214506957458961542e-09
4.750000000000000000e+02,1.735651577206469565e-01,5.236010990716168934e-01,3.521774901259839541e-11,-4.530276539825702775e-01,3.085498975684678309e-09
4.760000000000000000e+02,1.735651577276234037e-01,5.236010990717576696e-01,3.379844471319773716e-11,-4.530276539702299821e-01,2.961667235854981695e-09
4.770000000000000000e+02,1.735651577343196861e-01,5.236010990718927838e-01,3.243859405497473623e-11,-4.530276539583849571e-01,2.842805096686396893e-09
4.780000000000000000e+02,1.735651577407472390e-01,5.236010990720224578e-01,3.113362023370812300e-11,-4.530276539470153296e-01,2.728713458676512970e-09
4.790000000000000000e+02,1.735651577469168871e-01,5.236010990721469138e-01,2.988142833263830298e-11,-4.530276539361020038e-01,2.619200901123221616e-09
4.800000000000000000e+02,1.735651577528387057e-01,5.236010990722663738e-01,2.867983672275232412e-11,-4.530276539256266610e-01,2.514083411753593698e-09
