# Time, SliderHeight, Motor1Pos, Motor1Vel, Motor2Pos, Motor2Vel
0.000000000000000000e+00,2.600000000000000089e-01,0.000000000000000000e+00,0.000000000000000000e+00,0.000000000000000000e+00,0.000000000000000000e+00
1.000000000000000000e+00,1.904672534364288405e-01,3.991454839706420898e-03,9.579491615295411266e-01,-5.193332625698561696e-03,-1.246399830167654876e+00
2.000000000000000000e+00,1.587780417176460623e-01,1.060993373394012416e-02,1.588434934616088867e+00,-1.964123946375841839e-02,-3.467497641134365427e+00
3.000000000000000000e+00,2.712734852460927382e-01,1.650720447301864610e-02,1.415344977378845570e+00,-3.340924126926822502e-02,-3.304320433322354145e+00
4.000000000000000000e+00,2.541131648843231727e-01,2.250766405463218781e-02,1.440110299587249898e+00,-4.734617062793734094e-02,-3.344863046080587488e+00
5.000000000000000000e+00,2.502067058336432392e-01,2.881522460877895472e-02,1.513814532995224171e+00,-6.136680231883223646e-02,-3.364951605814775260e+00
6.000000000000000000e+00,2.437976993651043978e-01,3.561592832893133165e-02,1.632168892836570517e+00,-7.554683990894066337e-02,-3.403209021626023567e+00
7.000000000000000000e+00,2.394890903859233644e-01,4.294767441472411434e-02,1.759619060590267514e+00,-8.988713350884719455e-02,-3.441670463977568151e+00
8.000000000000000000e+00,2.432940575810127737e-01,5.059276636351049683e-02,1.834822067708731019e+00,-1.038096542765375441e-01,-3.341404984245682108e+00
9.000000000000000000e+00,2.412110975858518247e-01,5.849927022375674135e-02,1.897560926459098019e+00,-1.170408401133653242e-01,-3.175484600838667237e+00
1.000000000000000000e+01,2.423675981494091414e-01,6.648696679757247485e-02,1.917047177715776041e+00,-1.291720499037196934e-01,-2.911490349685051271e+00
1.100000000000000000e+01,2.362527706762208857e-01,7.459965245920011090e-02,1.947044558790633761e+00,-1.402876393520853804e-01,-2.667741467607763539e+00
1.200000000000000000e+01,2.355366712165603560e-01,8.269236293730963805e-02,1.942250514746286960e+00,-1.501063648329444555e-01,-2.356494115406180256e+00
1.300000000000000000e+01,2.263086273174227947e-01,9.082826203672136889e-02,1.952615783858816956e+00,-1.585324171953012562e-01,-2.022252566965634824e+00
1.400000000000000000e+01,2.191522985815374802e-01,9.900157654197257184e-02,1.961595481260288709e+00,-1.654869672260184110e-01,-1.669092007372116937e+00
1.500000000000000000e+01,2.113781443014500772e-01,1.072476297966650782e-01,1.979052781126202865e+00,-1.710469356055551171e-01,-1.334392411088811903e+00
1.600000000000000000e+01,2.098233793244149159e-01,1.153875699954043377e-01,1.953585647697420935e+00,-1.749501875539012374e-01,-9.367804676030672129e-01
1.700000000000000000e+01,2.108141309726049573e-01,1.236860195979604671e-01,1.991627904613469502e+00,-1.784512863205775790e-01,-8.402637040023241966e-01
1.800000000000000000e+01,7.437217814118021741e-02,1.314904129670676214e-01,1.873054408585716590e+00,-1.801500945371602713e-01,-4.077139719798442696e-01
1.900000000000000000e+01,7.939280829074796264e-02,1.401012035757258356e-01,2.066589746077974077e+00,-1.834848251118255946e-01,-8.003353379196784800e-01
2.000000000000000000e+01,-1.699631447168513942e-01,1.474568330541212724e-01,1.765351074814904386e+00,-1.843196475065344564e-01,-2.003573747301263808e-01
2.100000000000000000e+01,-1.711266777841325415e-01,1.561459258164429043e-01,2.085382262957192978e+00,-1.883111855587298322e-01,-9.579691325268890889e-01
2.200000000000000000e+01,-1.138404144513139038e-01,1.627730806141015896e-01,1.590517151438085364e+00,-1.885888005376697707e-01,-6.662759494558700979e-02
2.300000000000000000e+01,-3.506765228880914798e-02,1.718614231882220067e-01,2.181202217788899667e+00,-1.953001752506136335e-01,-1.610729931106525736e+00
2.400000000000000000e+01,4.844747754760273528e-01,1.772834180138616600e-01,1.301278758153519233e+00,-1.952292528542396433e-01,1.702137512975587796e-02
2.500000000000000000e+01,1.585558525094550586e-01,1.870773540445067329e-01,2.350544647354819716e+00,-2.058809435494820816e-01,-2.556405766858182549e+00
2.600000000000000000e+01,2.884119641062413142e-01,1.915626263476518931e-01,1.076465352754836680e+00,-2.070502909550567538e-01,-2.806433773379244379e-01
2.700000000000000000e+01,9.373755013779819234e-02,2.007257881036795533e-01,2.199158821446637546e+00,-2.179148887865759998e-01,-2.607503479564616811e+00
2.800000000000000000e+01,2.612277554171326677e-01,2.051424988154826046e-01,1.060010570832735421e+00,-2.194422181201144961e-01,-3.665590400492417800e-01
2.900000000000000000e+01,9.505424092254878554e-02,2.141374833623401197e-01,2.158796291245800525e+00,-2.301163818609787415e-01,-2.561799297807421993e+00
3.000000000000000000e+01,2.530986151700749254e-01,2.186296600615827979e-01,1.078122407818241868e+00,-2.316764992037864124e-01,-3.744281622738379056e-01
3.100000000000000000e+01,1.207796168302434914e-01,2.274380760049567185e-01,2.114019826409740510e+00,-2.418158852473813736e-01,-2.433452650462791134e+00
3.200000000000000000e+01,9.034123168339344701e-02,2.321559223522912385e-01,1.132283123360286581e+00,-2.435955557300971686e-01,-4.271209158517879079e-01
3.300000000000000000e+01,1.169845582428248043e-01,2.406704812935147597e-01,2.043494145893642866e+00,-2.528306919099445049e-01,-2.216432683163364281e+00
3.400000000000000000e+01,2.160127231254866664e-01,2.462075999109764324e-01,1.328908468190800107e+00,-2.551833351749708823e-01,-5.646343836063323351e-01
3.500000000000000000e+01,1.274441547755127691e-01,2.534665153115273073e-01,1.742139696132210869e+00,-2.602553696848002862e-01,-1.217288282359052731e+00
3.600000000000000000e+01,1.086864484587630603e-01,2.598651426210843995e-01,1.535670554293697920e+00,-2.627240836305700378e-01,-5.924913469847435943e-01
3.700000000000000000e+01,1.475153211196707503e-01,2.667861918086179562e-01,1.661051805008056936e+00,-2.656546024605909162e-01,-7.033245192050132655e-01
3.800000000000000000e+01,1.584104839923844432e-01,2.739048605709259454e-01,1.708480502953923841e+00,-2.688105923776305528e-01,-7.574375800895115640e-01
3.900000000000000000e+01,1.669675711598357370e-01,2.811380748967073906e-01,1.735971438187549509e+00,-2.722777154041099990e-01,-8.321095263550647436e-01
4.000000000000000000e+01,1.763266559844329784e-01,2.884379379496030404e-01,1.751967132694957074e+00,-2.761771451664141175e-01,-9.358631429529931101e-01
4.100000000000000000e+01,1.820224949295380923e-01,2.957587080519386569e-01,1.756984824560553493e+00,-2.805240538422264507e-01,-1.043258082194953529e+00
4.200000000000000000e+01,1.856224878918170396e-01,3.030827436470506231e-01,1.757768542826866343e+00,-2.853106242272268611e-01,-1.148776892400098726e+00
4.300000000000000000e+01,1.892008308376855186e-01,3.104324275551988421e-01,1.763924137955573013e+00,-2.905925224461911038e-01,-1.267655572551415810e+00
4.400000000000000000e+01,2.002009052335936845e-01,3.180005849287373954e-01,1.816357769649250109e+00,-2.971396311193914563e-01,-1.571306081568083712e+00
4.500000000000000000e+01,1.778931337608122831e-01,3.266115099983331604e-01,2.066622016702978293e+00,-3.084784237219381775e-01,-2.721310224611213968e+00
4.600000000000000000e+01,1.117545711779821260e-01,3.375633100387677721e-01,2.628432009704310790e+00,-3.261686105441855554e-01,-4.245644837339375144e+00
4.700000000000000000e+01,1.317745269970697075e-01,3.506335025772951974e-01,3.136846209246576311e+00,-3.459012453768475770e-01,-4.735832359838891392e+00
4.800000000000000000e+01,1.953085014226763894e-01,3.639240389238747597e-01,3.189728723179095393e+00,-3.636709879345247920e-01,-4.264738213842536041e+00
4.900000000000000000e+01,2.158334394927874933e-01,3.766095750186698732e-01,3.044528662750833892e+00,-3.796637667008445627e-01,-3.838266903916738748e+00
5.000000000000000000e+01,2.163442964347203068e-01,3.884910803425780101e-01,2.851561277737959088e+00,-3.940572675906586220e-01,-3.454440213555375117e+00
5.100000000000000000e+01,2.979791902454017039e-01,3.998159700885798307e-01,2.717973539040438258e+00,-4.070117214053888266e-01,-3.109068915535246003e+00
5.200000000000000000e+01,2.520866762636480019e-01,4.105597139177235011e-01,2.578498518994484012e+00,-4.186704310685348540e-01,-2.798090319155051020e+00
5.300000000000000000e+01,2.198169246060971416e-01,4.206035197665863867e-01,2.410513403727091220e+00,-4.291632504139407667e-01,-2.518276642897412376e+00
5.400000000000000000e+01,2.119696677270276330e-01,4.299037868763114223e-01,2.232064106334002762e+00,-4.386067886813440619e-01,-2.266449184176785092e+00
5.500000000000000000e+01,1.821547882953702679e-01,4.390942944804494541e-01,2.205721824993122304e+00,-4.471059695665277056e-01,-2.039803412444072706e+00
5.600000000000000000e+01,1.932175350220007304e-01,4.475416088622141131e-01,2.027355451623521709e+00,-4.547552371255221271e-01,-1.835824214158654710e+00
5.700000000000000000e+01,1.928136664282191215e-01,4.551471124320858319e-01,1.825320856769215183e+00,-4.616395790800217336e-01,-1.652242069079902675e+00
5.800000000000000000e+01,1.889187063086441021e-01,4.619922563800490933e-01,1.642834547511181631e+00,-4.678354867953963825e-01,-1.487017851689909520e+00
5.900000000000000000e+01,1.856488189593414606e-01,4.681529083181849571e-01,1.478556465152600863e+00,-4.734118037068920093e-01,-1.338316058758951543e+00
6.000000000000000000e+01,1.829017125780711406e-01,4.736974842275702424e-01,1.330698218252467369e+00,-4.784302990668296007e-01,-1.204438886385016172e+00
6.100000000000000000e+01,1.805810359600201753e-01,4.786876135151568734e-01,1.197631029020793658e+00,-4.829470226117500986e-01,-1.084013650780925486e+00
6.200000000000000000e+01,1.786442043669377866e-01,4.831787297396569758e-01,1.077867893880021910e+00,-4.870121840824736537e-01,-9.756387529736529896e-01
6.300000000000000000e+01,1.770307128409574493e-01,4.872207343416978809e-01,9.700811044898174362e-01,-4.906708294438256179e-01,-8.780748867244659861e-01
6.400000000000000000e+01,1.756293636774425848e-01,4.908585384835602583e-01,8.730729940469685868e-01,-4.939636102651511762e-01,-7.902673971181386481e-01
6.500000000000000000e+01,1.744309197265754285e-01,4.941325622116533034e-01,7.857656947423338201e-01,-4.969271126588525878e-01,-7.112405744883435466e-01
6.600000000000000000e+01,1.733993369214416602e-01,4.970791835678451398e-01,7.071891254860372955e-01,-4.995942640437666671e-01,-6.401163323793748194e-01
6.700000000000000000e+01,1.725073178348264791e-01,4.997311427897730973e-01,6.364702132627093611e-01,-5.019946991354432564e-01,-5.761044220023697759e-01
6.800000000000000000e+01,1.717330336798377211e-01,5.021179060914335857e-01,5.728231923985257490e-01,-5.041550890737935831e-01,-5.184935852040678528e-01
6.900000000000000000e+01,1.710586494888188536e-01,5.042659930656034906e-01,5.155408738007638547e-01,-5.060994377312959536e-01,-4.666436778005656483e-01
7.000000000000000000e+01,1.704694613777404666e-01,5.061992713460899962e-01,4.639867873167622947e-01,-5.078493483297344957e-01,-4.199785436252411186e-01
7.100000000000000000e+01,1.699532579231146645e-01,5.079392218037961371e-01,4.175881098494667598e-01,-5.094242633610822635e-01,-3.779796075234725938e-01
7.200000000000000000e+01,1.694998377832472869e-01,5.095051772232996878e-01,3.758293006808594017e-01,-5.108416804127610122e-01,-3.401800924029125262e-01
7.300000000000000000e+01,1.691006299891545384e-01,5.109145371120067392e-01,3.382463732897034170e-01,-5.121173462116691555e-01,-3.061597917379472733e-01
7.400000000000000000e+01,1.687483917291079105e-01,5.121829610287548240e-01,3.044217400195471379e-01,-5.132654309502293621e-01,-2.755403372544474871e-01
7.500000000000000000e+01,1.684369676727890952e-01,5.133245425803947271e-01,2.739795723935820049e-01,-5.142986844602754903e-01,-2.479808424110795939e-01
7.600000000000000000e+01,1.681610859904604238e-01,5.143519660202222621e-01,2.465816255586106287e-01,-5.152285754748842095e-01,-2.231738435060816594e-01
7.700000000000000000e+01,1.679161852409865874e-01,5.152766471899831169e-01,2.219234807426059275e-01,-5.160654140311335958e-01,-2.008412534998558208e-01
7.800000000000000000e+01,1.676982342160187600e-01,5.161088603741960101e-01,1.997311642110946306e-01,-5.168184560315780551e-01,-1.807300801066692164e-01
7.900000000000000000e+01,1.675035304227600885e-01,5.168578524822219356e-01,1.797581059262264025e-01,-5.174959860190544436e-01,-1.626071969943284623e-01
8.000000000000000000e+01,1.673284120880919879e-01,5.175319458302689579e-01,1.617824035312885045e-01,-5.181053760360395666e-01,-1.462536040764255973e-01
8.100000000000000000e+01,1.671690235094857868e-01,5.181386306349000659e-01,1.456043531114748213e-01,-5.186531472659809960e-01,-1.314650951859555328e-01
8.200000000000000000e+01,1.670220272853037424e-01,5.186846481039694146e-01,1.310441925766309967e-01,-5.191451568594210864e-01,-1.180823024256174580e-01
8.300000000000000000e+01,1.668876550725934826e-01,5.191760649819787687e-01,1.179400507222335276e-01,-5.195869696932626791e-01,-1.060350801219696742e-01
8.400000000000000000e+01,1.667698971481498538e-01,5.196183411509786021e-01,1.061462805599674014e-01,-5.199837560122875235e-01,-9.522871656596136603e-02
8.500000000000000000e+01,1.666668619736904888e-01,5.200163907199433222e-01,9.553189655153206117e-02,-5.203399844527684115e-01,-8.549482571540496789e-02
8.600000000000000000e+01,1.665746144351111235e-01,5.203746361836300016e-01,8.597891128479677458e-02,-5.206598514190161620e-01,-7.676807189945027143e-02
8.700000000000000000e+01,1.664933095457171996e-01,5.206970579978706937e-01,7.738123541777747194e-02,-5.209469514124120959e-01,-6.890399841503076772e-02
8.800000000000000000e+01,1.664211545537497006e-01,5.209872382735767360e-01,6.964326616946069082e-02,-5.212047777874173615e-01,-6.187833000127546806e-02
8.900000000000000000e+01,1.663561249188628410e-01,5.212484015082748945e-01,6.267917632756128676e-02,-5.214359481310273381e-01,-5.548088246640123233e-02
9.000000000000000000e+01,1.663021009775356718e-01,5.214834483865185000e-01,5.641125077845991764e-02,-5.216440272099809317e-01,-4.993897894887283639e-02
9.100000000000000000e+01,1.662353350043648537e-01,5.216949935549103357e-01,5.077084041404635040e-02,-5.218284469517178170e-01,-4.426073801684052289e-02
9.200000000000000000e+01,1.662269451756070993e-01,5.218853791388976537e-01,4.569254015695806831e-02,-5.219990960393176005e-01,-4.095578102395544540e-02
9.300000000000000000e+01,1.661759564607123429e-01,5.220568539436178934e-01,4.115395313284831574e-02,-5.221413696484904499e-01,-3.414566620147750642e-02
9.400000000000000000e+01,1.661571921316867539e-01,5.222110541158436758e-01,3.700804133419574593e-02,-5.222801772973518775e-01,-3.331383572673633775e-02
9.500000000000000000e+01,1.661196869200773363e-01,5.223499594925072875e-01,3.333729039925667492e-02,-5.223946345419093751e-01,-2.746973869379072675e-02
9.600000000000000000e+01,1.660744588126207288e-01,5.224748536167878044e-01,2.997458982731268651e-02,-5.225039656859179482e-01,-2.623947456206304416e-02
9.700000000000000000e+01,1.660164632562169118e-01,5.225874492758809664e-01,2.702295818234755342e-02,-5.225978634526909916e-01,-2.253546402553104414e-02
9.800000000000000000e+01,1.660951804066613802e-01,5.226885886869246933e-01,2.427345865048514267e-02,-5.226920804114700836e-01,-2.261207010699413725e-02
9.900000000000000000e+01,1.660897628139413884e-01,5.227797209585474114e-01,2.187174518946078880e-02,-5.227679575548281887e-01,-1.821051440594490672e-02
1.000000000000000000e+02,1.660006424609816456e-01,5.228617607064225403e-01,1.968953949003650686e-02,-5.228335698905768325e-01,-1.574696057967069768e-02
1.010000000000000000e+02,1.659158676344154870e-01,5.229356164167145993e-01,1.772537047008089506e-02,-5.228900482159912766e-01,-1.355479809945812388e-02
1.020000000000000000e+02,1.660405131780095245e-01,5.230019410146152792e-01,1.591790349616411734e-02,-5.229533895066541538e-01,-1.520190975908562378e-02
1.030000000000000000e+02,1.660001591633447071e-01,5.230617441707662296e-01,1.435275747623321677e-02,-5.230023766071622005e-01,-1.175690412192872611e-02
1.040000000000000000e+02,1.659502416909193756e-01,5.231155810012978469e-01,1.292083932758575533e-02,-5.230446602851250848e-01,-1.014808271108930127e-02
1.050000000000000000e+02,1.659045009852199160e-01,5.231640476104899573e-01,1.163198620610039064e-02,-5.230809812874046560e-01,-8.717040547107339152e-03
1.060000000000000000e+02,1.658640784420570280e-01,5.232076805115439821e-01,1.047189625296244056e-02,-5.231120035004107605e-01,-7.445331121470086938e-03
1.070000000000000000e+02,1.660150711711201044e-01,5.232467991194317269e-01,9.388465893048201713e-03,-5.231527776427576937e-01,-9.785794163269431398e-03
1.080000000000000000e+02,1.659582981618734354e-01,5.232821132961681387e-01,8.475402416732986596e-03,-5.231822644142359868e-01,-7.076825154785889097e-03
1.090000000000000000e+02,1.659342538251012689e-01,5.233139040625854888e-01,7.629783940172256244e-03,-5.232077709576082869e-01,-6.121570409363814337e-03
1.100000000000000000e+02,1.659120135715589084e-01,5.233425234522456337e-01,6.868653518438547038e-03,-5.232297355820965112e-01,-5.271509877186685011e-03
1.110000000000000000e+02,1.658922930365764326e-01,5.233682883072092729e-01,6.183565191277050864e-03,-5.232485511666268296e-01,-4.515740287274585055e-03
1.120000000000000000e+02,1.658750946494429168e-01,5.233914837965201183e-01,5.566917434608326977e-03,-5.232645697812394747e-01,-3.844467507024584493e-03
1.130000000000000000e+02,1.658601651326564452e-01,5.234123665830443528e-01,5.011868765822860040e-03,-5.232781068325945695e-01,-3.248892325217489409e-03
1.140000000000000000e+02,1.658472667057378225e-01,5.234311676736894681e-01,4.512261754837696738e-03,-5.232894447893136070e-01,-2.721109612578858934e-03
1.150000000000000000e+02,1.659646108965018851e-01,5.234479409932478733e-01,4.025596694009253053e-03,-5.233092588682424218e-01,-4.755378942925304886e-03
1.160000000000000000e+02,1.658939100900047314e-01,5.234631584946612959e-01,3.652200339208453404e-03,-5.233208600309907643e-01,-2.784279059606810554e-03
1.170000000000000000e+02,1.658854214109909964e-01,5.234768582235355128e-01,3.287934929805221701e-03,-5.233307899099083338e-01,-2.383170940221274962e-03
1.180000000000000000e+02,1.658778250644085683e-01,5.234891918024956459e-01,2.960058950419000232e-03,-5.233392356120964983e-01,-2.026968525153134172e-03
1.190000000000000000e+02,1.658711158363640192e-01,5.235002956982007793e-01,2.664934969223362472e-03,-5.233463647326260793e-01,-1.710988927110232861e-03
1.200000000000000000e+02,1.658653330556034700e-01,5.235102927364395642e-01,2.399289177296059540e-03,-5.233523273522848740e-01,-1.431028718105760824e-03
1.210000000000000000e+02,1.658603826842474649e-01,5.235192934659308461e-01,2.160175077902129048e-03,-5.233572578225776928e-01,-1.183312870287747199e-03
1.220000000000000000e+02,1.658561746914380963e-01,5.235273973858055596e-01,1.944940769926201607e-03,-5.233612763680014490e-01,-9.644509017053091039e-04
1.230000000000000000e+02,1.658526275388612914e-01,5.235346940503612378e-01,1.751199493373599078e-03,-5.233644905261661817e-01,-7.713979595399878854e-04
1.240000000000000000e+02,1.658574277867394531e-01,5.235412702527041384e-01,1.578288562285544688e-03,-5.233676561938863658e-01,-7.597602528421600271e-04
1.250000000000000000e+02,1.659256642542074611e-01,5.235470366239941553e-01,1.383929109600362311e-03,-5.233759404693487660e-01,-1.988226110987408556e-03
1.260000000000000000e+02,1.658739233142158820e-01,5.235523569921920473e-01,1.276888367497040072e-03,-5.233792859651282825e-01,-8.029189870934999411e-04
1.270000000000000000e+02,1.658718926254677262e-01,5.235571470490465451e-01,1.149613645073495772e-03,-5.233820753822656657e-01,-6.694601129762733872e-04
1.280000000000000000e+02,1.658698944081115345e-01,5.235614597589330899e-01,1.035050372776122937e-03,-5.233843729491414187e-01,-5.514160501847123908e-04
1.290000000000000000e+02,1.658681722169949302e-01,5.235653427920293757e-01,9.319279431058293635e-04,-5.233862361547918507e-01,-4.471693561041551433e-04
1.300000000000000000e+02,1.658667357813740917e-01,5.235688390539152692e-01,8.391028526014877734e-04,-5.233877164201755638e-01,-3.552636920956017252e-04
1.310000000000000000e+02,1.658655513642523782e-01,5.235719871620063692e-01,7.555459418702926326e-04,-5.233888597136581167e-01,-2.743904357998552487e-04
1.320000000000000000e+02,1.658645894305900426e-01,5.235748218742950488e-01,6.803309492928535668e-04,-5.233897071074505858e-01,-2.033745101838432866e-04
1.330000000000000000e+02,1.658638239512788548e-01,5.235773744752070247e-01,6.126242188658569511e-04,-5.233902952786839702e-01,-1.411610960018677230e-04
1.340000000000000000e+02,1.658632317191339189e-01,5.235796731228722356e-01,5.516754396570861885e-04,-5.233906569601065595e-01,-8.680354142733584218e-05
1.350000000000000000e+02,1.658627919834159414e-01,5.235817431616718309e-01,4.968093118969317502e-04,-5.233908213453182245e-01,-3.945245079626656833e-05
1.360000000000000000e+02,1.658624861820066632e-01,5.235836074035324916e-01,4.474180465680995195e-04,-5.233908144530684536e-01,1.654139954261167210e-06
1.370000000000000000e+02,1.659035248396285855e-01,5.235852495613504409e-01,3.941178763113036129e-04,-5.233941016550237579e-01,-7.889284692759442139e-04
1.380000000000000000e+02,1.658691970941529314e-01,5.235867586303397658e-01,3.621765574246665616e-04,-5.233943514797076979e-01,-5.995792415036302857e-05
1.390000000000000000e+02,1.658690115956096556e-01,5.235881176055642294e-01,3.261540538791260903e-04,-5.233944716144576237e-01,-2.883233998015072595e-05
1.400000000000000000e+02,1.658688392103109810e-01,5.235893414683961966e-01,2.937270796636415435e-04,-5.233944789055692270e-01,-1.749866773799788446e-06
1.410000000000000000e+02,1.658687041572872167e-01,5.235904437003729983e-01,2.645356744331695095e-04,-5.233943885205921687e-01,2.169239450364386881e-05
1.420000000000000000e+02,1.658686546737355993e-01,5.235914364353360106e-01,2.382563911276645483e-04,-5.233942139982814545e-01,4.188535456859645098e-05
1.430000000000000000e+02,1.658686664708636516e-01,5.235923305947075557e-01,2.145982491687261869e-04,-5.233939673862371134e-01,5.918689064039964610e-05
1.440000000000000000e+02,1.658687278200943471e-01,5.235931360088270647e-01,1.932993886731006151e-04,-5.233936593879363608e-01,7.391959217725151143e-05
1.450000000000000000e+02,1.658688310101543439e-01,5.235938615260511408e-01,1.741241337787930853e-04,-5.233932995007174460e-01,8.637293254185519789e-05
1.460000000000000000e+02,1.659096497513699031e-01,5.235944758243864516e-01,1.474316004622377172e-04,-5.233962902202831113e-01,-7.177726957729766528e-04
1.470000000000000000e+02,1.658757557526825965e-01,5.235950617763178716e-01,1.406284635363312359e-04,-5.233963867017989990e-01,-2.315556381752377404e-05
1.480000000000000000e+02,1.658757558977979885e-01,5.235955894457731130e-01,1.266406692675883642e-04,-5.233964330414330179e-01,-1.112151215752198670e-05
1.490000000000000000e+02,1.658757067612049718e-01,5.235960646524636664e-01,1.140496057363052769e-04,-5.233964356267540863e-01,-6.204770506060349220e-07
1.500000000000000000e+02,1.658756496102201106e-01,5.235964926317048240e-01,1.027150178871940266e-04,-5.233964003084501382e-01,8.476392952207390633e-06
1.510000000000000000e+02,1.658756373702078846e-01,5.235968780950178703e-01,9.251119513853112977e-05,-5.233963323335298901e-01,1.631398087239416261e-05
1.520000000000000000e+02,1.658756507575030736e-01,5.235972252830377593e-01,8.332512477633315204e-05,-5.233962363771988979e-01,2.302951944339631213e-05
1.530000000000000000e+02,1.658756828589540155e-01,5.235975380127211309e-01,7.505512400285792784e-05,-5.233961165945586469e-01,2.874783366249244695e-05
1.540000000000000000e+02,1.658757301834358489e-01,5.235978197197314055e-01,6.760968247514854762e-05,-5.233959766728363272e-01,3.358121335580710454e-05
1.550000000000000000e+02,1.658757902899521131e-01,5.235980734965608452e-01,6.090643905257180817e-05,-5.233958198797574735e-01,3.763033891350784407e-05
1.560000000000000000e+02,1.658758611758194279e-01,5.235983021268336701e-01,5.487126547592658494e-05,-5.233956491073638029e-01,4.098537448124327790e-05
1.570000000000000000e+02,1.658759411057346422e-01,5.235985081161789179e-01,4.943744285335210128e-05,-5.233954669114621039e-01,4.372701640635387211e-05
1.580000000000000000e+02,1.658760285526499345e-01,5.235986937200154401e-01,4.454492075654439961e-05,-5.233952755470768770e-01,4.592745245551377238e-05
1.590000000000000000e+02,1.658761221682103493e-01,5.235988609685591211e-01,4.013965049271394373e-05,-5.233950770002914199e-01,4.765122851958530930e-05
1.600000000000000000e+02,1.658764346312046334e-01,5.235990116893302071e-01,3.617298505591640541e-05,-5.233948730168372920e-01,4.895602899610760191e-05
1.610000000000000000e+02,1.658765287414465384e-01,5.235991475274096585e-01,3.260113907500638224e-05,-5.233946651277592288e-01,4.989337873942031718e-05
1.620000000000000000e+02,1.658766262772269628e-01,5.235992699636712322e-01,2.938470278132118376e-05,-5.233944546724498270e-01,5.050927426941152412e-05
1.630000000000000000e+02,1.658767262434493184e-01,5.235993803311902450e-01,2.648820455421060048e-05,-5.233942428193195662e-01,5.084475127305836773e-05
1.640000000000000000e+02,1.658768279810801105e-01,5.235994798300119824e-01,2.387971722170379029e-05,-5.233940305843413077e-01,5.093639478299342039e-05
1.650000000000000000e+02,1.658769309474749098e-01,5.235995695404441763e-01,2.153050372539055398e-05,-5.233938188476837672e-01,5.081679779746640490e-05
1.660000000000000000e+02,1.658770345126525381e-01,5.235996504350199920e-01,1.941469820330420781e-05,-5.233936083686274721e-01,5.051497350406935382e-05
1.670000000000000000e+02,1.658771381396526023e-01,5.235997233892657476e-01,1.750901897663979681e-05,-5.233933997989367315e-01,5.005672577728514380e-05
1.680000000000000000e+02,1.658772414762574032e-01,5.235997891913916069e-01,1.579251021883168937e-05,-5.233931936948444941e-01,4.946498212765619893e-05
1.690000000000000000e+02,1.658773442097569162e-01,5.235998485510143796e-01,1.424630946970045794e-05,-5.233929905277907579e-01,4.876009289559829181e-05
1.700000000000000000e+02,1.658774459871785456e-01,5.235999021070075754e-01,1.285343837536058914e-05,-5.233927906940404329e-01,4.796010007528780027e-05
1.710000000000000000e+02,1.658775464996817550e-01,5.235999504345674183e-01,1.159861437061883342e-05,-5.233925945232953403e-01,4.708097881657853341e-05
1.720000000000000000e+02,1.658776455532670890e-01,5.235999940515723150e-01,1.046808117489214792e-05,-5.233924022864021586e-01,4.613685436277371779e-05
1.730000000000000000e+02,1.658777429723337637e-01,5.236000334243066101e-01,9.449456242372136506e-06,-5.233922142022484625e-01,4.514019689977630072e-05
1.740000000000000000e+02,1.658778386317189546e-01,5.236000689726126867e-01,8.531593465823916666e-06,-5.233920304439295679e-01,4.410199652438788714e-05
1.750000000000000000e+02,1.658779323729000499e-01,5.236001010745277018e-01,7.704459597598110681e-06,-5.233918511442614552e-01,4.303192035133867368e-05
1.760000000000000000e+02,1.658780240807466166e-01,5.236001300704570260e-01,6.959023036355555542e-06,-5.233916764007049416e-01,4.193845356966107498e-05
1.770000000000000000e+02,1.658781136567124281e-01,5.236001562669309051e-01,6.287153730156696223e-06,-5.233915062797631634e-01,4.082902601703202605e-05
1.780000000000000000e+02,1.658782010641188520e-01,5.236001799399854217e-01,5.681533079889797073e-06,-5.233913408209056595e-01,3.971012580459419735e-05
1.790000000000000000e+02,1.658782862567638461e-01,5.236002013382056175e-01,5.135572856701080923e-06,-5.233911800400671277e-01,3.858740124389110790e-05
1.800000000000000000e+02,1.658783692115068653e-01,5.236002206854648566e-01,4.643342225539375590e-06,-5.233910239327659308e-01,3.746575228255384518e-05
1.810000000000000000e+02,1.658784499133036383e-01,5.236002381833900765e-01,4.199502056199463584e-06,-5.233908724768805421e-01,3.634941250648562845e-05
1.820000000000000000e+02,1.658785283405243283e-01,5.236002540135809014e-01,3.799245811286177951e-06,-5.233907256351194581e-01,3.524202266507054369e-05
1.830000000000000000e+02,1.658786044957830108e-01,5.236002683396072666e-01,3.438246339093194828e-06,-5.233905833572171096e-01,3.414669656392390614e-05
1.840000000000000000e+02,1.658786783781910634e-01,5.236002813088072028e-01,3.112607980231631537e-06,-5.233904455818833013e-01,3.306608012274627221e-05
1.850000000000000000e+02,1.658787500155703143e-01,5.236002930539049860e-01,2.818823468644096153e-06,-5.233903122385321627e-01,3.200240427758629138e-05
1.860000000000000000e+02,1.658788194364384239e-01,5.236003036944680833e-01,2.553735141711232071e-06,-5.233901832488140338e-01,3.095753234232998907e-05
1.870000000000000000e+02,1.658788866703609366e-01,5.236003133382181041e-01,2.314500017682340508e-06,-5.233900585279706030e-01,2.993300241742465165e-05
1.880000000000000000e+02,1.658789517513653278e-01,5.236003220822113002e-01,2.098558375100396275e-06,-5.233899379860317280e-01,2.893006533832906938e-05
1.890000000000000000e+02,1.658790147202578447e-01,5.236003300139007166e-01,1.903605461496327091e-06,-5.233898215288709244e-01,2.794971860487511164e-05
1.900000000000000000e+02,1.658790756214418016e-01,5.236003372120925370e-01,1.727566040844642024e-06,-5.233897090591346224e-01,2.699273672433789557e-05
1.910000000000000000e+02,1.658791344905359566e-01,5.236003437478070621e-01,1.568571478733031614e-06,-5.233896004770582921e-01,2.605969832169911375e-05
1.920000000000000000e+02,1.658791913730167933e-01,5.236003496850534233e-01,1.424939115035415525e-06,-5.233894956811818711e-01,2.515101035229988917e-05
1.930000000000000000e+02,1.658792463159185493e-01,5.236003550815272467e-01,1.295153705389358593e-06,-5.233893945689747085e-01,2.426692971415952819e-05
1.940000000000000000e+02,1.658792993674422234e-01,5.236003599892385951e-01,1.177850710580965191e-06,-5.233892970373809073e-01,2.340758251819458427e-05
1.950000000000000000e+02,1.658793505719857730e-01,5.236003644550771829e-01,1.071801257887177712e-06,-5.233892029832922788e-01,2.257298127650475791e-05
1.960000000000000000e+02,1.658793999825435295e-01,5.236003685213214132e-01,9.758986067244228860e-07,-5.233891123039581261e-01,2.176304019891839734e-05
1.970000000000000000e+02,1.658794476508095583e-01,5.236003722260962334e-01,8.891459612224783427e-07,-5.233890248973380732e-01,2.097758881415009592e-05
1.980000000000000000e+02,1.658794936265734488e-01,5.236003756037858059e-01,8.106455101713705819e-07,-5.233889406624043783e-01,2.021638408145374227e-05
1.990000000000000000e+02,1.658795379594708574e-01,5.236003786854047659e-01,7.395885501486241612e-07,-5.233888594993996168e-01,1.947912114310249831e-05
2.000000000000000000e+02,1.658795806988122845e-01,5.236003814989322880e-01,6.752466014420033581e-07,-5.233887813100542852e-01,1.876544286820462369e-05
2.010000000000000000e+02,1.658796218934371069e-01,5.236003840696131784e-01,6.169634158342666126e-07,-5.233887059977696543e-01,1.807494831308281163e-05
2.020000000000000000e+02,1.658796615915889283e-01,5.236003864202288804e-01,5.641477744653041073e-07,-5.233886334677687602e-01,1.740720020900417861e-05
2.030000000000000000e+02,1.658796998408097190e-01,5.236003885713413908e-01,5.162670069197978372e-07,-5.233885636272205266e-01,1.676173157062212614e-05
2.040000000000000000e+02,1.658797366889345759e-01,5.236003905415128612e-01,4.728411597289115158e-07,-5.233884963853391303e-01,1.613805154346077724e-05
2.050000000000000000e+02,1.658797721825380767e-01,5.236003923475034405e-01,4.334377472582343806e-07,-5.233884316534618275e-01,1.553565054263440960e-05
2.060000000000000000e+02,1.658798063644751908e-01,5.236003940044493543e-01,3.976670241402381540e-07,-5.233883693451086838e-01,1.495400476740811691e-05
2.070000000000000000e+02,1.658798392787633746e-01,5.236003955260232212e-01,3.651777313154617177e-07,-5.233883093760245409e-01,1.439258018133714882e-05
2.080000000000000000e+02,1.658798709684049522e-01,5.236003969245784928e-01,3.356532673705413494e-07,-5.233882516642079930e-01,1.385083596321884761e-05
2.090000000000000000e+02,1.658799014753569445e-01,5.236003982112794608e-01,3.088082403135842945e-07,-5.233881961299264862e-01,1.332822755044072979e-05
2.100000000000000000e+02,1.658799308405100592e-01,5.236003993962184966e-01,2.843853650565420324e-07,-5.233881426957212035e-01,1.282420926188695573e-05
2.110000000000000000e+02,1.658799591036742016e-01,5.236004004885213003e-01,2.621526664385286877e-07,-5.233880912864020685e-01,1.233823658155722096e-05
2.120000000000000000e+02,1.658799863035698985e-01,5.236004014964420472e-01,2.419009696800727313e-07,-5.233880418290348668e-01,1.186976812777821697e-05
2.130000000000000000e+02,1.658800124778252727e-01,5.236004024274488744e-01,2.234416323119635961e-07,-5.233879942529209295e-01,1.141826734281068499e-05
2.140000000000000000e+02,1.658800376629779583e-01,5.236004032883010417e-01,2.066045075607958986e-07,-5.233879484895711531e-01,1.098320393395414525e-05
2.150000000000000000e+02,1.658800618944800964e-01,5.236004040851182095e-01,1.912361069610694363e-07,-5.233879044726749141e-01,1.056405509877820026e-05
2.160000000000000000e+02,1.658800852058137376e-01,5.236004048234430552e-01,1.771979513918602357e-07,-5.233878621380642082e-01,1.016030655686370638e-05
2.170000000000000000e+02,1.658801076310062739e-01,5.236004055082975617e-01,1.643650817736072137e-07,-5.233878214236750148e-01,9.771453398330519135e-06
2.180000000000000000e+02,1.658801292026232943e-01,5.236004061442338653e-01,1.526247207956521357e-07,-5.233877822695049975e-01,9.397000797684018297e-06
2.190000000000000000e+02,1.658801499518815781e-01,5.236004067353799973e-01,1.418750648958392888e-07,-5.233877446175693171e-01,9.036464575895090777e-06
2.200000000000000000e+02,1.658801699089828274e-01,5.236004072854808511e-01,1.320241983189498015e-07,-5.233877084118541134e-01,8.689371657907966984e-06
2.210000000000000000e+02,1.658801891031345122e-01,5.236004077979354854e-01,1.229891211992427750e-07,-5.233876735982690986e-01,8.355260409460693732e-06
2.220000000000000000e+02,1.658802075625704364e-01,5.236004082758307643e-01,1.146948652231113592e-07,-5.233876401245987076e-01,8.033680903818501195e-06
2.230000000000000000e+02,1.658802253145719996e-01,5.236004087219712222e-01,1.070736967583100499e-07,-5.233876079404524706e-01,7.724195091459281349e-06
2.240000000000000000e+02,1.658802423854912611e-01,5.236004091389062642e-01,1.000644101144075824e-07,-5.233875769972153869e-01,7.426376902778574073e-06
2.250000000000000000e+02,1.658802588007736722e-01,5.236004095289549243e-01,9.361168448727166081e-08,-5.233875472479975199e-01,7.139812299339393034e-06
2.260000000000000000e+02,1.658802745849818072e-01,5.236004098942278473e-01,8.766549899160039257e-08,-5.233875186475839270e-01,6.864099258897440424e-06
2.270000000000000000e+02,1.658802897618195937e-01,5.236004102366470514e-01,8.218061408005508483e-08,-5.233874911523851425e-01,6.598847719391458205e-06
2.280000000000000000e+02,1.658803043541543787e-01,5.236004105579641354e-01,7.711610581449660935e-08,-5.233874647203872188e-01,6.343679494088488131e-06
2.290000000000000000e+02,1.658803183840432960e-01,5.236004108597763773e-01,7.243493715706925964e-08,-5.233874393111033196e-01,6.098228131869726644e-06
2.300000000000000000e+02,1.658803318727549714e-01,5.236004111435412778e-01,6.810357953357226554e-08,-5.233874148855250930e-01,5.862138773356709394e-06
2.310000000000000000e+02,1.658803448407941417e-01,5.236004114105898832e-01,6.409167133593181117e-08,-5.233873914060752641e-01,5.635067960632878751e-06
2.320000000000000000e+02,1.658803573079248028e-01,5.236004116621386650e-01,6.037170569744569278e-08,-5.233873688365608956e-01,5.416683444248415951e-06
2.330000000000000000e+02,1.658803692931939411e-01,5.236004118993001777e-01,5.691875214285871939e-08,-5.233873471421277568e-01,5.206663957755286645e-06
2.340000000000000000e+02,1.658803808149528214e-01,5.236004121230927177e-01,5.371020784829163060e-08,-5.233873262892152489e-01,5.004698998401307785e-06
2.350000000000000000e+02,1.658803918908809683e-01,5.236004123344493166e-01,5.072557207316208332e-08,-5.233873062455128844e-01,4.810488573151919478e-06
2.360000000000000000e+02,1.658804025380073432e-01,5.236004125342252902e-01,4.794623675939714550e-08,-5.233872869799172101e-01,4.623742959660456964e-06
2.370000000000000000e+02,1.658804127727324385e-01,5.236004127232057881e-01,4.535531121655006898e-08,-5.233872684624903959e-01,4.444182441277887676e-06
2.380000000000000000e+02,1.658804226108484270e-01,5.236004129021117892e-01,4.293744683993001268e-08,-5.233872506644193789e-01,4.271537054250096265e-06
2.390000000000000000e+02,1.658804320675604238e-01,5.236004130716063187e-01,4.067869861932570822e-08,-5.233872335579763391e-01,4.105546318846473486e-06
2.400000000000000000e+02,1.658804411575069138e-01,5.236004132322995552e-01,3.856638138061365438e-08,-5.233872171164806186e-01,3.945958972288629688e-06
2.410000000000000000e+02,1.658804498947785144e-01,5.236004133847534936e-01,3.658895223363695443e-08,-5.233872013142609747e-01,3.792532714121691091e-06
2.420000000000000000e+02,1.658804582929374327e-01,5.236004135294863859e-01,3.473590361786122811e-08,-5.233871861266196079e-01,3.645033930276819987e-06
2.430000000000000000e+02,1.658804663650358668e-01,5.236004136669766273e-01,3.299766150020906332e-08,-5.233871715297969684e-01,3.503237437951732508e-06
2.440000000000000000e+02,1.658804741236346580e-01,5.236004137976661976e-01,3.136549656065378378e-08,-5.233871575009376720e-01,3.366926221113520670e-06
2.450000000000000000e+02,1.658804815808200273e-01,5.236004139219638809e-01,2.983144604553784862e-08,-5.233871440180577483e-01,3.235891175295285083e-06
2.460000000000000000e+02,1.658804887482206447e-01,5.236004140402482632e-01,2.838824059776564265e-08,-5.233871310600125559e-01,3.109930858784121684e-06
2.470000000000000000e+02,1.658804956370243944e-01,5.236004141528700639e-01,2.702923646233810372e-08,-5.233871186064656955e-01,2.988851240500702382e-06
2.480000000000000000e+02,1.658805022579943333e-01,5.236004142601549116e-01,2.574836329882422398e-08,-5.233871066378597003e-01,2.872465449152772928e-06
2.490000000000000000e+02,1.658805086215380808e-01,5.236004143624051199e-01,2.454006135543186239e-08,-5.233870951353866152e-01,2.760593551668798464e-06
2.500000000000000000e+02,1.658805147375834732e-01,5.236004144599019083e-01,2.339924234372804225e-08,-5.233870840809603520e-01,2.653062300149863521e-06
2.510000000000000000e+02,1.658805206156774015e-01,5.236004145529070675e-01,2.232123968696036830e-08,-5.233870734571898220e-01,2.549704915892081186e-06
2.520000000000000000e+02,1.658805262650337731e-01,5.236004146416644023e-01,2.130177176791989881e-08,-5.233870632473528461e-01,2.450360863030789105e-06
2.530000000000000000e+02,1.658805316945135278e-01,5.236004147264015085e-01,2.033691046811318826e-08,-5.233870534353710635e-01,2.354875633096787611e-06
2.540000000000000000e+02,1.658805369126382101e-01,5.236004148073308828e-01,1.942304168172375837e-08,-5.233870440057855067e-01,2.263100533980496233e-06
2.550000000000000000e+02,1.658805419276029869e-01,5.236004148846510331e-01,1.855684147922764468e-08,-5.233870349437335090e-01,2.174892478736688011e-06
2.560000000000000000e+02,1.658805467472879436e-01,5.236004149585479217e-01,1.773525232697913990e-08,-5.233870262349260560e-01,2.090113793080183171e-06
2.570000000000000000e+02,1.658805513792703523e-01,5.236004150291956316e-01,1.695545117606331232e-08,-5.233870178656260252e-01,2.008632019207250671e-06
2.580000000000000000e+02,1.658805558308360240e-01,5.236004150967574766e-01,1.621483605652476903e-08,-5.233870098226272027e-01,1.930319729554194453e-06
2.590000000000000000e+02,1.658805601089905490e-01,5.236004151613866675e-01,1.551100193079486681e-08,-5.233870020932340772e-01,1.855054340530019642e-06
2.600000000000000000e+02,1.658805642204692621e-01,5.236004152232272002e-01,1.484172709997053469e-08,-5.233869946652426330e-01,1.782717937637914964e-06
2.610000000000000000e+02,1.658805681717476777e-01,5.236004152824145219e-01,1.420495420953646348e-08,-5.233869875269213656e-01,1.713197110424917532e-06
2.620000000000000000e+02,1.658805719690517322e-01,5.236004153390760862e-01,1.359877649985904489e-08,-5.233869806669930735e-01,1.646382782655043648e-06
2.630000000000000000e+02,1.658805756183666380e-01,5.236004153933320193e-01,1.302142655960320866e-08,-5.233869740746178723e-01,1.582170046601309159e-06
2.640000000000000000e+02,1.658805791254465423e-01,5.236004154452955639e-01,1.247126241495981175e-08,-5.233869677393760966e-01,1.520458020181662377e-06
2.650000000000000000e+02,1.658805824958229924e-01,5.236004154950737455e-01,1.194675890283435946e-08,-5.233869616512524248e-01,1.461149689115589519e-06
2.660000000000000000e+02,1.658805857348136792e-01,5.236004155427674833e-01,1.144649342413074329e-08,-5.233869558006201128e-01,1.404151766174788833e-06
2.670000000000000000e+02,1.658805888475303469e-01,5.236004155884722566e-01,1.096914527762839788e-08,-5.233869501782261180e-01,1.349374550176979018e-06
2.680000000000000000e+02,1.658805918388870093e-01,5.236004156322784375e-01,1.051348127645173544e-08,-5.233869447751769988e-01,1.296731789944203319e-06
2.690000000000000000e+02,1.658805947136069714e-01,5.236004156742715132e-01,1.007834949681570856e-08,-5.233869395829247040e-01,1.246140562051311761e-06
2.700000000000000000e+02,1.658805974762304070e-01,5.236004157145326410e-01,9.662675528486936645e-09,-5.233869345932532502e-01,1.197521136772745389e-06
2.710000000000000000e+02,1.658806001311221301e-01,5.236004157531386483e-01,9.265450792709323074e-09,-5.233869297982662872e-01,1.150796859028509219e-06
2.720000000000000000e+02,1.658806026824768687e-01,5.236004157901625877e-01,8.885733907172407492e-09,-5.233869251903744413e-01,1.105894038074592099e-06
2.730000000000000000e+02,1.658806051343270083e-01,5.236004158256736263e-01,8.522638857643394836e-09,-5.233869207622834363e-01,1.062741829622863788e-06
2.740000000000000000e+02,1.658806074905482264e-01,5.236004158597374891e-01,8.175339032114555341e-09,-5.233869165069828799e-01,1.021272125299916226e-06
2.750000000000000000e+02,1.658806097548656822e-01,5.236004158924169039e-01,7.843057923722874663e-09,-5.233869124177351617e-01,9.814194579216184319e-07
2.760000000000000000e+02,1.658806119308598448e-01,5.236004159237712674e-01,7.525059637563125621e-09,-5.233869084880647948e-01,9.431208905544687100e-07
2.770000000000000000e+02,1.658806140219723224e-01,5.236004159538573122e-01,7.220658218384874116e-09,-5.233869047117484241e-01,9.063159236445455516e-07
2.780000000000000000e+02,1.658806160315107470e-01,5.236004159827289950e-01,6.929202773130122733e-09,-5.233869010828050561e-01,8.709464031151696687e-07
2.790000000000000000e+02,1.658806179626541033e-01,5.236004160104377192e-01,6.650081268597160334e-09,-5.233868975954866221e-01,8.369564301096621976e-07
2.800000000000000000e+02,1.658806198184581138e-01,5.236004160370323346e-01,6.382716331514825831e-09,-5.233868942442687633e-01,8.042922758170947843e-07
2.810000000000000000e+02,1.658806216018592072e-01,5.236004160625596926e-01,6.126566202093737955e-09,-5.233868910238425043e-01,7.729022911974316189e-07
2.820000000000000000e+02,1.658806233156799315e-01,5.236004160870643132e-01,5.881112475610178603e-09,-5.233868879291057041e-01,7.427368367772783046e-07
2.830000000000000000e+02,1.658806249626327556e-01,5.236004161105887178e-01,5.645869093213908056e-09,-5.233868849551548408e-01,7.137482021742859076e-07
2.840000000000000000e+02,1.658806265453248996e-01,5.236004161331736517e-01,5.420375144019196680e-09,-5.233868820972776836e-01,6.858905243703197384e-07
2.850000000000000000e+02,1.658806280662618315e-01,5.236004161548577507e-01,5.204190549370342845e-09,-5.233868793509455219e-01,6.591197273729034535e-07
2.860000000000000000e+02,1.658806295278515974e-01,5.236004161756782072e-01,4.996904840871311147e-09,-5.233868767118061704e-01,6.333934459423430918e-07
2.870000000000000000e+02,1.658806309324085959e-01,5.236004161956704372e-01,4.798122050157921397e-09,-5.233868741756771970e-01,6.086709632324957303e-07
2.880000000000000000e+02,1.658806322821568813e-01,5.236004162148681917e-01,4.607469417058014603e-09,-5.233868717385390390e-01,5.849131463320985815e-07
2.890000000000000000e+02,1.658806335792342712e-01,5.236004162333040002e-01,4.424595512318477923e-09,-5.233868693965291197e-01,5.620823807636552778e-07
2.900000000000000000e+02,1.658806348256946228e-01,5.236004162510088378e-01,4.249160328724299579e-09,-5.233868671459352973e-01,5.401425227349335444e-07
2.910000000000000000e+02,1.658806360235125232e-01,5.236004162680123475e-01,4.080843997659808622e-09,-5.233868649831902031e-01,5.190588311511767315e-07
2.920000000000000000e+02,1.658806371745851771e-01,5.236004162843429510e-01,3.919342025370473989e-09,-5.233868629048655796e-01,4.987979162355354613e-07
2.930000000000000000e+02,1.658806382807361812e-01,5.236004163000278488e-01,3.764363357292819516e-09,-5.233868609076668399e-01,4.793276886582005792e-07
2.940000000000000000e+02,1.658806393437177451e-01,5.236004163150930202e-01,3.615631009003696113e-09,-5.233868589884280720e-01,4.606173079435784804e-07
2.950000000000000000e+02,1.658806403652140493e-01,5.236004163295633340e-01,3.472882617129187993e-09,-5.233868571441067097e-01,4.426371388588733488e-07
2.960000000000000000e+02,1.658806413468434660e-01,5.236004163434627712e-01,3.335868362729083612e-09,-5.233868553717787586e-01,4.253586977358419563e-07
2.970000000000000000e+02,1.658806422901612787e-01,5.236004163568142022e-01,3.204346187541612383e-09,-5.233868536686345774e-01,4.087546067733380466e-07
2.980000000000000000e+02,1.658806431966624584e-01,5.236004163696396096e-01,3.078087688118047386e-09,-5.233868520319738815e-01,3.927985626632706267e-07
2.990000000000000000e+02,1.658806440677834115e-01,5.236004163819598656e-01,2.956873238866829050e-09,-5.233868504592018578e-01,3.774652801109807271e-07
3.000000000000000000e+02,1.658806449049043397e-01,5.236004163937952871e-01,2.840497845006431411e-09,-5.233868489478249453e-01,3.627304640143123771e-07
3.010000000000000000e+02,1.658806457093520426e-01,5.236004164051650811e-01,2.728758288422879688e-09,-5.233868474954467276e-01,3.485707643807232268e-07
3.020000000000000000e+02,1.658806464824015281e-01,5.236004164160878993e-01,2.621466881316586369e-09,-5.233868460997644911e-01,3.349637396498147064e-07
3.030000000000000000e+02,1.658806472252778164e-01,5.236004164265813943e-01,2.518438577009531282e-09,-5.233868447585652284e-01,3.218878261692962445e-07
3.040000000000000000e+02,1.658806479391583821e-01,5.236004164366626634e-01,2.419502133585075165e-09,-5.233868434697223071e-01,3.093223008415578835e-07
3.050000000000000000e+02,1.658806486251745427e-01,5.236004164463480270e-01,2.324489661382305491e-09,-5.233868422311921398e-01,2.972472449674795498e-07
3.060000000000000000e+02,1.658806492844138725e-01,5.236004164556532503e-01,2.233242552419988453e-09,-5.233868410410108529e-01,2.856435205618458139e-07
3.070000000000000000e+02,1.658806499179213967e-01,5.236004164645933212e-01,2.145606382092008013e-09,-5.233868398972911784e-01,2.744927342787335385e-07
3.080000000000000000e+02,1.658806505267009512e-01,5.236004164731826727e-01,2.061436628330701908e-09,-5.233868387982194559e-01,2.637772103455367024e-07
3.090000000000000000e+02,1.658806511117180138e-01,5.236004164814351824e-01,1.980593720511177466e-09,-5.233868377420529683e-01,2.534799599212445486e-07
3.100000000000000000e+02,1.658806516738995929e-01,5.236004164893640622e-01,1.902943300203694740e-09,-5.233868367271168331e-01,2.435846611187336721e-07
3.110000000000000000e+02,1.658806522141368922e-01,5.236004164969821906e-01,1.828359246967912648e-09,-5.233868357518017822e-01,2.340756252438296048e-07
3.120000000000000000e+02,1.658806527332864489e-01,5.236004165043018910e-01,1.756716022948533644e-09,-5.233868348145610527e-01,2.249377812288650716e-07
3.130000000000000000e+02,1.658806532321713822e-01,5.236004165113348208e-01,1.687894210797106174e-09,-5.233868339139083892e-01,2.161566386103627882e-07
3.140000000000000000e+02,1.658806537115823931e-01,5.236004165180923042e-01,1.621783474814209474e-09,-5.233868330484156006e-01,2.077182748094334944e-07
3.150000000000000000e+02,1.658806541722797345e-01,5.236004165245851105e-01,1.558274902276377830e-09,-5.233868322167101184e-01,1.996093128506208376e-07
3.160000000000000000e+02,1.658806546149937111e-01,5.236004165308236757e-01,1.497266509729066404e-09,-5.233868314174731085e-01,1.918168940524324931e-07
3.170000000000000000e+02,1.658806550404259283e-01,5.236004165368181029e-01,1.438658223453327895e-09,-5.233868306494370293e-01,1.843286665803658146e-07
3.180000000000000000e+02,1.658806554492514296e-01,5.236004165425779400e-01,1.382352071840975866e-09,-5.233868299113838551e-01,1.771327542828467571e-07
3.190000000000000000e+02,1.658806558421180577e-01,5.236004165481124017e-01,1.328257778544369080e-09,-5.233868292021433000e-01,1.702177462879227787e-07
3.200000000000000000e+02,1.658806562196487311e-01,5.236004165534302590e-01,1.276287658546591410e-09,-5.233868285205904858e-01,1.635726827617529186e-07
3.210000000000000000e+02,1.658806565824422208e-01,5.236004165585400605e-01,1.226359443988940861e-09,-5.233868278656446105e-01,1.571870232674280684e-07
3.220000000000000000e+02,1.658806569310734003e-01,5.236004165634500218e-01,1.178391157750210284e-09,-5.233868272362669494e-01,1.510506436373649718e-07
3.230000000000000000e+02,1.658806572660952994e-01,5.236004165681679146e-01,1.132304094289705230e-09,-5.233868266314594120e-01,1.451538126770997253e-07
3.240000000000000000e+02,1.658806575880392153e-01,5.236004165727013993e-01,1.088025515960166225e-09,-5.233868260502628766e-01,1.394871799272833875e-07
3.250000000000000000e+02,1.658806578974155732e-01,5.236004165770575813e-01,1.045480915184780190e-09,-5.233868254917555252e-01,1.340417599084095661e-07
3.260000000000000000e+02,1.658806581947148417e-01,5.236004165812434552e-01,1.004604872770767613e-09,-5.233868249550517326e-01,1.288089164390940301e-07
3.270000000000000000e+02,1.658806584804084217e-01,5.236004165852656822e-01,9.653304855454567559e-10,-5.233868244393002911e-01,1.237803536803980852e-07
3.280000000000000000e+02,1.658806587549494782e-01,5.236004165891307016e-01,9.275949316396282481e-10,-5.233868239436831882e-01,1.189480955544921075e-07
3.290000000000000000e+02,1.658806590187732188e-01,5.236004165928446197e-01,8.913368977450965402e-10,-5.233868234674144970e-01,1.143044783802473597e-07
3.300000000000000000e+02,1.658806592722980588e-01,5.236004165964133206e-01,8.564995102076760782e-10,-5.233868230097389329e-01,1.098421406033068037e-07
3.310000000000000000e+02,1.658806595159258157e-01,5.236004165998425774e-01,8.230275962675631322e-10,-5.233868225699305210e-01,1.055540063412751483e-07
3.320000000000000000e+02,1.658806597500430968e-01,5.236004166031378304e-01,7.908653922494181230e-10,-5.233868221472919302e-01,1.014332720470383334e-07
3.330000000000000000e+02,1.658806599750208832e-01,5.236004166063042975e-01,7.599618385860868998e-10,-5.233868217411526969e-01,9.747340707868123069e-08
3.340000000000000000e+02,1.658806601912161116e-01,5.236004166093470857e-01,7.302681287078096168e-10,-5.233868213508687806e-01,9.366812779008116454e-08
3.350000000000000000e+02,1.658806603989717576e-01,5.236004166122709691e-01,7.017351058551623845e-10,-5.233868209758212320e-01,9.001140040205067972e-08
3.360000000000000000e+02,1.658806605986169469e-01,5.236004166150806105e-01,6.743188003749550097e-10,-5.233868206154153047e-01,8.649742739334686472e-08
3.370000000000000000e+02,1.658806607904684260e-01,5.236004166177805619e-01,6.479750887353917172e-10,-5.233868202690793447e-01,8.312063684860569892e-08
3.380000000000000000e+02,1.658806609748304239e-01,5.236004166203749310e-01,6.226599132204951704e-10,-5.233868199362640139e-01,7.987567252506203387e-08
3.390000000000000000e+02,1.658806611519952900e-01,5.236004166228680479e-01,5.983372692625230531e-10,-5.233868196164416231e-01,7.675738620672163431e-08
3.400000000000000000e+02,1.658806613222439386e-01,5.236004166252636871e-01,5.749634327040782639e-10,-5.233868193091048004e-01,7.376083591463258698e-08
3.410000000000000000e+02,1.658806614858463757e-01,5.236004166275658456e-01,5.525056579839857845e-10,-5.233868190137661580e-01,7.088126619638027092e-08
3.420000000000000000e+02,1.658806616430622272e-01,5.236004166297780760e-01,5.309235569661781021e-10,-5.233868187299574037e-01,6.811411088169229037e-08
3.430000000000000000e+02,1.658806617941405992e-01,5.236004166319038200e-01,5.101852940607003313e-10,-5.233868184572283422e-01,6.545498442301333043e-08
3.440000000000000000e+02,1.658806619393210502e-01,5.236004166339465193e-01,4.902595560117806523e-10,-5.233868181951464305e-01,6.289966762371978855e-08
3.450000000000000000e+02,1.658806620788338682e-01,5.236004166359095047e-01,4.711130949924620828e-10,-5.233868179432960011e-01,6.044410828395404765e-08
3.460000000000000000e+02,1.658806622129002650e-01,5.236004166377957736e-01,4.527133201149991823e-10,-5.233868177012775957e-01,5.808441096454043590e-08
3.470000000000000000e+02,1.658806623417330983e-01,5.236004166396084347e-01,4.350338489694131757e-10,-5.233868174687074104e-01,5.581683269959270361e-08
3.480000000000000000e+02,1.658806624655365936e-01,5.236004166413502636e-01,4.180438056359402588e-10,-5.233868172452166290e-01,5.363777767846916087e-08
3.490000000000000000e+02,1.658806625845068161e-01,5.236004166430241469e-01,4.017186646758878707e-10,-5.233868170304508682e-01,5.154379191266226213e-08
3.500000000000000000e+02,1.658806626988326427e-01,5.236004166446326380e-01,3.860295398154329249e-10,-5.233868168240694008e-01,4.953155550368387071e-08
3.510000000000000000e+02,1.658806628086954005e-01,5.236004166461782905e-01,3.709539957607388888e-10,-5.233868166257449328e-01,4.759787472121846505e-08
3.520000000000000000e+02,1.658806629142691447e-01,5.236004166476635469e-01,3.564680374436541167e-10,-5.233868164351629382e-01,4.573968307618789333e-08
3.530000000000000000e+02,1.658806630157215189e-01,5.236004166490908496e-01,3.425489064116891326e-10,-5.233868162520211031e-01,4.395403348412727768e-08
3.540000000000000000e+02,1.658806631132132836e-01,5.236004166504624191e-01,3.291724487752733007e-10,-5.233868160760289934e-01,4.223809334956814546e-08
3.550000000000000000e+02,1.658806632068991482e-01,5.236004166517803649e-01,3.163185011379637291e-10,-5.233868159069076098e-01,4.058914181365601330e-08
3.560000000000000000e+02,1.658806632969274941e-01,5.236004166530469073e-01,3.039682524252637220e-10,-5.233868157443886115e-01,3.900456687029753250e-08
3.570000000000000000e+02,1.658806633834413458e-01,5.236004166542639338e-01,2.920989597339710365e-10,-5.233868155882142048e-01,3.748185146475765406e-08
3.580000000000000000e+02,1.658806634665777324e-01,5.236004166554334427e-01,2.806947612085037892e-10,-5.233868154381368099e-01,3.601858146156878878e-08
3.590000000000000000e+02,1.658806635464684653e-01,5.236004166565573215e-01,2.697359043600079805e-10,-5.233868152939182838e-01,3.461243766703278425e-08
3.600000000000000000e+02,1.658806636232406928e-01,5.236004166576373464e-01,2.592042317284760584e-10,-5.233868151553300319e-01,3.326118684670557125e-08
3.610000000000000000e+02,1.658806636970154569e-01,5.236004166586751829e-01,2.490831830243080624e-10,-5.233868150221521187e-01,3.196268979991662362e-08
3.620000000000000000e+02,1.658806637679103302e-01,5.236004166596724962e-01,2.393578506423550929e-10,-5.233868148941734910e-01,3.071488338843473122e-08
3.630000000000000000e+02,1.658806638360375008e-01,5.236004166606308408e-01,2.300123382376304380e-10,-5.233868147711909780e-01,2.951579264279691650e-08
3.640000000000000000e+02,1.658806639015050488e-01,5.236004166615517708e-01,2.210325079030671098e-10,-5.233868146530096244e-01,2.836351209544771082e-08
3.650000000000000000e+02,1.658806639644168912e-01,5.236004166624367295e-01,2.124032647122074011e-10,-5.233868145394420246e-01,2.725621470108976079e-08
3.660000000000000000e+02,1.658806640248726150e-01,5.236004166632871604e-01,2.041113497962160144e-10,-5.233868144303081005e-01,2.619214649269177914e-08
3.670000000000000000e+02,1.658806640829681156e-01,5.236004166641043955e-01,1.961426633578905745e-10,-5.233868143254346572e-01,2.516962019045330449e-08
3.680000000000000000e+02,1.658806641387957914e-01,5.236004166648897673e-01,1.884849499953262027e-10,-5.233868142246554944e-01,2.418701174774313339e-08
3.690000000000000000e+02,1.658806641924438219e-01,5.236004166656444969e-01,1.811252026654207473e-10,-5.233868141278106290e-01,2.324276538208841604e-08
3.700000000000000000e+02,1.658806642439976942e-01,5.236004166663696946e-01,1.740523522810525235e-10,-5.233868140347465170e-01,2.233538028553097818e-08
3.710000000000000000e+02,1.658806642935388986e-01,5.236004166670665816e-01,1.672572332225730529e-10,-5.233868139453156099e-01,2.146341832149031215e-08
3.720000000000000000e+02,1.658806643411460391e-01,5.236004166677362681e-01,1.607273928855924277e-10,-5.233868138593760211e-01,2.062549889004414971e-08
3.730000000000000000e+02,1.658806643868946107e-01,5.236004166683798644e-01,1.544523114617507164e-10,-5.233868137767915263e-01,1.982028978735397134e-08
3.740000000000000000e+02,1.658806644308571943e-01,5.236004166689982586e-01,1.484209241402168913e-10,-5.233868136974310081e-01,1.904651762578168131e-08
3.750000000000000000e+02,1.658806644731035673e-01,5.236004166695925610e-01,1.426268283423117980e-10,-5.233868136211686783e-01,1.830295113523824264e-08
3.760000000000000000e+02,1.658806645137007318e-01,5.236004166701636597e-01,1.370577339032446968e-10,-5.233868135478836336e-01,1.758841239130885053e-08
3.770000000000000000e+02,1.658806645527128865e-01,5.236004166707124430e-01,1.317061108935758090e-10,-5.233868134774596337e-01,1.690177040117442542e-08
3.780000000000000000e+02,1.658806645902020094e-01,5.236004166712397989e-01,1.265638926264892750e-10,-5.233868134097848790e-01,1.624193518991045122e-08
3.790000000000000000e+02,1.658806646262276641e-01,5.236004166717465047e-01,1.216225129692566037e-10,-5.233868133447521220e-01,1.560785802919850048e-08
3.800000000000000000e+02,1.658806646608468882e-01,5.236004166722334485e-01,1.168755331619386100e-10,-5.233868132822582231e-01,1.499853530937790536e-08
3.810000000000000000e+02,1.658806646941145269e-01,5.236004166727014075e-01,1.123133966910674161e-10,-5.233868132222040392e-01,1.441300035374382346e-08
3.820000000000000000e+02,1.658806647260836487e-01,5.236004166731511589e-01,1.079287721534834122e-10,-5.233868131644943134e-01,1.385032426926451856e-08
3.830000000000000000e+02,1.658806647568045745e-01,5.236004166735832577e-01,1.037138322332824313e-10,-5.233868131090375631e-01,1.330961362695375535e-08
3.840000000000000000e+02,1.658806647863261818e-01,5.236004166739984811e-01,9.966571597248656288e-11,-5.233868130557458587e-01,1.279001253729797060e-08
3.850000000000000000e+02,1.658806648146951834e-01,5.236004166743974952e-01,9.577578945613247337e-11,-5.233868130045346012e-01,1.229069736640188245e-08
3.860000000000000000e+02,1.658806648419567653e-01,5.236004166747809663e-01,9.203771417169822700e-11,-5.233868129553226334e-01,1.181087510256169290e-08
3.870000000000000000e+02,1.658806648681540041e-01,5.236004166751494493e-01,8.844474159968787255e-11,-5.233868129080319065e-01,1.134978499276087263e-08
3.880000000000000000e+02,1.658806648933285333e-01,5.236004166755036104e-01,8.499245765250463562e-11,-5.233868128625873695e-01,1.090669676043467475e-08
3.890000000000000000e+02,1.658806649175202930e-01,5.236004166758438938e-01,8.167344287569745405e-11,-5.233868128189169688e-01,1.048090630301160704e-08
3.900000000000000000e+02,1.658806649407677525e-01,5.236004166761709655e-01,7.848520370497631751e-11,-5.233868127769514267e-01,1.007173807456101154e-08
3.910000000000000000e+02,1.658806649631074659e-01,5.236004166764852696e-01,7.541971965651440382e-11,-5.233868127366241296e-01,9.678543839299993135e-09
3.920000000000000000e+02,1.658806649845752101e-01,5.236004166767872503e-01,7.247386074682563983e-11,-5.233868126978712398e-01,9.300697708969072686e-09
3.930000000000000000e+02,1.658806650052047638e-01,5.236004166770774626e-01,6.964429211569019198e-11,-5.233868126606312510e-01,8.937603844834449619e-09
3.940000000000000000e+02,1.658806650250289894e-01,5.236004166773563506e-01,6.692467739279987629e-11,-5.233868126248450992e-01,8.588684674145626653e-09
3.950000000000000000e+02,1.658806650440793062e-01,5.236004166776243585e-01,6.431111858040702673e-11,-5.233868125904559410e-01,8.253387939522650713e-09
3.960000000000000000e+02,1.658806650623860235e-01,5.236004166778818192e-01,6.179940040818224971e-11,-5.233868125574093755e-01,7.931178216942231158e-09
3.970000000000000000e+02,1.658806650799778404e-01,5.236004166781292879e-01,5.938777438974704058e-11,-5.233868125256528891e-01,7.621549609241727390e-09
3.980000000000000000e+02,1.658806650968830398e-01,5.236004166783670977e-01,5.706886440978077112e-11,-5.233868124951361889e-01,7.324007059078090205e-09
3.990000000000000000e+02,1.658806651131282672e-01,5.236004166785955816e-01,5.484042779392692027e-11,-5.233868124658108689e-01,7.038081283012374732e-09
4.000000000000000000e+02,1.658806651287391687e-01,5.236004166788151837e-01,5.270000261337739539e-11,-5.233868124376304110e-01,6.763318455321686830e-09
4.010000000000000000e+02,1.658806651437407242e-01,5.236004166790262371e-01,5.064221849685990952e-11,-5.233868124105500730e-01,6.499282649206320962e-09
4.020000000000000000e+02,1.658806651581565261e-01,5.236004166792289638e-01,4.866419377787396616e-11,-5.233868123845268894e-01,6.245553973966371476e-09
4.030000000000000000e+02,1.658806651720097225e-01,5.236004166794238079e-01,4.676547722482039153e-11,-5.233868123595196709e-01,6.001729477572223945e-09
4.040000000000000000e+02,1.658806651853220460e-01,5.236004166796111026e-01,4.494012163412404479e-11,-5.233868123354887825e-01,5.767424793665781125e-09
4.050000000000000000e+02,1.658806651981145630e-01,5.236004166797910697e-01,4.318465374791456732e-11,-5.233868123123960325e-01,5.542268360330768295e-09
4.060000000000000000e+02,1.658806652104077572e-01,5.236004166799639314e-01,4.149810381568376732e-11,-5.233868122902047837e-01,5.325901788720959048e-09
4.070000000000000000e+02,1.658806652222208355e-01,5.236004166801301318e-01,3.987930211761424561e-11,-5.233868122688798419e-01,5.117981562190132376e-09
4.080000000000000000e+02,1.658806652335729492e-01,5.236004166802897819e-01,3.832160212909651164e-11,-5.233868122483874563e-01,4.918177273557559582e-09
4.090000000000000000e+02,1.658806652444818064e-01,5.236004166804432147e-01,3.682620292545163578e-11,-5.233868122286950975e-01,4.726174527955283293e-09
4.100000000000000000e+02,1.658806652549647542e-01,5.236004166805906523e-01,3.538881022944237415e-11,-5.233868122097714570e-01,4.541667664881266426e-09
4.110000000000000000e+02,1.658806652650384461e-01,5.236004166807323168e-01,3.400767343197192833e-11,-5.233868121915865590e-01,4.364362658760573945e-09
4.120000000000000000e+02,1.658806652747190080e-01,5.236004166808685412e-01,3.268086090018000212e-11,-5.233868121741116486e-01,4.193979011377771841e-09
4.130000000000000000e+02,1.658806652840216223e-01,5.236004166809994365e-01,3.140367277485884373e-11,-5.233868121573189702e-01,4.030248094877093480e-09
4.140000000000000000e+02,1.658806652929609993e-01,5.236004166811252247e-01,3.017661392413106175e-11,-5.233868121411818786e-01,3.872909936851919912e-09
4.150000000000000000e+02,1.658806653015515442e-01,5.236004166812460170e-01,2.899736967573577501e-11,-5.233868121256747274e-01,3.721713490406394661e-09
4.160000000000000000e+02,1.658806653098065242e-01,5.236004166813621463e-01,2.786621996136993715e-11,-5.233868121107729809e-01,3.576419376598458032e-09
4.170000000000000000e+02,1.658806653177392898e-01,5.236004166814737237e-01,2.677797126132844888e-11,-5.233868120964529913e-01,3.436798088725511476e-09
4.180000000000000000e+02,1.658806653253623031e-01,5.236004166815809713e-01,2.573263815625239071e-11,-5.233868120826919990e-01,3.302626828236692824e-09
4.190000000000000000e+02,1.658806653326878600e-01,5.236004166816840000e-01,2.472749171652181582e-11,-5.233868120694682435e-01,3.173692574894151923e-09
4.200000000000000000e+02,1.658806653397274788e-01,5.236004166817830319e-01,2.376234638408547270e-11,-5.233868120567607418e-01,3.049792006047675334e-09
4.210000000000000000e+02,1.658806653464921232e-01,5.236004166818781780e-01,2.283427437264726882e-11,-5.233868120445493988e-01,2.930728275835952593e-09
4.220000000000000000e+02,1.658806653529928121e-01,5.236004166819696604e-01,2.194290289800514994e-11,-5.233868120328147855e-01,2.816314716648410675e-09
4.230000000000000000e+02,1.658806653592395652e-01,5.236004166820574790e-01,2.108511085928335925e-11,-5.233868120215382502e-01,2.706367320015013417e-09
4.240000000000000000e+02,1.658806653652424024e-01,5.236004166821418560e-01,2.026302280224418929e-11,-5.233868120107019184e-01,2.600712125857370701e-09
4.250000000000000000e+02,1.658806653710110102e-01,5.236004166822230133e-01,1.947335419554110797e-11,-5.233868120002886926e-01,2.499180700091433508e-09
4.260000000000000000e+02,1.658806653765543537e-01,5.236004166823009509e-01,1.871273169355715094e-11,-5.233868119902819194e-01,2.401614913418538220e-09
4.270000000000000000e+02,1.658806653818813148e-01,5.236004166823758910e-01,1.798302046320709777e-11,-5.233868119806658337e-01,2.307855799258065556e-09
4.280000000000000000e+02,1.658806653870004144e-01,5.236004166824479444e-01,1.728072029655993322e-11,-5.233868119714252254e-01,2.217757574946359461e-09
4.290000000000000000e+02,1.658806653919195906e-01,5.236004166825171113e-01,1.660490167738329416e-11,-5.233868119625453286e-01,2.131178668249101158e-09
4.300000000000000000e+02,1.658806653966466427e-01,5.236004166825836137e-01,1.595723198356906263e-11,-5.233868119540120434e-01,2.047978748030832248e-09
4.310000000000000000e+02,1.658806654011892590e-01,5.236004166826474515e-01,1.533401077805876169e-11,-5.233868119458119361e-01,1.968025430524114858e-09
4.320000000000000000e+02,1.658806654055544894e-01,5.236004166827088468e-01,1.473673951427024910e-11,-5.233868119379319062e-01,1.891194794352871294e-09
4.330000000000000000e+02,1.658806654097493283e-01,5.236004166827677997e-01,1.416158605113723984e-11,-5.233868119303595190e-01,1.817362191573635897e-09
4.340000000000000000e+02,1.658806654137802983e-01,5.236004166828245321e-01,1.361000411682648814e-11,-5.233868119230827842e-01,1.746412346695571956e-09
4.350000000000000000e+02,1.658806654176540885e-01,5.236004166828790440e-01,1.307798986600975886e-11,-5.233868119160901555e-01,1.678232936156769537e-09
4.360000000000000000e+02,1.658806654213764165e-01,5.236004166829314466e-01,1.256689648193055627e-11,-5.233868119093705307e-01,1.612716110001485028e-09
4.370000000000000000e+02,1.658806654249536106e-01,5.236004166829817397e-01,1.207528102731037119e-11,-5.233868119029132515e-01,1.549756514056121489e-09
4.380000000000000000e+02,1.658806654283911386e-01,5.236004166830301454e-01,1.160441040471497034e-11,-5.233868118967079930e-01,1.489255853759560704e-09
4.390000000000000000e+02,1.658806654316944684e-01,5.236004166830765527e-01,1.115009237294657982e-11,-5.233868118907449851e-01,1.431115568115337455e-09
4.400000000000000000e+02,1.658806654348687903e-01,5.236004166831211837e-01,1.071611482784706684e-11,-5.233868118850147910e-01,1.375244872981184653e-09
4.410000000000000000e+02,1.658806654379191003e-01,5.236004166831640383e-01,1.029823911623356233e-11,-5.233868118795083069e-01,1.321555971993763534e-09
4.420000000000000000e+02,1.658806654408503667e-01,5.236004166832052276e-01,9.897477737637127255e-12,-5.233868118742167619e-01,1.269962921540336039e-09
4.430000000000000000e+02,1.658806654436672801e-01,5.236004166832448625e-01,9.512182406730525637e-12,-5.233868118691318294e-01,1.220383522668629044e-09
4.440000000000000000e+02,1.658806654463741703e-01,5.236004166832829432e-01,9.140646894303264131e-12,-5.233868118642454048e-01,1.172740295448014871e-09
4.450000000000000000e+02,1.658806654489754229e-01,5.236004166833195805e-01,8.783786237513358810e-12,-5.233868118595497165e-01,1.126957488403043859e-09
4.460000000000000000e+02,1.658806654514751733e-01,5.236004166833547746e-01,8.439811420704503360e-12,-5.233868118550373261e-01,1.082960845101732970e-09
4.470000000000000000e+02,1.658806654538773351e-01,5.236004166833885254e-01,8.109564670993390662e-12,-5.233868118507011280e-01,1.040681152580328630e-09
4.480000000000000000e+02,1.658806654561856830e-01,5.236004166834210549e-01,7.793900813561628766e-12,-5.233868118465342389e-01,1.000053049338218716e-09
4.490000000000000000e+02,1.658806654584039364e-01,5.236004166834522522e-01,7.488230838186979931e-12,-5.233868118425299976e-01,9.610116201089687961e-10
4.500000000000000000e+02,1.658806654605355646e-01,5.236004166834822282e-01,7.195973077658238038e-12,-5.233868118386820756e-01,9.234929509483977194e-10
4.510000000000000000e+02,1.658806654625839816e-01,5.236004166835110940e-01,6.915223848517371944e-12,-5.233868118349843668e-01,8.874395950884083849e-10
4.520000000000000000e+02,1.658806654645524625e-01,5.236004166835387386e-01,6.643992885788010677e-12,-5.233868118314310980e-01,8.527931531950389655e-10
4.530000000000000000e+02,1.658806654664439773e-01,5.236004166835653839e-01,6.385617279810301689e-12,-5.233868118280164961e-01,8.195015279962031543e-10
4.540000000000000000e+02,1.658806654682617732e-01,5.236004166835909190e-01,6.135399417393338732e-12,-5.233868118247352319e-01,7.875080615468127992e-10
4.550000000000000000e+02,1.658806654700084038e-01,5.236004166836154550e-01,5.896634329807848532e-12,-5.233868118215820875e-01,7.567646454962134409e-10
4.560000000000000000e+02,1.658806654716869222e-01,5.236004166836391027e-01,5.667243482512955134e-12,-5.233868118185519558e-01,7.272222301366406261e-10
4.570000000000000000e+02,1.658806654733000208e-01,5.236004166836617513e-01,5.445141656263828120e-12,-5.233868118156401739e-01,6.988308582138210925e-10
4.580000000000000000e+02,1.658806654748499754e-01,5.236004166836835116e-01,5.233533287256294836e-12,-5.233868118128420788e-01,6.715491770779280201e-10
4.590000000000000000e+02,1.658806654763395061e-01,5.236004166837044949e-01,5.030283669296459571e-12,-5.233868118101532296e-01,6.453333083037178242e-10
4.600000000000000000e+02,1.658806654777708889e-01,5.236004166837245899e-01,4.833213312045451384e-12,-5.233868118075692966e-01,6.201402434619698853e-10
4.610000000000000000e+02,1.658806654791462887e-01,5.236004166837439078e-01,4.645524607483708595e-12,-5.233868118050862828e-01,5.959305971222807459e-10
4.620000000000000000e+02,1.658806654804680647e-01,5.236004166837625595e-01,4.464970711820205882e-12,-5.233868118027001914e-01,5.726666920240422905e-10
4.630000000000000000e+02,1.658806654817382986e-01,5.236004166837804341e-01,4.289348602681119450e-12,-5.233868118004072478e-01,5.503105331553175854e-10
4.640000000000000000e+02,1.658806654829589611e-01,5.236004166837976426e-01,4.121777295466825160e-12,-5.233868117982037882e-01,5.288279197639285071e-10
4.650000000000000000e+02,1.658806654841319672e-01,5.236004166838141849e-01,3.959975048263948455e-12,-5.233868117960863708e-01,5.081821625382330773e-10
4.660000000000000000e+02,1.658806654852592044e-01,5.236004166838300611e-01,3.804353792244870164e-12,-5.233868117940515541e-01,4.883430616767281624e-10
4.670000000000000000e+02,1.658806654863424768e-01,5.236004166838452711e-01,3.655294198325135630e-12,-5.233868117920962293e-01,4.692771043486229618e-10
4.680000000000000000e+02,1.658806654873833941e-01,5.236004166838599261e-01,3.513150476057654317e-12,-5.233868117902172878e-01,4.509564040350073478e-10
4.690000000000000000e+02,1.658806654883835940e-01,5.236004166838740259e-01,3.375648270359508962e-12,-5.233868117884116211e-01,4.333520570419294749e-10
4.700000000000000000e+02,1.658806654893448529e-01,5.236004166838875706e-01,3.243097827768022333e-12,-5.233868117866764536e-01,4.164331567066898813e-10
4.710000000000000000e+02,1.658806654902685584e-01,5.236004166839005602e-01,3.115835719794636956e-12,-5.233868117850090096e-01,4.001750626956469146e-10
4.720000000000000000e+02,1.658806654911562650e-01,5.236004166839129947e-01,2.994174329193768978e-12,-5.233868117834067357e-01,3.845511545933692882e-10
4.730000000000000000e+02,1.658806654920092494e-01,5.236004166839249852e-01,2.878403816171136321e-12,-5.233868117818669674e-01,3.695385091509247215e-10
4.740000000000000000e+02,1.658806654928288715e-01,5.236004166839365315e-01,2.766181588174136387e-12,-5.233868117803873732e-01,3.551114678516483331e-10
4.750000000000000000e+02,1.658806654936165748e-01,5.236004166839476337e-01,2.657739978495857047e-12,-5.233868117789655106e-01,3.412487841467222018e-10
4.760000000000000000e+02,1.658806654943733860e-01,5.236004166839582918e-01,2.553394308703440466e-12,-5.233868117775991591e-01,3.279269739059935568e-10
4.770000000000000000e+02,1.658806654951007487e-01,5.236004166839685059e-01,2.453366483236438157e-12,-5.233868117762860983e-01,3.151246785913229523e-10
4.780000000000000000e+02,1.658806654957998006e-01,5.236004166839782759e-01,2.357919303789034600e-12,-5.233868117750243298e-01,3.028213306521125660e-10
4.790000000000000000e+02,1.658806654964714300e-01,5.236004166839877128e-01,2.267285014883550898e-12,-5.233868117738118553e-01,2.909991852952113172e-10
4.800000000000000000e+02,1.658806654971169137e-01,5.236004166839968166e-01,2.179030730750659654e-12,-5.233868117726466762e-01,2.796392517247310792e-10
