# Time, SliderHeight, Motor1Pos, Motor2Pos, Motor1Vel, Motor2Vel
0.000000000000000000e+00,2.874645000000566331e-01,0.000000000000000000e+00,0.000000000000000000e+00,0.000000000000000000e+00,0.000000000000000000e+00
4.166666666666666609e-03,2.874645000000566331e-01,-2.083333333333333218e-02,2.083426507991369830e-02,-5.000000000000000000e+00,5.000223619179287482e+00
8.333333333333333218e-03,2.856692124706460278e-01,-4.166666666666666435e-02,4.166587975418665352e-02,-5.000000000000000000e+00,4.999587521825509029e+00
1.250000000000000069e-02,2.836724356331405961e-01,-6.250000000000000000e-02,6.249761534227263327e-02,-5.000000000000000000e+00,4.999616541140635917e+00
1.666666666666666644e-02,2.814749058309585217e-01,-8.333333333333332871e-02,8.332947303935848982e-02,-5.000000000000000000e+00,4.999645847300604906e+00
2.083333333333333218e-02,2.790774162813177695e-01,-1.041666666666666574e-01,1.041614493829644827e-01,-5.000000000000000000e+00,4.999674322465438969e+00
2.500000000000000139e-02,2.764807747540999339e-01,-1.249999999999999861e-01,1.249935404733744093e-01,-5.000000000000000000e+00,4.999701861698381933e+00
2.916666666666666713e-02,2.736858032425028009e-01,-1.458333333333333148e-01,1.458257420162634155e-01,-5.000000000000000000e+00,4.999728370293362367e+00
3.333333333333333287e-02,2.706933376848588146e-01,-1.666666666666666574e-01,1.666580493617070002e-01,-5.000000000000000000e+00,4.999753762906459897e+00
3.749999999999999861e-02,2.675042276758538007e-01,-1.875000000000000000e-01,1.874904575453226196e-01,-5.000000000000000000e+00,4.999777964067749991e+00
4.166666666666666435e-02,2.641193361698515596e-01,-2.083333333333333426e-01,2.083229613315399076e-01,-5.000000000000000000e+00,4.999800908692151324e+00
4.583333333333333010e-02,2.605395391794677051e-01,-2.291666666666666852e-01,2.291555552589478739e-01,-5.000000000000000000e+00,4.999822542577913254e+00
5.000000000000000278e-02,2.567657254723780813e-01,-2.500000000000000000e-01,2.499882336876071420e-01,-5.000000000000000000e+00,4.999842822878222570e+00
5.416666666666666852e-02,2.527987962688597046e-01,-2.708333333333333148e-01,2.708209908481349903e-01,-5.000000000000000000e+00,4.999861718526689813e+00
5.833333333333333426e-02,2.486396649418624039e-01,-2.916666666666666297e-01,2.916538208922741515e-01,-5.000000000000000000e+00,4.999879210593395129e+00
6.250000000000000000e-02,2.442892567205501853e-01,-3.124999999999999445e-01,3.124867179445437460e-01,-5.000000000000000000e+00,4.999895292544707104e+00
6.666666666666666574e-02,2.397485083972761277e-01,-3.333333333333332593e-01,3.333196761544502951e-01,-5.000000000000000000e+00,4.999909970377578006e+00
7.083333333333333148e-02,2.350183680369340722e-01,-3.541666666666665741e-01,3.541526897486071968e-01,-5.000000000000000000e+00,4.999923262597662621e+00
7.499999999999999722e-02,2.300997946866734645e-01,-3.749999999999998890e-01,3.749857530819866724e-01,-5.000000000000000000e+00,4.999935200011075942e+00
7.916666666666666297e-02,2.249937580832215844e-01,-3.958335658279230063e-01,3.958190864153199873e-01,-5.000055798701549037e+00,5.000000000000000000e+00
8.333333333333332871e-02,2.197012149131414849e-01,-4.166668991612563211e-01,4.166512959915726899e-01,-5.000000000000000000e+00,4.999730298300647746e+00
8.749999999999999445e-02,2.142232163410693335e-01,-4.375002324945896359e-01,4.374836716185135366e-01,-5.000000000000000000e+00,4.999770150465804086e+00
9.166666666666666019e-02,2.085607228369021349e-01,-4.583335658279229508e-01,4.583161969520773149e-01,-5.000000000000000000e+00,4.999806080055307689e+00
9.583333333333333981e-02,2.027147439933324191e-01,-4.791668991612562656e-01,4.791488559818464776e-01,-5.000000000000000000e+00,4.999838167144600831e+00
1.000000000000000056e-01,1.966862984940518644e-01,-5.000002324945895804e-01,4.999816331684674986e-01,-5.000000000000000000e+00,4.999866524789051248e+00
1.041666666666666713e-01,1.904764137537034996e-01,-5.208335658279229508e-01,5.208145136058711655e-01,-5.000000000000000000e+00,4.999891304976883610e+00
1.083333333333333370e-01,1.840861255444512512e-01,-5.416668991612563211e-01,5.416474831716013849e-01,-5.000000000000000000e+00,4.999912695775251770e+00
1.125000000000000028e-01,1.775164776109456610e-01,-5.604979401349003965e-01,5.679445386904896642e-01,-4.519449833674577199e+00,6.311293324533177262e+00
1.166666666666666685e-01,1.734480568166092418e-01,-5.813268579801865732e-01,5.888006937956625775e-01,-4.998940282868672647e+00,5.005477225241511618e+00
1.208333333333333343e-01,1.693204548384709129e-01,-6.021577154259083464e-01,6.096465664872828816e-01,-4.999405786973223798e+00,5.003009445988866766e+00
1.250000000000000000e-01,1.651725615077442866e-01,-6.229888385734965173e-01,6.304908821281254294e-01,-4.999469555421167222e+00,5.002635753802208818e+00
1.291666666666666796e-01,1.610061577861602311e-01,-6.438202105238072237e-01,6.513337908770197027e-01,-4.999529268074581090e+00,5.002298099734622028e+00
1.333333333333333315e-01,1.568232524468430589e-01,-6.646518170292198269e-01,6.721754201125456074e-01,-4.999585561299037195e+00,5.001991016526204703e+00
1.375000000000000111e-01,1.526258451035049923e-01,-6.854836401548208835e-01,6.930159057523764821e-01,-4.999637550144258036e+00,5.001716553559407252e+00
1.416666666666666630e-01,1.484159258559586136e-01,-7.063156625876791939e-01,7.138553716752612521e-01,-4.999685383886000700e+00,5.001471821492339487e+00
1.458333333333333426e-01,1.441954762788735245e-01,-7.271478428044811926e-01,7.346940455373954793e-01,-4.999723252032471699e+00,5.001281726912221615e+00
1.499999999999999944e-01,1.399664663868966374e-01,-7.479800685220528988e-01,7.555324700591858900e-01,-4.999734172217203287e+00,5.001221885229688802e+00
1.541666666666666741e-01,1.357308483754243733e-01,-7.688132659131363678e-01,7.763656882253913150e-01,-4.999967373860036979e+00,4.999972359889290452e+00
1.583333333333333259e-01,1.360775787003508375e-01,-7.896450005605257783e-01,7.971977055732100137e-01,-4.999616315373457631e+00,4.999684163476474374e+00
1.625000000000000056e-01,1.363549629602920088e-01,-7.896450684965934386e-01,7.971977055732100137e-01,-1.630465623225774152e-05,0.000000000000000000e+00
1.666666666666666574e-01,1.387600751609675553e-01,-7.896450684965934386e-01,7.971973748288472272e-01,-1.016439536705160407e-20,-7.937864706069651193e-05
1.708333333333333370e-01,1.409922908434052824e-01,-7.896450684965934386e-01,7.971970445210839751e-01,-3.237584917532550319e-21,-7.927386318274373190e-05
1.749999999999999889e-01,1.430516593615868970e-01,-7.896450684965934386e-01,7.971967142132867501e-01,-1.932397308500441777e-20,-7.927387133135129372e-05
1.791666666666666685e-01,1.449382392015177434e-01,-7.896450684965934386e-01,7.971963839048448186e-01,2.159871976952524388e-20,-7.927402605608483452e-05
1.833333333333333204e-01,1.466520864338570485e-01,-7.896450684965934386e-01,7.971960535957574034e-01,-2.216471810366465306e-20,-7.927418098644857948e-05
1.875000000000000000e-01,1.481932547237478637e-01,-7.896450684965934386e-01,7.971957232860243936e-01,7.762986651233595600e-21,-7.927433591770413493e-05
1.916666666666666796e-01,1.495617953338483908e-01,-7.896450684965934386e-01,7.971953929756459001e-01,2.790990104815170678e-20,-7.927449084956051458e-05
1.958333333333333315e-01,1.507577571272194217e-01,-7.896450684965934386e-01,7.971950626646218119e-01,1.486650355910928989e-20,-7.927464578201998168e-05
2.000000000000000111e-01,1.517811865700777751e-01,-7.896450684965934386e-01,7.971947323529521290e-01,2.031359129034754625e-20,-7.927480071506865845e-05
2.041666666666666630e-01,1.526321277344158123e-01,-7.896450684965934386e-01,7.971944020406369624e-01,-1.129489277047017008e-20,-7.927495564870939092e-05
2.083333333333333426e-01,1.533106223004875313e-01,-7.896450684965934386e-01,7.971940717276762012e-01,2.992532661063715871e-20,-7.927511058293345127e-05
2.124999999999999944e-01,1.538167095591614908e-01,-7.896450684965934386e-01,7.971937414140698452e-01,-3.145623112931967468e-20,-7.927526551773857622e-05
2.166666666666666741e-01,1.541504264141408120e-01,-7.896450684965934386e-01,7.971934110998180056e-01,-1.194273028646404444e-20,-7.927542045311967002e-05
2.208333333333333259e-01,1.543118073840504811e-01,-7.896450684965934386e-01,7.971937404906749292e-01,-8.755176871293881155e-21,7.905380566081982713e-05
2.250000000000000056e-01,1.543048011175440770e-01,-7.896450684965934386e-01,7.971940708036361345e-01,-1.212239165368857460e-20,7.927511068895783922e-05
2.291666666666666574e-01,1.541294468176389321e-01,-7.896450684965934386e-01,7.971944011172423794e-01,4.021584117170895721e-21,7.927526550825392140e-05
2.333333333333333370e-01,1.537857737843934258e-01,-7.896450684965934386e-01,7.971947314302049170e-01,-2.354797088300645359e-20,7.927511099906311997e-05
2.374999999999999889e-01,1.532738135653615996e-01,-7.896450684965934386e-01,7.971950617425218599e-01,-8.587840818313817885e-21,7.927495605766089585e-05
2.416666666666666685e-01,1.525935999680233524e-01,-7.896450684965934386e-01,7.971953920541932082e-01,2.897768782138109638e-21,7.927480111610020203e-05
2.458333333333333204e-01,1.517451690580303159e-01,-7.896450684965934386e-01,7.971957223652189617e-01,2.634327266676455693e-20,7.927464617498735148e-05
2.500000000000000000e-01,1.507285591573111483e-01,-7.896450684965934386e-01,7.971960526755991205e-01,2.303698005960182075e-21,7.927449123431222044e-05
2.541666666666666519e-01,1.495438108420558687e-01,-7.896450684965934386e-01,7.971963829853336847e-01,-3.837838868789311765e-20,7.927433629407749233e-05
2.583333333333333592e-01,1.481909669405797048e-01,-7.896450684965934386e-01,7.971967132944226542e-01,-2.990599126381873169e-20,7.927418135427305695e-05
2.625000000000000111e-01,1.466700725310666753e-01,-7.896450684965934386e-01,7.971970436028660290e-01,1.105630286253690616e-21,7.927402641489900918e-05
2.666666666666666630e-01,1.449811749391930193e-01,-7.896450684965934386e-01,7.971973739106638090e-01,1.745051239514837921e-20,7.927387147594971116e-05
2.708333333333333148e-01,1.431243237356308040e-01,-7.896450684965934386e-01,7.971977042178159945e-01,4.347950812793107019e-20,7.927371653742086674e-05
2.750000000000000222e-01,1.410995707334321281e-01,-7.896450684965934386e-01,7.971980345243226962e-01,1.114295003170183581e-20,7.927356159931064634e-05
2.791666666666666741e-01,1.389069699852940043e-01,-7.896450684965934386e-01,7.971983648301838032e-01,-4.218621124020441142e-21,7.927340666161135211e-05
2.833333333333333259e-01,1.365465777807043368e-01,-7.896428063930396313e-01,7.971965567025856014e-01,5.429048529187765993e-04,-4.339506235722645749e-04
2.874999999999999778e-01,1.367301622245747916e-01,-7.896406988811419669e-01,7.971948721365994528e-01,5.058028554263749917e-04,-4.042958366846904883e-04
2.916666666666666852e-01,1.368770297796711721e-01,-7.896384764372843534e-01,7.971930956984347727e-01,5.333865258280914151e-04,-4.263451595279999797e-04
2.958333333333333370e-01,1.369945238237482710e-01,-7.896361613750674247e-01,7.971912452229410473e-01,5.556149320695360919e-04,-4.441141184887981022e-04
2.999999999999999889e-01,1.370885190590099556e-01,-7.896337722144195492e-01,7.971893355127933622e-01,5.733985554978002393e-04,-4.583304354331643629e-04
3.041666666666666408e-01,1.371637152472192922e-01,-7.896313237734571278e-01,7.971873784118893580e-01,5.876258309801107166e-04,-4.697042169711191728e-04
3.083333333333333481e-01,1.372238721977867559e-01,-7.896297940217656963e-01,7.971861556383346148e-01,3.671404059307185213e-04,-2.934656531495396853e-04
3.125000000000000000e-01,1.372719977582407269e-01,-7.896282426798751919e-01,7.971849156044245044e-01,3.723220537150294038e-04,-2.976081384368071438e-04
3.166666666666666519e-01,1.373104982066039037e-01,-7.896266727622961445e-01,7.971836607196387536e-01,3.767802189686871028e-04,-3.011723485793129252e-04
3.208333333333333592e-01,1.373412985652944507e-01,-7.896250879814473711e-01,7.971823939513386081e-01,3.803474037108203710e-04,-3.040243920319407795e-04
3.250000000000000111e-01,1.373659388522468772e-01,-7.896234913095258046e-01,7.971811176752257033e-01,3.832012611662951392e-04,-3.063062671052754022e-04
3.291666666666666630e-01,1.373856510818088350e-01,-7.896218851243074210e-01,7.971798337918796218e-01,3.854844524062623116e-04,-3.081320030580285180e-04
3.333333333333333148e-01,1.374014208654583957e-01,-7.896202713280227048e-01,7.971785438217749986e-01,3.873111083431764906e-04,-3.095928250975305278e-04
3.375000000000000222e-01,1.374140366923780332e-01,-7.896186514424624603e-01,7.971772489812994911e-01,3.887725344558218949e-04,-3.107617141230817966e-04
3.416666666666666741e-01,1.374241293539137654e-01,-7.896170266850640607e-01,7.971759502435687983e-01,3.899417756225552630e-04,-3.116970553637055845e-04
3.458333333333333259e-01,1.374322034831423345e-01,-7.896153980297804242e-01,7.971746483870797428e-01,3.908772680783730632e-04,-3.124455573628787857e-04
3.499999999999999778e-01,1.374386627865251953e-01,-7.896137662557760617e-01,7.971733440346330246e-01,3.916257610352288053e-04,-3.130445872124655083e-04
3.541666666666666852e-01,1.374438302292314840e-01,-7.896121319863843580e-01,7.971720376844714240e-01,3.922246540150155832e-04,-3.135240387716680885e-04
3.583333333333333370e-01,1.374479641833965260e-01,-7.896104957202729757e-01,7.971707297351912080e-01,3.927038667406610654e-04,-3.139078272642626690e-04
3.624999999999999889e-01,1.374512713467285485e-01,-7.896088578563769111e-01,7.971694205056705229e-01,3.930873350634292310e-04,-3.142150849698752244e-04
3.666666666666666408e-01,1.374539170773941554e-01,-7.896072187138447607e-01,7.971681102510130845e-01,3.933942077159768326e-04,-3.144611177877579375e-04
3.708333333333333481e-01,1.374560336619266576e-01,-7.896055785479959566e-01,7.971667991753026428e-01,3.936398037212465013e-04,-3.146581704944014695e-04
3.750000000000000000e-01,1.374577269295526594e-01,-7.896039375630862223e-01,7.971654874418070413e-01,3.938363783241562383e-04,-3.148160389545229189e-04
3.791666666666666519e-01,1.374590815436534663e-01,-7.896022959225206250e-01,7.971641751811407994e-01,3.939937357401104173e-04,-3.149425598933994598e-04
3.833333333333333592e-01,1.374601652349340952e-01,-7.896006537570232631e-01,7.971628624977961097e-01,3.941197193556909666e-04,-3.150440027170609524e-04
3.875000000000000111e-01,1.374610321879586039e-01,-7.896028662664618114e-01,7.971648135153173165e-01,-5.310022652562912523e-04,4.682442050819016406e-04
3.916666666666666630e-01,1.374610321879586039e-01,-7.896050771095373122e-01,7.971667631921999231e-01,-5.306023381098852769e-04,4.679224518343722819e-04
3.958333333333333148e-01,1.374610321879586039e-01,-7.896072879549129730e-01,7.971687128623182739e-01,-5.306028901694064210e-04,4.679208284026606835e-04
4.000000000000000222e-01,1.374610321879586039e-01,-7.896094988054631614e-01,7.971706625279698644e-01,-5.306041320428183609e-04,4.679197563815966961e-04
4.041666666666666741e-01,1.374610321879586039e-01,-7.896117096611928732e-01,7.971726121891588024e-01,-5.306053751340795814e-04,4.679186853320299513e-04
4.083333333333333259e-01,1.374610321879586039e-01,-7.896139205221023305e-01,7.971745618458850879e-01,-5.306066182570618470e-04,4.679176143058183849e-04
4.124999999999999778e-01,1.374610321879586039e-01,-7.896161313881915333e-01,7.971765114981488320e-01,-5.306078614096868505e-04,4.679165433012956324e-04
4.166666666666666852e-01,1.374610321879586039e-01,-7.896183422594607038e-01,7.971784611459501457e-01,-5.306091045920941288e-04,4.679154723185774867e-04
4.208333333333333370e-01,1.374610321879586039e-01,-7.896205531359098417e-01,7.971804107892891400e-01,-5.306103478041124862e-04,4.679144013575241940e-04
4.249999999999999889e-01,1.374610321879586039e-01,-7.896227640175391693e-01,7.971823604281659259e-01,-5.306115910459709064e-04,4.679133304183210446e-04
4.291666666666666408e-01,1.374610321879586039e-01,-7.896249749043487975e-01,7.971843100625805034e-01,-5.306128343176096497e-04,4.679122595009208756e-04
4.333333333333333481e-01,1.374610321879586039e-01,-7.896271857963388374e-01,7.971862596925329836e-01,-5.306140776188060211e-04,4.679111886051386137e-04
4.375000000000000000e-01,1.374610321879586039e-01,-7.896293966935095110e-01,7.971882093180234774e-01,-5.306153209498104713e-04,4.679101177311821005e-04
4.416666666666666519e-01,1.374610321879586039e-01,-7.896316075958608183e-01,7.971901589390520959e-01,-5.306165643103740674e-04,4.679090468788421934e-04
4.458333333333333592e-01,1.374610321879586039e-01,-7.896338185033928703e-01,7.971921085556189501e-01,-5.306178077008026628e-04,4.679079760483731377e-04
4.500000000000000111e-01,1.374610321879586039e-01,-7.896360294161058890e-01,7.971940581677241511e-01,-5.306190511209254957e-04,4.679069052396359930e-04
4.541666666666666630e-01,1.374610321879586039e-01,-7.896382403339999856e-01,7.971960077753676988e-01,-5.306202945707472283e-04,4.679058344526304341e-04
4.583333333333333148e-01,1.374610321879586039e-01,-7.896404512570751599e-01,7.971979573785497042e-01,-5.306215380502355512e-04,4.679047636873319579e-04
4.625000000000000222e-01,1.374610321879586039e-01,-7.896426621853316341e-01,7.971999069772702784e-01,-5.306227815594510714e-04,4.679036929437881609e-04
4.666666666666666741e-01,1.374610321879586039e-01,-7.896448731187695191e-01,7.972018565715295324e-01,-5.306240250983619133e-04,4.679026222219739980e-04
4.708333333333333259e-01,1.374610321879586039e-01,-7.896470840573889260e-01,7.972038061613275772e-01,-5.306252686670528615e-04,4.679015515219589667e-04
4.749999999999999778e-01,1.374610321879586039e-01,-7.896492950011900769e-01,7.972057557466644129e-01,-5.306265122653850298e-04,4.679004808436269488e-04
4.791666666666666852e-01,1.374610321879586039e-01,-7.896515059501729716e-01,7.972077053275401504e-01,-5.306277558935803542e-04,4.678994101871628551e-04
4.833333333333333370e-01,1.374610321879586039e-01,-7.896537169043377213e-01,7.972096549039549007e-01,-5.306289995513326562e-04,4.678983395523111932e-04
4.874999999999999889e-01,1.374610321879586039e-01,-7.896559278636845480e-01,7.972116044759087750e-01,-5.306302432389224189e-04,4.678972689393040368e-04
4.916666666666666408e-01,1.374610321879586039e-01,-7.896581388282135627e-01,7.972135540434018841e-01,-5.306314869560647138e-04,4.678961983479084990e-04
4.958333333333333481e-01,1.374610321879586039e-01,-7.896603497979248765e-01,7.972155036064343392e-01,-5.306327307030729839e-04,4.678951277783790965e-04
5.000000000000000000e-01,1.374610321879586039e-01,-7.896625607728184892e-01,7.972174531650061402e-01,-5.306339744797182456e-04,4.678940572305302138e-04
5.041666666666666519e-01,1.374610321879586039e-01,-7.896647717528947341e-01,7.972194027191173982e-01,-5.306352182862019437e-04,4.678929867045236138e-04
5.083333333333333037e-01,1.374610321879586039e-01,-7.896669827381536111e-01,7.972213522687682241e-01,-5.306364621222421857e-04,4.678919162001274400e-04
5.124999999999999556e-01,1.374610321879586039e-01,-7.896691937285952312e-01,7.972233018139587291e-01,-5.306377059882009866e-04,4.678908457176421246e-04
5.166666666666667185e-01,1.374610321879586039e-01,-7.896714047242197054e-01,7.972252513546889130e-01,-5.306389498836007555e-04,4.678897752566741025e-04
5.208333333333333703e-01,1.374610321879586039e-01,-7.896736157250272559e-01,7.972272008909589980e-01,-5.306401938089232032e-04,4.678887048176157463e-04
5.250000000000000222e-01,1.374610321879586039e-01,-7.896758267310179935e-01,7.972291504227689840e-01,-5.306414377638541281e-04,4.678876344002124311e-04
5.291666666666666741e-01,1.374610321879586039e-01,-7.896780377421919184e-01,7.972310999501189821e-01,-5.306426817485645087e-04,4.678865640046026638e-04
5.333333333333333259e-01,1.374610321879586039e-01,-7.896802487585492525e-01,7.972330494730091033e-01,-5.306439257629991593e-04,4.678854936307401489e-04
5.374999999999999778e-01,1.374610321879586039e-01,-7.896824597800901069e-01,7.972349989914394586e-01,-5.306451698071567788e-04,4.678844232786234228e-04
5.416666666666666297e-01,1.374610321879586039e-01,-7.896846708068145926e-01,7.972369485054100480e-01,-5.306464138810087442e-04,4.678833529482299882e-04
5.458333333333332815e-01,1.374610321879586039e-01,-7.896868818387228206e-01,7.972388980149210935e-01,-5.306476579845278421e-04,4.678822826395359386e-04
5.500000000000000444e-01,1.374610321879586039e-01,-7.896890928758150130e-01,7.972408475199725952e-01,-5.306489021178256368e-04,4.678812123526330516e-04
5.541666666666666963e-01,1.374610321879586039e-01,-7.896913039180911698e-01,7.972427970205646641e-01,-5.306501462808716624e-04,4.678801420874980710e-04
5.583333333333333481e-01,1.374610321879586039e-01,-7.896935149655515129e-01,7.972447465166973002e-01,-5.306513904735586911e-04,4.678790718440382977e-04
5.625000000000000000e-01,1.374610321879586039e-01,-7.896957260181960425e-01,7.972466960083707255e-01,-5.306526346959680382e-04,4.678780016223223616e-04
5.666666666666666519e-01,1.374610321879586039e-01,-7.896979370760249806e-01,7.972486454955849400e-01,-5.306538789481813441e-04,4.678769314224195974e-04
5.708333333333333037e-01,1.374610321879586039e-01,-7.897001481390384381e-01,7.972505949783401658e-01,-5.306551232300616740e-04,4.678758612442136702e-04
5.749999999999999556e-01,1.374610321879586039e-01,-7.897023592072365261e-01,7.972525444566364028e-01,-5.306563675416649728e-04,4.678747910877504418e-04
5.791666666666667185e-01,1.374610321879586039e-01,-7.897045702806193557e-01,7.972544939304737621e-01,-5.306576118830172613e-04,4.678737209530525721e-04
5.833333333333333703e-01,1.374610321879586039e-01,-7.897067813591870378e-01,7.972564433998522437e-01,-5.306588562540348391e-04,4.678726508400505094e-04
5.875000000000000222e-01,1.374610321879586039e-01,-7.897089924429397945e-01,7.972583928647720697e-01,-5.306601006548612547e-04,4.678715807488593417e-04
5.916666666666666741e-01,1.374610321879586039e-01,-7.897112035318776257e-01,7.972603423252332400e-01,-5.306613450853506827e-04,4.678705106793633306e-04
5.958333333333333259e-01,1.374610321879586039e-01,-7.897134146260007537e-01,7.972622917812358656e-01,-5.306625895455635133e-04,4.678694406316079584e-04
5.999999999999999778e-01,1.374610321879586039e-01,-7.897156257253092893e-01,7.972642412327800576e-01,-5.306638340354926991e-04,4.678683706055929538e-04
6.041666666666666297e-01,1.374610321879586039e-01,-7.897178368298032325e-01,7.972661906798659270e-01,-5.306650785552049186e-04,4.678673006013641246e-04
6.083333333333332815e-01,1.374610321879586039e-01,-7.897200479394828054e-01,7.972681401224934739e-01,-5.306663231045803675e-04,4.678662306188287171e-04
6.125000000000000444e-01,1.374610321879586039e-01,-7.897222590543481191e-01,7.972700895606629201e-01,-5.306675676836799778e-04,4.678651606580321596e-04
6.166666666666666963e-01,1.374610321879586039e-01,-7.897244701743992845e-01,7.972720389943742658e-01,-5.306688122924969192e-04,4.678640907189743976e-04
6.208333333333333481e-01,1.374610321879586039e-01,-7.897266812996365237e-01,7.972739884236276220e-01,-5.306700569310345526e-04,4.678630208016551603e-04
6.250000000000000000e-01,1.374610321879586039e-01,-7.897288924300598367e-01,7.972759378484230997e-01,-5.306713015992941792e-04,4.678619509060736887e-04
6.291666666666666519e-01,1.374610321879586039e-01,-7.897311035656694456e-01,7.972778872687606988e-01,-5.306725462972763409e-04,4.678608810322298743e-04
6.333333333333333037e-01,1.374610321879586039e-01,-7.897333147064653502e-01,7.972798366846406415e-01,-5.306737910250049987e-04,4.678598111801463770e-04
6.374999999999999556e-01,1.374610321879586039e-01,-7.897355258524477728e-01,7.972817860960629277e-01,-5.306750357824829714e-04,4.678587413498223836e-04
6.416666666666667185e-01,1.374610321879586039e-01,-7.897377370036168243e-01,7.972837355030276685e-01,-5.306762805696544228e-04,4.678576715412119239e-04
6.458333333333333703e-01,1.374610321879586039e-01,-7.897399481599726156e-01,7.972856849055349748e-01,-5.306775253865447231e-04,4.678566017543373868e-04
6.500000000000000222e-01,1.374610321879586039e-01,-7.897421593215152580e-01,7.972876343035849578e-01,-5.306787702331295861e-04,4.678555319891745945e-04
6.541666666666666741e-01,1.374610321879586039e-01,-7.897443704882448623e-01,7.972895836971776173e-01,-5.306800151094887008e-04,4.678544622457935865e-04
6.583333333333333259e-01,1.374610321879586039e-01,-7.897465816601615396e-01,7.972915330863131755e-01,-5.306812600155676402e-04,4.678533925241471457e-04
6.624999999999999778e-01,1.374610321879586039e-01,-7.897487928372655119e-01,7.972934824709916324e-01,-5.306825049513655369e-04,4.678523228242353806e-04
6.666666666666666297e-01,1.374610321879586039e-01,-7.897510040195567793e-01,7.972954318512130989e-01,-5.306837499169129654e-04,4.678512531460804632e-04
6.708333333333332815e-01,1.374610321879586039e-01,-7.897532152070355638e-01,7.972973812269776861e-01,-5.306849949121816281e-04,4.678501834896587035e-04
6.750000000000000444e-01,1.374610321879586039e-01,-7.897554263997019763e-01,7.972993305982853940e-01,-5.306862399371146044e-04,4.678491138549240231e-04
6.791666666666666963e-01,1.374610321879586039e-01,-7.897576375975561280e-01,7.973012799651364446e-01,-5.306874849918211817e-04,4.678480442419681454e-04
6.833333333333333481e-01,1.374610321879586039e-01,-7.897598488005981299e-01,7.973032293275308380e-01,-5.306887300762184187e-04,4.678469746507216815e-04
6.875000000000000000e-01,1.374610321879586039e-01,-7.897620600088280929e-01,7.973051786854686851e-01,-5.306899751903369983e-04,4.678459050812065322e-04
6.916666666666666519e-01,1.374610321879586039e-01,-7.897642712222461281e-01,7.973071280389500970e-01,-5.306912203343445381e-04,4.678448355335622887e-04
6.958333333333333037e-01,1.374610321879586039e-01,-7.897664824408524575e-01,7.973090773879750737e-01,-5.306924655078994061e-04,4.678437660075098771e-04
6.999999999999999556e-01,1.374610321879586039e-01,-7.897686936646470812e-01,7.973110267325438372e-01,-5.306937107112026132e-04,4.678426965032113859e-04
7.041666666666667185e-01,1.374610321879586039e-01,-7.897709048936302212e-01,7.973129760726563875e-01,-5.306949559443112970e-04,4.678416270207125683e-04
7.083333333333333703e-01,1.374610321879586039e-01,-7.897731161278018774e-01,7.973149254083128357e-01,-5.306962012070538283e-04,4.678405575598742127e-04
7.125000000000000222e-01,1.374610321879586039e-01,-7.897753273671622720e-01,7.973168747395132927e-01,-5.306974464995140158e-04,4.678394881207648950e-04
7.166666666666666741e-01,1.374610321879586039e-01,-7.897775386117115159e-01,7.973188240662578696e-01,-5.306986918217213500e-04,4.678384187034083591e-04
7.208333333333333259e-01,1.374610321879586039e-01,-7.897797498614497202e-01,7.973207733885466775e-01,-5.306999371737868530e-04,4.678373493078956239e-04
7.249999999999999778e-01,1.374610321879586039e-01,-7.897819611163769959e-01,7.973227227063797162e-01,-5.307011825555166696e-04,4.678362799340653601e-04
7.291666666666666297e-01,1.374610321879586039e-01,-7.897841723764935651e-01,7.973246720197570969e-01,-5.307024279668817431e-04,4.678352105818932272e-04
7.333333333333332815e-01,1.374610321879586039e-01,-7.897863836417994277e-01,7.973266213286789306e-01,-5.307036734079915779e-04,4.678341412514715994e-04
7.375000000000000444e-01,1.374610321879586039e-01,-7.897885949122948057e-01,7.973285706331453282e-01,-5.307049188789880962e-04,4.678330719429157816e-04
7.416666666666666963e-01,1.374610321879586039e-01,-7.897908061879796993e-01,7.973305199331564008e-01,-5.307061643795936336e-04,4.678320026559935917e-04
7.458333333333333481e-01,1.374610321879586039e-01,-7.897930174688543303e-01,7.973324692287121485e-01,-5.307074099099667007e-04,4.678309333908445668e-04
7.500000000000000000e-01,1.374610321879586039e-01,-7.897952287549188100e-01,7.973344185198127931e-01,-5.307086554700625198e-04,4.678298641474212187e-04
7.541666666666666519e-01,1.374610321879586039e-01,-7.897974400461732492e-01,7.973363678064583349e-01,-5.307099010598462880e-04,4.678287949257001286e-04
7.583333333333333037e-01,1.374610321879586039e-01,-7.897996513426177589e-01,7.973383170886488847e-01,-5.307111466793505315e-04,4.678277257257036853e-04
7.624999999999999556e-01,1.374610321879586039e-01,-7.898018626442524504e-01,7.973402663663845535e-01,-5.307123923286242561e-04,4.678266565474786722e-04
7.666666666666667185e-01,1.374610321879586039e-01,-7.898040739510774344e-01,7.973422156396653415e-01,-5.307136380076485967e-04,4.678255873910000442e-04
7.708333333333333703e-01,1.374610321879586039e-01,-7.898062852630929331e-01,7.973441649084913596e-01,-5.307148837163337815e-04,4.678245182561998759e-04
7.750000000000000222e-01,1.374610321879586039e-01,-7.898084965802989466e-01,7.973461141728628299e-01,-5.307161294547912663e-04,4.678234491431690237e-04
7.791666666666666741e-01,1.374610321879586039e-01,-7.898107079026956967e-01,7.973480634327797523e-01,-5.307173752230205091e-04,4.678223800519073247e-04
7.833333333333333259e-01,1.374610321879586039e-01,-7.898129192302832946e-01,7.973500126882421268e-01,-5.307186210209400862e-04,4.678213109823449564e-04
7.874999999999999778e-01,1.374610321879586039e-01,-7.898151305630618513e-01,7.973519619392501756e-01,-5.307198668486046416e-04,4.678202419345281601e-04
7.916666666666666297e-01,1.374610321879586039e-01,-7.898173419010314777e-01,7.973539111858040096e-01,-5.307211127060429065e-04,4.678191729084792160e-04
7.958333333333332815e-01,1.374610321879586039e-01,-7.898195532441922850e-01,7.973558604279036288e-01,-5.307223585931146936e-04,4.678181039040820062e-04
8.000000000000000444e-01,1.374610321879586039e-01,-7.898217645925443842e-01,7.973578096655491443e-01,-5.307236045099596481e-04,4.678170349214523776e-04
8.041666666666666963e-01,1.374610321879586039e-01,-7.898239759460879972e-01,7.973597588987406670e-01,-5.307248504565773364e-04,4.678159659605892460e-04
8.083333333333333481e-01,1.374610321879586039e-01,-7.898261873048231241e-01,7.973617081274783081e-01,-5.307260964328531583e-04,4.678148970214001290e-04
8.125000000000000000e-01,1.374610321879586039e-01,-7.898283986687499869e-01,7.973636573517620674e-01,-5.307273424389892091e-04,4.678138281040463559e-04
8.166666666666666519e-01,1.374610321879586039e-01,-7.898306100378685857e-01,7.973656065715920560e-01,-5.307285884747562884e-04,4.678127592083425822e-04
8.208333333333333037e-01,1.374610321879586039e-01,-7.898328214121791424e-01,7.973675557869684960e-01,-5.307298345402671532e-04,4.678116903343809111e-04
8.249999999999999556e-01,1.374610321879586039e-01,-7.898350327916817681e-01,7.973695049978913874e-01,-5.307310806355234299e-04,4.678106214821606918e-04
8.291666666666667185e-01,1.374610321879586039e-01,-7.898372441763765739e-01,7.973714542043607301e-01,-5.307323267604946524e-04,4.678095526516587769e-04
8.333333333333333703e-01,1.374610321879586039e-01,-7.898394555662636707e-01,7.973734034063767462e-01,-5.307335729152393676e-04,4.678084838429208111e-04
8.375000000000000222e-01,1.374610321879586039e-01,-7.898416669613432806e-01,7.973753526039394357e-01,-5.307348190996983781e-04,4.678074150559001195e-04
8.416666666666666741e-01,1.374610321879586039e-01,-7.898438783616154035e-01,7.973773017970490207e-01,-5.307360653139023667e-04,4.678063462906192536e-04
8.458333333333333259e-01,1.374610321879586039e-01,-7.898460897670802616e-01,7.973792509857055011e-01,-5.307373115578229274e-04,4.678052775470552824e-04
8.499999999999999778e-01,1.374610321879586039e-01,-7.898483011777378549e-01,7.973812001699089880e-01,-5.307385578314872737e-04,4.678042088252302695e-04
8.541666666666666297e-01,1.374610321879586039e-01,-7.898505125935884053e-01,7.973831493496594813e-01,-5.307398041348957308e-04,4.678031401251439981e-04
8.583333333333332815e-01,1.374610321879586039e-01,-7.898527240146320239e-01,7.973850985249572032e-01,-5.307410504680455882e-04,4.678020714467964682e-04
8.625000000000000444e-01,1.374610321879586039e-01,-7.898549354408688217e-01,7.973870476958021536e-01,-5.307422968309114756e-04,4.678010027901634478e-04
8.666666666666666963e-01,1.374610321879586039e-01,-7.898571468722989097e-01,7.973889968621944435e-01,-5.307435432235778523e-04,4.677999341553143258e-04
8.708333333333333481e-01,1.374610321879586039e-01,-7.898593583089223991e-01,7.973909460241341840e-01,-5.307447896458768839e-04,4.677988655421102702e-04
8.750000000000000000e-01,1.374610321879586039e-01,-7.898615697507395117e-01,7.973928951816214861e-01,-5.307460360979172074e-04,4.677977969506426251e-04
8.791666666666666519e-01,1.374610321879586039e-01,-7.898637811977502476e-01,7.973948443346564607e-01,-5.307472825798113629e-04,4.677967283810037643e-04
8.833333333333333037e-01,1.374610321879586039e-01,-7.898659926499548289e-01,7.973967934832391080e-01,-5.307485290913379564e-04,4.677956598330086689e-04
8.874999999999999556e-01,1.374610321879586039e-01,-7.898682041073532556e-01,7.973987426273695389e-01,-5.307497756326357658e-04,4.677945913067721559e-04
8.916666666666667185e-01,1.374610321879586039e-01,-7.898704155699457496e-01,7.974006917670478645e-01,-5.307510222037041406e-04,4.677935228022941168e-04
8.958333333333333703e-01,1.374610321879586039e-01,-7.898726270377324221e-01,7.974026409022741957e-01,-5.307522688044295648e-04,4.677924543194812560e-04
9.000000000000000222e-01,1.374610321879586039e-01,-7.898748385107133840e-01,7.974045900330486436e-01,-5.307535154349559119e-04,4.677913858584491495e-04
9.041666666666666741e-01,1.374610321879586039e-01,-7.898770499888887464e-01,7.974065391593712082e-01,-5.307547620951390916e-04,4.677903174190815166e-04
9.083333333333333259e-01,1.374610321879586039e-01,-7.898792614722587313e-01,7.974084882812420005e-01,-5.307560087852360598e-04,4.677892490015863615e-04
9.124999999999999778e-01,1.374610321879586039e-01,-7.898814729608233387e-01,7.974104373986612426e-01,-5.307572555049043170e-04,4.677881806056853695e-04
9.166666666666666297e-01,1.374610321879586039e-01,-7.898836844545826796e-01,7.974123865116288234e-01,-5.307585022543723045e-04,4.677871122315634513e-04
9.208333333333332815e-01,1.374610321879586039e-01,-7.898858959535369761e-01,7.974143356201449651e-01,-5.307597490335531779e-04,4.677860438791510010e-04
9.250000000000000444e-01,1.374610321879586039e-01,-7.898881074576863393e-01,7.974162847242097785e-01,-5.307609958425330227e-04,4.677849755485163777e-04
9.291666666666666963e-01,1.374610321879586039e-01,-7.898903189670308800e-01,7.974182338238232637e-01,-5.307622426811712179e-04,4.677839072395439512e-04
9.333333333333333481e-01,1.374610321879586039e-01,-7.898925304815707094e-01,7.974201829189855317e-01,-5.307634895496605347e-04,4.677828389523954844e-04
9.375000000000000000e-01,1.374610321879586039e-01,-7.898947420013059384e-01,7.974221320096966936e-01,-5.307647364478389933e-04,4.677817706869313863e-04
9.416666666666666519e-01,1.374610321879586039e-01,-7.898969535262366781e-01,7.974240810959568604e-01,-5.307659833757318556e-04,4.677807024431743710e-04
9.458333333333333037e-01,1.374610321879586039e-01,-7.898991650563630396e-01,7.974260301777661430e-01,-5.307672303333897538e-04,4.677796342211701375e-04
9.499999999999999556e-01,1.374610321879586039e-01,-7.899013765916852448e-01,7.974279792551245416e-01,-5.307684773207371190e-04,4.677785660208495680e-04
9.541666666666667185e-01,1.374610321879586039e-01,-7.899035881322032937e-01,7.974299283280321671e-01,-5.307697243378796609e-04,4.677774978423040607e-04
9.583333333333333703e-01,1.374610321879586039e-01,-7.899057996779174085e-01,7.974318773964892415e-01,-5.307709713847638200e-04,4.677764296854874286e-04
9.625000000000000222e-01,1.374610321879586039e-01,-7.899080112288277000e-01,7.974338264604956539e-01,-5.307722184614176771e-04,4.677753615504221148e-04
9.666666666666666741e-01,1.374610321879586039e-01,-7.899102227849342794e-01,7.974357755200516262e-01,-5.307734655677281499e-04,4.677742934370153114e-04
9.708333333333333259e-01,1.374610321879586039e-01,-7.899124343462372577e-01,7.974377245751572696e-01,-5.307747127038095133e-04,4.677732253453592299e-04
9.749999999999999778e-01,1.374610321879586039e-01,-7.899146459127367459e-01,7.974396736258125840e-01,-5.307759598696577558e-04,4.677721572754533282e-04
9.791666666666666297e-01,1.374610321879586039e-01,-7.899168574844328550e-01,7.974416226720176804e-01,-5.307772070652196431e-04,4.677710892272508771e-04
9.833333333333332815e-01,1.374610321879586039e-01,-7.899190690613256960e-01,7.974435717137726698e-01,-5.307784542905217380e-04,4.677700212007750245e-04
9.875000000000000444e-01,1.374610321879586039e-01,-7.899212806434154910e-01,7.974455207510776633e-01,-5.307797015455920130e-04,4.677689531960476169e-04
9.916666666666666963e-01,1.374610321879586039e-01,-7.899234922307022400e-01,7.974474697839327719e-01,-5.307809488304052062e-04,4.677678852130459403e-04
9.958333333333333481e-01,1.374610321879586039e-01,-7.899257038231861650e-01,7.974494188123379956e-01,-5.307821961450428496e-04,4.677668172518388958e-04
1.000000000000000000e+00,1.374610321879586039e-01,-7.899279154208673770e-01,7.974513678362934455e-01,-5.307834434892759598e-04,4.677657493122404342e-04
1.004166666666666652e+00,1.374610321879586039e-01,-7.899301270237459871e-01,7.974533168557992324e-01,-5.307846908632549154e-04,4.677646813943668906e-04
1.008333333333333304e+00,1.374610321879586039e-01,-7.899323386318221063e-01,7.974552658708554675e-01,-5.307859382670523582e-04,4.677636134982861901e-04
1.012499999999999956e+00,1.374610321879586039e-01,-7.899345502450958456e-01,7.974572148814622619e-01,-5.307871857006783711e-04,4.677625456239981700e-04
1.016666666666666607e+00,1.374610321879586039e-01,-7.899367618635673161e-01,7.974591638876196154e-01,-5.307884331639314010e-04,4.677614777713407423e-04
1.020833333333333259e+00,1.374610321879586039e-01,-7.899389734872367397e-01,7.974611128893277501e-01,-5.307896806568665254e-04,4.677604099403596060e-04
1.024999999999999911e+00,1.374610321879586039e-01,-7.899411851161041165e-01,7.974630618865866660e-01,-5.307909281796576503e-04,4.677593421311933221e-04
1.029166666666666563e+00,1.374610321879586039e-01,-7.899433967501696685e-01,7.974650108793964742e-01,-5.307921757322140279e-04,4.677582743437717970e-04
1.033333333333333437e+00,1.374610321879586039e-01,-7.899456083894335068e-01,7.974669598677571747e-01,-5.307934233144526084e-04,4.677572065780258585e-04
1.037500000000000089e+00,1.374610321879586039e-01,-7.899478200338957423e-01,7.974689088516689894e-01,-5.307946709264321555e-04,4.677561388340006638e-04
1.041666666666666741e+00,1.374610321879586039e-01,-7.899500316835564862e-01,7.974708578311319185e-01,-5.307959185682080720e-04,4.677550711117425082e-04
1.045833333333333393e+00,1.374610321879586039e-01,-7.899522433384158493e-01,7.974728068061461839e-01,-5.307971662396377853e-04,4.677540034111350568e-04
1.050000000000000044e+00,1.374610321879586039e-01,-7.899544549984739428e-01,7.974747557767117856e-01,-5.307984139408590974e-04,4.677529357322933435e-04
1.054166666666666696e+00,1.374610321879586039e-01,-7.899566666637308776e-01,7.974767047428287237e-01,-5.307996616718810073e-04,4.677518680752175851e-04
1.058333333333333348e+00,1.374610321879586039e-01,-7.899588783341868758e-01,7.974786537044972201e-01,-5.308009094325858790e-04,4.677508004398145403e-04
1.062500000000000000e+00,1.374610321879586039e-01,-7.899610900098419375e-01,7.974806026617172749e-01,-5.308021572231111894e-04,4.677497328261996765e-04
1.066666666666666652e+00,1.374610321879586039e-01,-7.899633016906962846e-01,7.974825516144891102e-01,-5.308034050432936576e-04,4.677486652342331859e-04
1.070833333333333304e+00,1.374610321879586039e-01,-7.899655133767500281e-01,7.974845005628127259e-01,-5.308046528932690257e-04,4.677475976640312408e-04
1.074999999999999956e+00,1.374610321879586039e-01,-7.899677250680032792e-01,7.974864495066882331e-01,-5.308059007729821078e-04,4.677465301155460278e-04
1.079166666666666607e+00,1.374610321879586039e-01,-7.899699367644561487e-01,7.974883984461156317e-01,-5.308071486824910172e-04,4.677454625888242761e-04
1.083333333333333259e+00,1.374610321879586039e-01,-7.899721484661087478e-01,7.974903473810951438e-01,-5.308083966216546991e-04,4.677443950837496508e-04
1.087499999999999911e+00,1.374610321879586039e-01,-7.899743601729611875e-01,7.974922963116267693e-01,-5.308096445906119315e-04,4.677433276004372398e-04
1.091666666666666563e+00,1.374610321879586039e-01,-7.899765718850136897e-01,7.974942452377107305e-01,-5.308108925893647743e-04,4.677422601388874770e-04
1.095833333333333437e+00,1.374610321879586039e-01,-7.899787836022662546e-01,7.974961941593470272e-01,-5.308121406177989526e-04,4.677411926990065788e-04
1.100000000000000089e+00,1.374610321879586039e-01,-7.899809953247191041e-01,7.974981430765356594e-01,-5.308133886760554128e-04,4.677401252809096333e-04
1.104166666666666741e+00,1.374610321879586039e-01,-7.899832070523722383e-01,7.975000919892768492e-01,-5.308146367639643686e-04,4.677390578844582963e-04
1.108333333333333393e+00,1.374610321879586039e-01,-7.899854187852258791e-01,7.975020408975705966e-01,-5.308158848816701275e-04,4.677379905097668426e-04
1.112500000000000044e+00,1.374610321879586039e-01,-7.899876305232801377e-01,7.975039898014171236e-01,-5.308171330291113236e-04,4.677369231567896275e-04
1.116666666666666696e+00,1.374610321879586039e-01,-7.899898422665351250e-01,7.975059387008164302e-01,-5.308183812063188567e-04,4.677358558255487143e-04
1.120833333333333348e+00,1.374610321879586039e-01,-7.899920540149910630e-01,7.975078875957686275e-01,-5.308196294132626943e-04,4.677347885160202507e-04
1.125000000000000000e+00,1.374610321879586039e-01,-7.899942657686479519e-01,7.975098364862737155e-01,-5.308208776499743868e-04,4.677337212282277638e-04
1.129166666666666652e+00,1.374610321879586039e-01,-7.899964775275059026e-01,7.975117853723319161e-01,-5.308221259165047832e-04,4.677326539622167901e-04
1.133333333333333304e+00,1.374610321879586039e-01,-7.899986892915651371e-01,7.975137342539432295e-01,-5.308233742126630640e-04,4.677315867178251873e-04
1.137499999999999956e+00,1.374610321879586039e-01,-7.900009010608257665e-01,7.975156831311077665e-01,-5.308246225386437350e-04,4.677305194952139592e-04
1.141666666666666607e+00,1.374610321879586039e-01,-7.900031128352877907e-01,7.975176320038256383e-01,-5.308258708944140532e-04,4.677294522943597956e-04
1.145833333333333259e+00,1.374610321879586039e-01,-7.900053246149514319e-01,7.975195808720969559e-01,-5.308271192798379515e-04,4.677283851151470121e-04
1.149999999999999911e+00,1.374610321879586039e-01,-7.900075363998168010e-01,7.975215297359218303e-01,-5.308283676950278614e-04,4.677273179576673864e-04
1.154166666666666563e+00,1.374610321879586039e-01,-7.900097481898840091e-01,7.975234785953002614e-01,-5.308296161400090449e-04,4.677262508219434158e-04
1.158333333333333437e+00,1.374610321879586039e-01,-7.900119599851532781e-01,7.975254274502323604e-01,-5.308308646147287015e-04,4.677251837079291299e-04
1.162500000000000089e+00,1.374610321879586039e-01,-7.900141717856246082e-01,7.975273763007182382e-01,-5.308321131191829278e-04,4.677241166156234447e-04
1.166666666666666741e+00,1.374610321879586039e-01,-7.900163835912981103e-01,7.975293251467580058e-01,-5.308333616534046838e-04,4.677230495450490199e-04
1.170833333333333393e+00,1.374610321879586039e-01,-7.900185954021740065e-01,7.975312739883517743e-01,-5.308346102173887651e-04,4.677219824962063435e-04
1.175000000000000044e+00,1.374610321879586039e-01,-7.900208072182524077e-01,7.975332228254995437e-01,-5.308358588111379908e-04,4.677209154690944396e-04
1.179166666666666696e+00,1.374610321879586039e-01,-7.900230190395334251e-01,7.975351716582014250e-01,-5.308371074346218948e-04,4.677198484636891848e-04
1.183333333333333348e+00,1.374610321879586039e-01,-7.900252308660171696e-01,7.975371204864576402e-01,-5.308383560877888690e-04,4.677187814799450426e-04
1.187500000000000000e+00,1.374610321879586039e-01,-7.900274426977037523e-01,7.975390693102680784e-01,-5.308396047709129997e-04,4.677177145180920264e-04
1.191666666666666652e+00,1.374610321879586039e-01,-7.900296545345932842e-01,7.975410181296329615e-01,-5.308408534836353077e-04,4.677166475778294871e-04
1.195833333333333304e+00,1.374610321879586039e-01,-7.900318663766858762e-01,7.975429669445524006e-01,-5.308421022260625868e-04,4.677155806592498528e-04
1.199999999999999956e+00,1.374610321879586039e-01,-7.900340782239817505e-01,7.975449157550263957e-01,-5.308433509983395780e-04,4.677145137624675068e-04
1.204166666666666607e+00,1.374610321879586039e-01,-7.900362900764809071e-01,7.975468645610550578e-01,-5.308445998003538495e-04,4.677134468873898583e-04
1.208333333333333259e+00,1.374610321879586039e-01,-7.900385019341835680e-01,7.975488133626384979e-01,-5.308458486320753690e-04,4.677123800339937597e-04
1.212499999999999911e+00,1.374610321879586039e-01,-7.900407137970898441e-01,7.975507621597768271e-01,-5.308470974936422638e-04,4.677113132023942989e-04
1.216666666666666563e+00,1.374610321879586039e-01,-7.900429256651997356e-01,7.975527109524701563e-01,-5.308483463849750618e-04,4.677102463925207317e-04
1.220833333333333437e+00,1.374610321879586039e-01,-7.900451375385134645e-01,7.975546597407184857e-01,-5.308495953059545009e-04,4.677091796042821478e-04
1.225000000000000089e+00,1.374610321879586039e-01,-7.900473494170312527e-01,7.975566085245219261e-01,-5.308508442567010360e-04,4.677081128377690781e-04
1.229166666666666741e+00,1.374610321879586039e-01,-7.900495613007531004e-01,7.975585573038806997e-01,-5.308520932372391699e-04,4.677070460930042367e-04
1.233333333333333393e+00,1.374610321879586039e-01,-7.900517731896791185e-01,7.975605060787946954e-01,-5.308533422475377860e-04,4.677059793699649094e-04
1.237500000000000044e+00,1.374610321879586039e-01,-7.900539850838095290e-01,7.975624548492641352e-01,-5.308545912876558651e-04,4.677049126686961449e-04
1.241666666666666696e+00,1.374610321879586039e-01,-7.900561969831443321e-01,7.975644036152891303e-01,-5.308558403573979253e-04,4.677038459890365597e-04
1.245833333333333348e+00,1.374610321879586039e-01,-7.900584088876837496e-01,7.975663523768696805e-01,-5.308570894570140922e-04,4.677027793311930737e-04
1.250000000000000000e+00,1.374610321879586039e-01,-7.900606207974278927e-01,7.975683011340058970e-01,-5.308583385863936688e-04,4.677017126950724999e-04
1.254166666666666652e+00,1.374610321879586039e-01,-7.900628327123768724e-01,7.975702498866978907e-01,-5.308595877453923476e-04,4.677006460805600754e-04
1.258333333333333304e+00,1.374610321879586039e-01,-7.900650446325307996e-01,7.975721986349457726e-01,-5.308608369342129830e-04,4.676995794878169126e-04
1.262499999999999956e+00,1.374610321879586039e-01,-7.900672565578897855e-01,7.975741473787495428e-01,-5.308620861528514550e-04,4.676985129168414394e-04
1.266666666666666607e+00,1.374610321879586039e-01,-7.900694684884539409e-01,7.975760961181094233e-01,-5.308633354012244968e-04,4.676974463675651885e-04
1.270833333333333259e+00,1.374610321879586039e-01,-7.900716804242234881e-01,7.975780448530254141e-01,-5.308645846793320000e-04,4.676963798399870757e-04
1.274999999999999911e+00,1.374610321879586039e-01,-7.900738923651984269e-01,7.975799935834976262e-01,-5.308658339871419806e-04,4.676953133340837907e-04
1.279166666666666563e+00,1.374610321879586039e-01,-7.900761043113789794e-01,7.975819423095261707e-01,-5.308670833247443191e-04,4.676942468499243428e-04
1.283333333333333437e+00,1.374610321879586039e-01,-7.900783162627651457e-01,7.975838910311111585e-01,-5.308683326921930087e-04,4.676931803875545397e-04
1.287500000000000089e+00,1.374610321879586039e-01,-7.900805282193571477e-01,7.975858397482525897e-01,-5.308695820894035900e-04,4.676921139469039624e-04
1.291666666666666741e+00,1.374610321879586039e-01,-7.900827401811550965e-01,7.975877884609505752e-01,-5.308708315162914953e-04,4.676910475279043061e-04
1.295833333333333393e+00,1.374610321879586039e-01,-7.900849521481591031e-01,7.975897371692053373e-01,-5.308720809728850222e-04,4.676899811305769298e-04
1.300000000000000044e+00,1.374610321879586039e-01,-7.900871641203693896e-01,7.975916858730167647e-01,-5.308733304593237076e-04,4.676889147550382223e-04
1.304166666666666696e+00,1.374610321879586039e-01,-7.900893760977859559e-01,7.975936345723850796e-01,-5.308745799755507392e-04,4.676878484012402079e-04
1.308333333333333348e+00,1.374610321879586039e-01,-7.900915880804089131e-01,7.975955832673103929e-01,-5.308758295214858862e-04,4.676867820691138228e-04
1.312500000000000000e+00,1.374610321879586039e-01,-7.900938000682384832e-01,7.975975319577927047e-01,-5.308770790971516999e-04,4.676857157586818896e-04
1.316666666666666652e+00,1.374610321879586039e-01,-7.900960120612747772e-01,7.975994806438321261e-01,-5.308783287026353501e-04,4.676846494700128754e-04
1.320833333333333304e+00,1.374610321879586039e-01,-7.900982240595179062e-01,7.976014293254287679e-01,-5.308795783379912639e-04,4.676835832031529133e-04
1.324999999999999956e+00,1.374610321879586039e-01,-7.901004360629678702e-01,7.976033780025827413e-01,-5.308808280029129372e-04,4.676825169578477034e-04
1.329166666666666607e+00,1.374610321879586039e-01,-7.901026480716248912e-01,7.976053266752941573e-01,-5.308820776976787932e-04,4.676814507343275305e-04
1.333333333333333259e+00,1.374610321879586039e-01,-7.901048600854891912e-01,7.976072753435630158e-01,-5.308833274221502708e-04,4.676803845324763848e-04
1.337499999999999911e+00,1.374610321879586039e-01,-7.901070721045607703e-01,7.976092240073895390e-01,-5.308845771764678827e-04,4.676793183524095170e-04
1.341666666666666563e+00,1.374610321879586039e-01,-7.901092841288397395e-01,7.976111726667737267e-01,-5.308858269605155108e-04,4.676782521940341737e-04
1.345833333333333437e+00,1.374610321879586039e-01,-7.901114961583263208e-01,7.976131213217155791e-01,-5.308870767743242717e-04,4.676771860573728521e-04
1.350000000000000089e+00,1.374610321879586039e-01,-7.901137081930205142e-01,7.976150699722153181e-01,-5.308883266177520264e-04,4.676761199423099761e-04
1.354166666666666741e+00,1.374610321879586039e-01,-7.901159202329225417e-01,7.976170186182730548e-01,-5.308895764912229150e-04,4.676750538491914605e-04
1.358333333333333393e+00,1.374610321879586039e-01,-7.901181322780325145e-01,7.976189672598887892e-01,-5.308908263942282296e-04,4.676739877776010801e-04
1.362500000000000044e+00,1.374610321879586039e-01,-7.901203443283505434e-01,7.976209158970626323e-01,-5.308920763271054825e-04,4.676729217278155775e-04
1.366666666666666696e+00,1.374610321879586039e-01,-7.901225563838767396e-01,7.976228645297946951e-01,-5.308933262896874897e-04,4.676718556996960121e-04
1.370833333333333348e+00,1.374610321879586039e-01,-7.901247684446112141e-01,7.976248131580850886e-01,-5.308945762821951032e-04,4.676707896934265900e-04
1.375000000000000000e+00,1.374610321879586039e-01,-7.901269805105541888e-01,7.976267617819339240e-01,-5.308958263042682594e-04,4.676697237087068786e-04
1.379166666666666652e+00,1.374610321879586039e-01,-7.901291925817056638e-01,7.976287104013412010e-01,-5.308970763562110770e-04,4.676686577457907440e-04
1.383333333333333304e+00,1.374610321879586039e-01,-7.901314046580658612e-01,7.976306590163070309e-01,-5.308983264378893318e-04,4.676675918045618513e-04
1.387499999999999956e+00,1.374610321879586039e-01,-7.901336167396347809e-01,7.976326076268315246e-01,-5.308995765492401401e-04,4.676665258849739049e-04
1.391666666666666607e+00,1.374610321879586039e-01,-7.901358288264126450e-01,7.976345562329147931e-01,-5.309008266905215420e-04,4.676654599872341503e-04
1.395833333333333259e+00,1.374610321879586039e-01,-7.901380409183995646e-01,7.976365048345569475e-01,-5.309020768613891949e-04,4.676643941110649231e-04
1.399999999999999911e+00,1.374610321879586039e-01,-7.901402530155956505e-01,7.976384534317579877e-01,-5.309033270622430609e-04,4.676633282567895867e-04
1.404166666666666563e+00,1.374610321879586039e-01,-7.901424651180010139e-01,7.976404020245181359e-01,-5.309045772927447606e-04,4.676622624241305311e-04
1.408333333333333437e+00,1.374610321879586039e-01,-7.901446772256157658e-01,7.976423506128373919e-01,-5.309058275529481789e-04,4.676611966131329133e-04
1.412500000000000089e+00,1.374610321879586039e-01,-7.901468893384401282e-01,7.976442991967158669e-01,-5.309070778430213669e-04,4.676601308239357823e-04
1.416666666666666741e+00,1.374610321879586039e-01,-7.901491014564741011e-01,7.976462477761535608e-01,-5.309083281628000682e-04,4.676590650563996554e-04
1.420833333333333393e+00,1.374610321879586039e-01,-7.901513135797179066e-01,7.976481963511506956e-01,-5.309095785123642969e-04,4.676579993105934338e-04
1.425000000000000044e+00,1.374610321879586039e-01,-7.901535257081716557e-01,7.976501449217072715e-01,-5.309108288916867310e-04,4.676569335864935359e-04
1.429166666666666696e+00,1.374610321879586039e-01,-7.901557378418354594e-01,7.976520934878235103e-01,-5.309120793007674789e-04,4.676558678840996366e-04
1.433333333333333348e+00,1.374610321879586039e-01,-7.901579499807094287e-01,7.976540420494994121e-01,-5.309133297395785683e-04,4.676548022033884798e-04
1.437500000000000000e+00,1.374610321879586039e-01,-7.901601621247936746e-01,7.976559906067349770e-01,-5.309145802082876169e-04,4.676537365444978674e-04
1.441666666666666652e+00,1.374610321879586039e-01,-7.901623742740883083e-01,7.976579391595304269e-01,-5.309158307066440654e-04,4.676526709072199037e-04
1.445833333333333304e+00,1.374610321879586039e-01,-7.901645864285934406e-01,7.976598877078857619e-01,-5.309170812348413355e-04,4.676516052917155928e-04
1.449999999999999956e+00,1.374610321879586039e-01,-7.901667985883092937e-01,7.976618362518012040e-01,-5.309183317927969195e-04,4.676505396979154915e-04
1.454166666666666607e+00,1.374610321879586039e-01,-7.901690107532358676e-01,7.976637847912767532e-01,-5.309195823804839292e-04,4.676494741257958558e-04
1.458333333333333259e+00,1.374610321879586039e-01,-7.901712229233733842e-01,7.976657333263125205e-01,-5.309208329980121942e-04,4.676484085754487887e-04
1.462499999999999911e+00,1.374610321879586039e-01,-7.901734350987219546e-01,7.976676818569085059e-01,-5.309220836452117117e-04,4.676473430467350243e-04
1.466666666666666563e+00,1.374610321879586039e-01,-7.901756472792815789e-01,7.976696303830649315e-01,-5.309233343222016354e-04,4.676462775397468284e-04
1.470833333333333437e+00,1.374610321879586039e-01,-7.901778594650524790e-01,7.976715789047817973e-01,-5.309245850289441267e-04,4.676452120544608362e-04
1.475000000000000089e+00,1.374610321879586039e-01,-7.901800716560348770e-01,7.976735274220592142e-01,-5.309258357654180437e-04,4.676441465908530871e-04
1.479166666666666741e+00,1.374610321879586039e-01,-7.901822838522287729e-01,7.976754759348972934e-01,-5.309270865318448888e-04,4.676430811491081121e-04
1.483333333333333393e+00,1.374610321879586039e-01,-7.901844960536342777e-01,7.976774244432961458e-01,-5.309283373280043522e-04,4.676420157290413801e-04
1.487500000000000044e+00,1.374610321879586039e-01,-7.901867082602516135e-01,7.976793729472558825e-01,-5.309295881538067703e-04,4.676409503305823637e-04
1.491666666666666696e+00,1.374610321879586039e-01,-7.901889204720807802e-01,7.976813214467765034e-01,-5.309308390094759226e-04,4.676398849539153773e-04
1.495833333333333348e+00,1.374610321879586039e-01,-7.901911326891220000e-01,7.976832699418581196e-01,-5.309320898948227240e-04,4.676388195988788747e-04
1.500000000000000000e+00,1.374610321879586039e-01,-7.901933449113753838e-01,7.976852184325008421e-01,-5.309333408099766284e-04,4.676377542655880525e-04
1.504166666666666652e+00,1.374610321879586039e-01,-7.901955571388410426e-01,7.976871669187047820e-01,-5.309345917549199633e-04,4.676366889540188956e-04
1.508333333333333304e+00,1.374610321879586039e-01,-7.901977693715190876e-01,7.976891154004700502e-01,-5.309358427295911460e-04,4.676356236641246748e-04
1.512499999999999956e+00,1.374610321879586039e-01,-7.901999816094096296e-01,7.976910638777966467e-01,-5.309370937341280870e-04,4.676345583960212372e-04
1.516666666666666607e+00,1.374610321879586039e-01,-7.902021938525127798e-01,7.976930123506847936e-01,-5.309383447683400752e-04,4.676334931495459524e-04
1.520833333333333259e+00,1.374610321879586039e-01,-7.902044061008287601e-01,7.976949608191344909e-01,-5.309395958323653462e-04,4.676324279248139084e-04
1.524999999999999911e+00,1.374610321879586039e-01,-7.902066183543575706e-01,7.976969092831458497e-01,-5.309408469261705068e-04,4.676313627218019035e-04
1.529166666666666563e+00,1.374610321879586039e-01,-7.902088306130994333e-01,7.976988577427189808e-01,-5.309420980497652062e-04,4.676302975405087449e-04
1.533333333333333437e+00,1.374610321879586039e-01,-7.902110428770544592e-01,7.977008061978538844e-01,-5.309433492030576126e-04,4.676292323808662363e-04
1.537500000000000089e+00,1.374610321879586039e-01,-7.902132551462227594e-01,7.977027546485507825e-01,-5.309446003861627598e-04,4.676281672429647459e-04
1.541666666666666741e+00,1.374610321879586039e-01,-7.902154674206044449e-01,7.977047030948096751e-01,-5.309458515991073192e-04,4.676271021268278553e-04
1.545833333333333393e+00,1.374610321879586039e-01,-7.902176797001996267e-01,7.977066515366306731e-01,-5.309471028417234563e-04,4.676260370323164070e-04
1.550000000000000044e+00,1.374610321879586039e-01,-7.902198919850084158e-01,7.977085999740138877e-01,-5.309483541142067612e-04,4.676249719595918929e-04
1.554166666666666696e+00,1.374610321879586039e-01,-7.902221042750310342e-01,7.977105484069593189e-01,-5.309496054164189981e-04,4.676239069085378155e-04
1.558333333333333348e+00,1.374610321879586039e-01,-7.902243165702674821e-01,7.977124968354671886e-01,-5.309508567483579985e-04,4.676228418791543375e-04
1.562500000000000000e+00,1.374610321879586039e-01,-7.902265288707179813e-01,7.977144452595374968e-01,-5.309521081101360859e-04,4.676217768715331823e-04
1.566666666666666652e+00,1.374610321879586039e-01,-7.902287411763825320e-01,7.977163936791703547e-01,-5.309533595016993754e-04,4.676207118856279461e-04
1.570833333333333304e+00,1.374610321879586039e-01,-7.902309534872613561e-01,7.977183420943658732e-01,-5.309546109229576613e-04,4.676196469213684810e-04
1.574999999999999956e+00,1.374610321879586039e-01,-7.902331658033545647e-01,7.977202905051241633e-01,-5.309558623740035345e-04,4.676185819788243386e-04
1.579166666666666607e+00,1.374610321879586039e-01,-7.902353781246622688e-01,7.977222389114452250e-01,-5.309571138548304899e-04,4.676175170579944889e-04
1.583333333333333259e+00,1.374610321879586039e-01,-7.902375904511845794e-01,7.977241873133291694e-01,-5.309583653654689935e-04,4.676164521589018085e-04
1.587499999999999911e+00,1.374610321879586039e-01,-7.902398027829217186e-01,7.977261357107762185e-01,-5.309596169058621246e-04,4.676153872815003274e-04
1.591666666666666563e+00,1.374610321879586039e-01,-7.902420151198736864e-01,7.977280841037863723e-01,-5.309608684761225319e-04,4.676143224258811726e-04
1.595833333333333437e+00,1.374610321879586039e-01,-7.902442274620407048e-01,7.977300324923596309e-01,-5.309621200760511559e-04,4.676132575918820933e-04
1.600000000000000089e+00,1.374610321879586039e-01,-7.902464398094227738e-01,7.977319808764962161e-01,-5.309633717057378769e-04,4.676121927795731290e-04
1.604166666666666741e+00,1.374610321879586039e-01,-7.902486521620201154e-01,7.977339292561961281e-01,-5.309646233652056801e-04,4.676111279889760722e-04
1.608333333333333393e+00,1.374610321879586039e-01,-7.902508645198328407e-01,7.977358776314595890e-01,-5.309658750546528659e-04,4.676100632202527941e-04
1.612500000000000044e+00,1.374610321879586039e-01,-7.902530768828610608e-01,7.977378260022865986e-01,-5.309671267736284063e-04,4.676089984730323894e-04
1.616666666666666696e+00,1.374610321879586039e-01,-7.902552892511048865e-01,7.977397743686772680e-01,-5.309683785224700303e-04,4.676079337475920884e-04
1.620833333333333348e+00,1.374610321879586039e-01,-7.902575016245644290e-01,7.977417227306315972e-01,-5.309696303011243951e-04,4.676068690438860836e-04
1.625000000000000000e+00,1.374610321879586039e-01,-7.902597140032399103e-01,7.977436710881498083e-01,-5.309708821094736480e-04,4.676058043618202121e-04
1.629166666666666652e+00,1.374610321879586039e-01,-7.902619263871313304e-01,7.977456194412319013e-01,-5.309721339476894180e-04,4.676047397015334686e-04
1.633333333333333304e+00,1.374610321879586039e-01,-7.902641387762389114e-01,7.977475677898779871e-01,-5.309733858156303254e-04,4.676036750629103313e-04
1.637499999999999956e+00,1.374610321879586039e-01,-7.902663511705627641e-01,7.977495161340881769e-01,-5.309746377134395932e-04,4.676026104460649668e-04
1.641666666666666607e+00,1.374610321879586039e-01,-7.902685635701028888e-01,7.977514644738625815e-01,-5.309758896408341361e-04,4.676015458507663857e-04
1.645833333333333259e+00,1.374610321879586039e-01,-7.902707759748595073e-01,7.977534128092012011e-01,-5.309771415981189404e-04,4.676004812772684540e-04
1.649999999999999911e+00,1.374610321879586039e-01,-7.902729883848327308e-01,7.977553611401042577e-01,-5.309783935851893804e-04,4.675994167254781471e-04
1.654166666666666563e+00,1.374610321879586039e-01,-7.902752008000227812e-01,7.977573094665717512e-01,-5.309796456020676823e-04,4.675983521954181791e-04
1.658333333333333437e+00,1.374610321879586039e-01,-7.902774132204296587e-01,7.977592577886037928e-01,-5.309808976486433659e-04,4.675972876869958507e-04
1.662500000000000089e+00,1.374610321879586039e-01,-7.902796256460534741e-01,7.977612061062004933e-01,-5.309821497250828562e-04,4.675962232003489641e-04
1.666666666666666741e+00,1.374610321879586039e-01,-7.902818380768944495e-01,7.977631544193618529e-01,-5.309834018312486765e-04,4.675951587353623226e-04
1.670833333333333393e+00,1.374610321879586039e-01,-7.902840505129526960e-01,7.977651027280880935e-01,-5.309846539671943862e-04,4.675940942920812460e-04
1.675000000000000044e+00,1.374610321879586039e-01,-7.902862629542282136e-01,7.977670510323792152e-01,-5.309859061329210697e-04,4.675930298705052463e-04
1.679166666666666696e+00,1.374610321879586039e-01,-7.902884754007212242e-01,7.977689993322353290e-01,-5.309871583284860811e-04,4.675919654706805107e-04
1.683333333333333348e+00,1.374610321879586039e-01,-7.902906878524318390e-01,7.977709476276565459e-01,-5.309884105537454385e-04,4.675909010924903246e-04
1.687500000000000000e+00,1.374610321879586039e-01,-7.902929003093601690e-01,7.977728959186429769e-01,-5.309896628088426902e-04,4.675898367360511857e-04
1.691666666666666652e+00,1.374610321879586039e-01,-7.902951127715064361e-01,7.977748442051946220e-01,-5.309909150937489964e-04,4.675887724013383742e-04
1.695833333333333304e+00,1.374610321879586039e-01,-7.902973252388706404e-01,7.977767924873117034e-01,-5.309921674083774041e-04,4.675877080882825552e-04
1.699999999999999956e+00,1.374610321879586039e-01,-7.902995377114528930e-01,7.977787407649942208e-01,-5.309934197528143243e-04,4.675866437969526841e-04
1.704166666666666607e+00,1.374610321879586039e-01,-7.903017501892534158e-01,7.977806890382422855e-01,-5.309946721270085825e-04,4.675855795273020318e-04
1.708333333333333259e+00,1.374610321879586039e-01,-7.903039626722723199e-01,7.977826373070558974e-01,-5.309959245309761166e-04,4.675845152793533122e-04
1.712499999999999911e+00,1.374610321879586039e-01,-7.903061751605097163e-01,7.977845855714352785e-01,-5.309971769647808945e-04,4.675834510531525498e-04
1.716666666666666563e+00,1.374610321879586039e-01,-7.903083876539657160e-01,7.977865338313804289e-01,-5.309984294283402999e-04,4.675823868486298136e-04
1.720833333333333437e+00,1.374610321879586039e-01,-7.903106001526404301e-01,7.977884820868915705e-01,-5.309996819216782939e-04,4.675813226658076549e-04
1.725000000000000089e+00,1.374610321879586039e-01,-7.903128126565339695e-01,7.977904303379687034e-01,-5.310009344446848297e-04,4.675802585045938081e-04
1.729166666666666741e+00,1.374610321879586039e-01,-7.903150251656464453e-01,7.977923785846119387e-01,-5.310021869976939502e-04,4.675791943652645279e-04
1.733333333333333393e+00,1.374610321879586039e-01,-7.903172376799780796e-01,7.977943268268212762e-01,-5.310034395803140414e-04,4.675781302474964511e-04
1.737500000000000044e+00,1.374610321879586039e-01,-7.903194501995288723e-01,7.977962750645969381e-01,-5.310046921927980479e-04,4.675770661514965518e-04
1.741666666666666696e+00,1.374610321879586039e-01,-7.903216627242990455e-01,7.977982232979389243e-01,-5.310059448350618353e-04,4.675760020771953869e-04
1.745833333333333348e+00,1.374610321879586039e-01,-7.903238752542887102e-01,7.978001715268473459e-01,-5.310071975071049702e-04,4.675749380245929564e-04
1.750000000000000000e+00,1.374610321879586039e-01,-7.903260877894978664e-01,7.978021197513223139e-01,-5.310084502088996969e-04,4.675738739936648658e-04
1.754166666666666652e+00,1.374610321879586039e-01,-7.903283003299267362e-01,7.978040679713639394e-01,-5.310097029405548693e-04,4.675728099845036516e-04
1.758333333333333304e+00,1.374610321879586039e-01,-7.903305128755755415e-01,7.978060161869722222e-01,-5.310109557019635851e-04,4.675717459970170483e-04
1.762499999999999956e+00,1.374610321879586039e-01,-7.903327254264442825e-01,7.978079643981473845e-01,-5.310122084930664300e-04,4.675706820311574053e-04
1.766666666666666607e+00,1.374610321879586039e-01,-7.903349379825330701e-01,7.978099126048894263e-01,-5.310134613140323227e-04,4.675696180870631750e-04
1.770833333333333259e+00,1.374610321879586039e-01,-7.903371505438421263e-01,7.978118608071984585e-01,-5.310147141648867419e-04,4.675685541647575595e-04
1.774999999999999911e+00,1.374610321879586039e-01,-7.903393631103714512e-01,7.978138090050745923e-01,-5.310159670453238343e-04,4.675674902639860423e-04
1.779166666666666563e+00,1.374610321879586039e-01,-7.903415756821212668e-01,7.978157571985178276e-01,-5.310172199556831719e-04,4.675664263850246071e-04
1.783333333333333437e+00,1.374610321879586039e-01,-7.903437882590916841e-01,7.978177053875283864e-01,-5.310184728957336028e-04,4.675653625276888310e-04
1.787500000000000089e+00,1.374610321879586039e-01,-7.903460008412828142e-01,7.978196535721062688e-01,-5.310197258657025927e-04,4.675642986921624863e-04
1.791666666666666741e+00,1.374610321879586039e-01,-7.903482134286947680e-01,7.978216017522515857e-01,-5.310209788653116100e-04,4.675632348782153428e-04
1.795833333333333393e+00,1.374610321879586039e-01,-7.903504260213276567e-01,7.978235499279644483e-01,-5.310222318948376683e-04,4.675621710860761670e-04
1.800000000000000044e+00,1.374610321879586039e-01,-7.903526386191815911e-01,7.978254980992449674e-01,-5.310234849541118490e-04,4.675611073156075363e-04
1.804166666666666696e+00,1.374610321879586039e-01,-7.903548512222567934e-01,7.978274462660931432e-01,-5.310247380431091071e-04,4.675600435667851104e-04
1.808333333333333348e+00,1.374610321879586039e-01,-7.903570638305532636e-01,7.978293944285090866e-01,-5.310259911618836525e-04,4.675589798396553474e-04
1.812500000000000000e+00,1.374610321879586039e-01,-7.903592764440712237e-01,7.978313425864930197e-01,-5.310272443105208120e-04,4.675579161342863352e-04
1.816666666666666652e+00,1.374610321879586039e-01,-7.903614890628107847e-01,7.978332907400449425e-01,-5.310284974889335242e-04,4.675568524506090642e-04
1.820833333333333304e+00,1.374610321879586039e-01,-7.903637016867720577e-01,7.978352388891648550e-01,-5.310297506971262344e-04,4.675557887886225045e-04
1.824999999999999956e+00,1.374610321879586039e-01,-7.903659143159551537e-01,7.978371870338529792e-01,-5.310310039350410460e-04,4.675547251482808486e-04
1.829166666666666607e+00,1.374610321879586039e-01,-7.903681269503601836e-01,7.978391351741093152e-01,-5.310322572028988112e-04,4.675536615297675976e-04
1.833333333333333259e+00,1.374610321879586039e-01,-7.903703395899872586e-01,7.978410833099340849e-01,-5.310335105003677640e-04,4.675525979328057921e-04
1.837499999999999911e+00,1.374610321879586039e-01,-7.903725522348364896e-01,7.978430314413272884e-01,-5.310347638277231833e-04,4.675515343576253915e-04
1.841666666666666563e+00,1.374610321879586039e-01,-7.903747648849080987e-01,7.978449795682889256e-01,-5.310360171848576248e-04,4.675504708041344011e-04
1.845833333333333437e+00,1.374610321879586039e-01,-7.903769775402021969e-01,7.978469276908192187e-01,-5.310372705718516446e-04,4.675494072724012884e-04
1.850000000000000089e+00,1.374610321879586039e-01,-7.903791902007187842e-01,7.978488758089182786e-01,-5.310385239885104117e-04,4.675483437622636397e-04
1.854166666666666741e+00,1.374610321879586039e-01,-7.903814028664580826e-01,7.978508239225861054e-01,-5.310397774349760649e-04,4.675472802738374106e-04
1.858333333333333393e+00,1.374610321879586039e-01,-7.903836155374202033e-01,7.978527720318228100e-01,-5.310410309113297025e-04,4.675462168071908516e-04
1.862500000000000044e+00,1.374610321879586039e-01,-7.903858282136052571e-01,7.978547201366285035e-01,-5.310422844173739998e-04,4.675451533621618203e-04
1.866666666666666696e+00,1.374610321879586039e-01,-7.903880408950133551e-01,7.978566682370032970e-01,-5.310435379533073657e-04,4.675440899389120253e-04
1.870833333333333348e+00,1.374610321879586039e-01,-7.903902535816447195e-01,7.978586163329471903e-01,-5.310447915189064547e-04,4.675430265372554719e-04
1.875000000000000000e+00,1.374610321879586039e-01,-7.903924662734993500e-01,7.978605644244602946e-01,-5.310460451143075508e-04,4.675419631573080070e-04
1.879166666666666652e+00,1.374610321879586039e-01,-7.903946789705774689e-01,7.978625125115428318e-01,-5.310472987396264470e-04,4.675408997991614083e-04
1.883333333333333304e+00,1.374610321879586039e-01,-7.903968916728790761e-01,7.978644605941948020e-01,-5.310485523947205706e-04,4.675398364627001541e-04
1.887499999999999956e+00,1.374610321879586039e-01,-7.903991043804043937e-01,7.978664086724162052e-01,-5.310498060795071969e-04,4.675387731478535002e-04
1.891666666666666607e+00,1.374610321879586039e-01,-7.904013170931535326e-01,7.978683567462072634e-01,-5.310510597940699181e-04,4.675377098546914319e-04
1.895833333333333259e+00,1.374610321879586039e-01,-7.904035298111266039e-01,7.978703048155679767e-01,-5.310523135384356223e-04,4.675366465832361752e-04
1.899999999999999911e+00,1.374610321879586039e-01,-7.904057425343237187e-01,7.978722528804985670e-01,-5.310535673127181507e-04,4.675355833335796164e-04
1.904166666666666563e+00,1.374610321879586039e-01,-7.904079552627449878e-01,7.978742009409990343e-01,-5.310548211167189859e-04,4.675345201055598841e-04
1.908333333333333437e+00,1.374610321879586039e-01,-7.904101679963906335e-01,7.978761489970694898e-01,-5.310560749504393205e-04,4.675334568991761650e-04
1.912500000000000089e+00,1.374610321879586039e-01,-7.904123807352606557e-01,7.978780970487099333e-01,-5.310573288141039097e-04,4.675323937146136409e-04
1.916666666666666741e+00,1.374610321879586039e-01,-7.904145934793552764e-01,7.978800450959205870e-01,-5.310585827074310776e-04,4.675313305516401300e-04
1.920833333333333393e+00,1.374610321879586039e-01,-7.904168062286746066e-01,7.978819931387014508e-01,-5.310598366305328225e-04,4.675302674103479520e-04
1.925000000000000044e+00,1.374610321879586039e-01,-7.904190189832187574e-01,7.978839411770526358e-01,-5.310610905835519337e-04,4.675292042908520867e-04
1.929166666666666696e+00,1.374610321879586039e-01,-7.904212317429877288e-01,7.978858892109742529e-01,-5.310623445663708838e-04,4.675281411930598346e-04
1.933333333333333348e+00,1.374610321879586039e-01,-7.904234445079818538e-01,7.978878372404664132e-01,-5.310635985788545810e-04,4.675270781168553488e-04
1.937500000000000000e+00,1.374610321879586039e-01,-7.904256572782011325e-01,7.978897852655292278e-01,-5.310648526212506573e-04,4.675260150624458745e-04
1.941666666666666652e+00,1.374610321879586039e-01,-7.904278700536456759e-01,7.978917332861626965e-01,-5.310661066933404289e-04,4.675249520296466095e-04
1.945833333333333304e+00,1.374610321879586039e-01,-7.904300828343157059e-01,7.978936813023669306e-01,-5.310673607952884779e-04,4.675238890185953559e-04
1.949999999999999956e+00,1.374610321879586039e-01,-7.904322956202112227e-01,7.978956293141420408e-01,-5.310686149270369078e-04,4.675228260292456015e-04
1.954166666666666607e+00,1.374610321879586039e-01,-7.904345084113324482e-01,7.978975773214881384e-01,-5.310698690885344358e-04,4.675217630615508880e-04
1.958333333333333259e+00,1.374610321879586039e-01,-7.904367212076794935e-01,7.978995253244053343e-01,-5.310711232798612930e-04,4.675207001155798998e-04
1.962499999999999911e+00,1.374610321879586039e-01,-7.904389340092524696e-01,7.979014733228936285e-01,-5.310723775009607754e-04,4.675196371912864498e-04
1.966666666666666563e+00,1.374610321879586039e-01,-7.904411468160514875e-01,7.979034213169531320e-01,-5.310736317519210289e-04,4.675185742887389513e-04
1.970833333333333437e+00,1.374610321879586039e-01,-7.904433596280766583e-01,7.979053693065839559e-01,-5.310748860325965534e-04,4.675175114078213403e-04
1.975000000000000089e+00,1.374610321879586039e-01,-7.904455724453280929e-01,7.979073172917862111e-01,-5.310761403431032502e-04,4.675164485486263161e-04
1.979166666666666741e+00,1.374610321879586039e-01,-7.904477852678059024e-01,7.979092652725600088e-01,-5.310773946833839817e-04,4.675153857111068244e-04
1.983333333333333393e+00,1.374610321879586039e-01,-7.904499980955103089e-01,7.979112132489054598e-01,-5.310786490535224485e-04,4.675143228953319830e-04
1.987500000000000044e+00,1.374610321879586039e-01,-7.904522109284413123e-01,7.979131612208225643e-01,-5.310799034534068692e-04,4.675132601012087132e-04
1.991666666666666696e+00,1.374610321879586039e-01,-7.904544237665991346e-01,7.979151091883114333e-01,-5.310811578831182338e-04,4.675121973288061871e-04
1.995833333333333348e+00,1.374610321879586039e-01,-7.904566366099838870e-01,7.979170571513721777e-01,-5.310824123426058016e-04,4.675111345780777299e-04
2.000000000000000000e+00,1.374610321879586039e-01,-7.904588494585956804e-01,7.979190051100049086e-01,-5.310836668318656695e-04,4.675100718490226366e-04
