# Time, SliderHeight, Motor1Pos, Motor2Pos, Motor1Vel, Motor2Vel
0.000000000000000000e+00,2.874645000000566331e-01,0.000000000000000000e+00,0.000000000000000000e+00,0.000000000000000000e+00,0.000000000000000000e+00
4.166666666666666609e-03,2.874645000000566331e-01,2.083333333333333218e-02,-2.083426693660397552e-02,5.000000000000000000e+00,-5.000224064784954514e+00
8.333333333333333218e-03,2.889191625577104960e-01,4.166666666666666435e-02,-2.701948752636268436e-06,5.000000000000000000e+00,4.999575597084321643e+00
1.250000000000000069e-02,2.895332320198844012e-01,6.250000000000000000e-02,-2.083485216965351786e-02,5.000000000000000000e+00,-4.999716053016211248e+00
1.666666666666666644e-02,2.905741733851039954e-01,8.333333333333332871e-02,-2.905774247396325505e-06,5.000000000000000000e+00,4.999667134897468834e+00
2.083333333333333218e-02,2.907474463320150471e-01,1.041666666666666574e-01,-2.083533591621359107e-02,5.000000000000000000e+00,-4.999783234071887073e+00
2.500000000000000139e-02,2.913722468018485334e-01,1.249999999999999861e-01,-3.057739645560830777e-06,5.000000000000000000e+00,4.999746762376327425e+00
2.916666666666666713e-02,2.911073994982149027e-01,1.458333333333333148e-01,-2.083571626033479257e-02,5.000000000000000000e+00,-4.999838044965415840e+00
3.333333333333333287e-02,2.913176518827297889e-01,1.666666666666666574e-01,-3.170460297144406248e-06,5.000000000000000000e+00,4.999810992009035893e+00
3.749999999999999861e-02,2.906136019197926856e-01,1.875000000000000000e-01,-2.083600989284338165e-02,5.000000000000000000e+00,-4.999881463811097326e+00
4.166666666666666435e-02,2.904110340975859517e-01,2.083333333333333426e-01,-3.251100765922637637e-06,5.000000000000000000e+00,4.999862110098590051e+00
4.583333333333333010e-02,2.892708059069152293e-01,2.291666666666666852e-01,-2.083507123432091004e-02,5.000000000000000000e+00,-4.999636832053196756e+00
5.000000000000000278e-02,2.886533389437047625e-01,2.500000000000000000e-01,-3.465603330768396440e-06,5.000000000000000000e+00,4.999585351437634273e+00
5.416666666666666852e-02,2.870762426840759995e-01,2.708333333333333148e-01,-2.083570439815600125e-02,5.000000000000000000e+00,-4.999737310758056275e+00
5.833333333333333426e-02,2.860419982328852306e-01,2.916666666666666297e-01,-3.620831023485454603e-06,5.000000000000000000e+00,4.999700056111803903e+00
6.250000000000000000e-02,2.840274848529260043e-01,3.124999999999999445e-01,-2.083618073803450779e-02,5.000000000000000000e+00,-4.999814377682645805e+00
6.666666666666666574e-02,2.825747157607246263e-01,3.333333333333332593e-01,-3.731016998236025284e-06,5.000000000000000000e+00,4.999787933048705391e+00
7.083333333333333148e-02,2.801224603859521212e-01,3.541666666666665741e-01,-2.083653060424751555e-02,5.000000000000000000e+00,-4.999871900939827363e+00
7.499999999999999722e-02,2.782495812678034697e-01,3.749999999999998890e-01,-3.807752911744871627e-06,5.000000000000000000e+00,4.999853484320585295e+00
7.916666666666666297e-02,2.753594540455708284e-01,3.958333333333332038e-01,-2.083678143431524563e-02,5.000000000000000000e+00,-4.999913683536839848e+00
8.333333333333332871e-02,2.730650444487732753e-01,4.166666666666665186e-01,-3.860180642984573085e-06,5.000000000000000000e+00,4.999901100881342764e+00
8.749999999999999445e-02,2.697371111071836247e-01,4.374999999999998335e-01,-2.083585812338586626e-02,5.000000000000000000e+00,-4.999679506258291717e+00
9.166666666666666019e-02,2.670198963216948163e-01,4.583333333333331483e-01,-4.025679810247539958e-06,5.000000000000000000e+00,4.999639786458148549e+00
9.583333333333333981e-02,2.632544427403947784e-01,4.791666666666664631e-01,-2.083644509764871408e-02,5.000000000000000000e+00,-4.999780660281231803e+00
1.000000000000000056e-01,2.601133689689156259e-01,4.999999999999997780e-01,-3.111764315378434675e-06,5.000000000000000000e+00,5.000000000000000888e+00
1.041666666666666713e-01,2.559108000876669231e-01,5.208333333333331483e-01,-2.083583238546005828e-02,5.000000000000000000e+00,-4.999852949074723441e+00
1.083333333333333370e-01,2.523449560515279577e-01,5.416666666666665186e-01,-2.499052126729572887e-06,5.000000000000000000e+00,4.999999999999999112e+00
1.125000000000000028e-01,2.477059539823798506e-01,5.624433086198687981e-01,-2.068918513785817856e-02,4.986394068768545296e+00,-4.964804660575548034e+00
1.166666666666666685e-01,2.487746347929666313e-01,5.832766419532021684e-01,1.441481954751501482e-04,5.000000000000000000e+00,4.999999999999999112e+00
1.208333333333333343e-01,2.487617263699942460e-01,6.041099752865355388e-01,-2.068892668195818421e-02,5.000000000000000000e+00,-4.999937970583999913e+00
1.250000000000000000e-01,2.494000272355934578e-01,6.249433086198689091e-01,1.441125544055267549e-04,5.000000000000000000e+00,4.999929416727290743e+00
1.291666666666666796e-01,2.489446730898294824e-01,6.457766419532022795e-01,-2.068790785633648280e-02,5.000000000000000000e+00,-4.999684898578082404e+00
1.333333333333333315e-01,2.491484933276252867e-01,6.666099752865356498e-01,1.439688251030045441e-04,5.000000000000000000e+00,4.999650403545476962e+00
1.375000000000000111e-01,2.482517455341189394e-01,6.874433086198690201e-01,-2.068848425183096931e-02,5.000000000000000000e+00,-4.999788738464153504e+00
1.416666666666666630e-01,2.480246395994527286e-01,7.082766419532023905e-01,1.438675237417849639e-04,5.000000000000000000e+00,4.999764426137461193e+00
1.458333333333333426e-01,2.466916011591439584e-01,7.291099752865357608e-01,-2.068888371064578346e-02,5.000000000000000000e+00,-4.999860296253016756e+00
1.499999999999999944e-01,2.460333277226779969e-01,7.499433086198691312e-01,1.437974309007154783e-04,5.000000000000000000e+00,4.999843473971159469e+00
1.541666666666666741e-01,2.442653958952724635e-01,7.707766419532025015e-01,-2.068915621306831668e-02,5.000000000000000000e+00,-4.999908874552567717e+00
1.583333333333333259e-01,2.431758903756814361e-01,7.916099752865358719e-01,1.437492619044584974e-04,5.000000000000000000e+00,4.999897313993465708e+00
1.625000000000000056e-01,2.409746459298268140e-01,7.916099752865358719e-01,-2.068944984273094270e-02,0.000000000000000000e+00,-4.999967785112496621e+00
1.666666666666666574e-01,2.399164932140674111e-01,7.916099752865358719e-01,1.435498553162169177e-04,0.000000000000000000e+00,4.999919927531318642e+00
1.708333333333333370e-01,2.377939779101651552e-01,7.916099752865358719e-01,-2.068955158463389732e-02,0.000000000000000000e+00,-4.999944345588027694e+00
1.749999999999999889e-01,2.363999112785361012e-01,7.916099752865358719e-01,1.434481169809327661e-04,0.000000000000000000e+00,4.999919928387559054e+00
1.791666666666666685e-01,2.339415851377607547e-01,7.916099752865358719e-01,-2.068965332485522141e-02,-3.469446951953614189e-18,-4.999944346040677168e+00
1.833333333333333204e-01,2.322118131296065091e-01,7.916099752865358719e-01,1.433463795964991239e-04,0.000000000000000000e+00,4.999919929068412650e+00
1.875000000000000000e-01,2.294178915460414470e-01,7.916099752865358719e-01,-2.068975506412408516e-02,0.000000000000000000e+00,-4.999944346492940284e+00
1.916666666666666796e-01,2.273526385006024719e-01,7.916099752865358719e-01,1.432446431622221017e-04,-3.469446951953614189e-18,4.999919929748713798e+00
1.958333333333333315e-01,2.242233547468361621e-01,7.916099752865358719e-01,-2.068985680244117900e-02,0.000000000000000000e+00,-4.999944346944816154e+00
2.000000000000000111e-01,2.218228628577290640e-01,7.916470833102902116e-01,7.294695888106217385e-05,8.905925701041577519e-03,4.983072902717338160e+00
2.041666666666666630e-01,2.212331968588782116e-01,7.916470833102903226e-01,-2.076038637445228735e-02,3.467365283782442020e-14,-5.000000000000003553e+00
2.083333333333333426e-01,2.218873430882646880e-01,7.916470833094135795e-01,7.294695877315890420e-05,-2.104096966104584965e-10,4.999999999974106935e+00
2.124999999999999944e-01,2.217661684073777284e-01,7.916470833094135795e-01,-2.076038637456017327e-02,0.000000000000000000e+00,-5.000000000000000000e+00
2.166666666666666741e-01,2.223690250407130975e-01,7.916470833094135795e-01,7.294695877315543475e-05,0.000000000000000000e+00,4.999999999999999112e+00
2.208333333333333259e-01,2.219071219006200080e-01,7.916470833094135795e-01,-2.076038637456017674e-02,-3.157196726277788912e-16,-5.000000000000000000e+00
2.250000000000000056e-01,2.222004398847159390e-01,7.916470833080022640e-01,7.294695859949920647e-05,-3.387111979780144111e-10,4.999999999958322228e+00
2.291666666666666574e-01,2.217661684073849448e-01,7.916470833080022640e-01,-2.076038637473383644e-02,-1.595945597898662527e-16,-5.000000000000000888e+00
2.333333333333333370e-01,2.222004398847649276e-01,7.916470833075608393e-01,7.294695854517460609e-05,-1.059397326808042550e-10,4.999999999986962429e+00
2.374999999999999889e-01,2.217661684073760076e-01,7.916470833075608393e-01,-2.076038637478816104e-02,0.000000000000000000e+00,-5.000000000000000888e+00
2.416666666666666685e-01,2.222004398847803319e-01,7.916470833071194146e-01,7.294695849085694461e-05,-1.059405584091788199e-10,4.999999999986964205e+00
2.458333333333333204e-01,2.217661684073766737e-01,7.916470833071194146e-01,-2.076038637484246482e-02,-1.526556658859590243e-16,-4.999999999999997335e+00
2.500000000000000000e-01,2.222004398847956530e-01,7.916470833066779900e-01,7.294695843654622203e-05,-1.059382755130844345e-10,4.999999999986962429e+00
2.541666666666666519e-01,2.217661684073772010e-01,7.916470833066779900e-01,-2.076038637489678942e-02,-1.561251128379126385e-16,-5.000000000000000888e+00
2.583333333333333592e-01,2.222004398848109741e-01,7.916470833062365653e-01,7.294695838222509110e-05,-1.059397326808042550e-10,4.999999999986963317e+00
2.625000000000000111e-01,2.217661684073778117e-01,7.916470833062365653e-01,-2.076038637495110709e-02,0.000000000000000000e+00,-5.000000000000000000e+00
2.666666666666666630e-01,2.222004398848262952e-01,7.916470833057951406e-01,7.294695832791089907e-05,-1.059397326808042550e-10,4.999999999986964205e+00
2.708333333333333148e-01,2.217661684073784223e-01,7.916470833057951406e-01,-2.076038637500542128e-02,-3.157196726277788912e-16,-5.000000000000000000e+00
2.750000000000000222e-01,2.222004398848416717e-01,7.916470833053537159e-01,7.294695827359670703e-05,-1.059405618786257719e-10,4.999999999986964205e+00
2.791666666666666741e-01,2.217661684073790607e-01,7.916470833053537159e-01,-2.076038637505973547e-02,0.000000000000000000e+00,-5.000000000000000000e+00
2.833333333333333259e-01,2.222004398848570206e-01,7.916470833049122913e-01,7.294695821928598445e-05,-1.059402426895061922e-10,4.999999999986965094e+00
2.874999999999999778e-01,2.217661684073796158e-01,7.916470833049122913e-01,-2.076038637511404966e-02,3.434752482434078047e-16,-5.000000000000000888e+00
2.916666666666666852e-01,2.222004398848723694e-01,7.916470833044708666e-01,7.294695816495444518e-05,-1.059394169611316272e-10,4.999999999986960653e+00
2.958333333333333370e-01,2.217661684073802264e-01,7.916470833044708666e-01,-2.076038637516837773e-02,-1.561251128379126385e-16,-5.000000000000000000e+00
2.999999999999999889e-01,2.222004398848877182e-01,7.916470833040294419e-01,7.294695811063678370e-05,-1.059405584091788199e-10,4.999999999986963317e+00
3.041666666666666408e-01,2.217661684073808370e-01,7.916470833040294419e-01,-2.076038637522269192e-02,3.157196726277788912e-16,-4.999999999999999112e+00
3.083333333333333481e-01,2.222004398849030671e-01,7.916470833035880172e-01,7.294695805632259167e-05,-1.059387959301272275e-10,4.999999999986963317e+00
3.125000000000000000e-01,2.217661684073814476e-01,7.916470833035880172e-01,-2.076038637527700959e-02,-1.561251128379126385e-16,-5.000000000000000000e+00
3.166666666666666519e-01,2.222004398849183882e-01,7.916470833031465926e-01,7.294695800199452185e-05,-1.059397326808042550e-10,4.999999999986960653e+00
3.208333333333333592e-01,2.217661684073820028e-01,7.916470833031465926e-01,-2.076038637533134112e-02,-1.561251128379126385e-16,-5.000000000000000888e+00
3.250000000000000111e-01,2.222004398849337647e-01,7.916470833027051679e-01,7.294695794767339092e-05,-1.059405584091788199e-10,4.999999999986963317e+00
3.291666666666666630e-01,2.217661684073826689e-01,7.916470833027051679e-01,-2.076038637538565879e-02,-1.561251128379126385e-16,-5.000000000000000000e+00
3.333333333333333148e-01,2.222004398849490581e-01,7.916470833022637432e-01,7.294695789335225999e-05,-1.059405584091788199e-10,4.999999999986962429e+00
3.375000000000000222e-01,2.217661684073832240e-01,7.916470833022637432e-01,-2.076038637543997645e-02,-1.561251128379126385e-16,-4.999999999999999112e+00
3.416666666666666741e-01,2.222004398849644624e-01,7.916470833018223185e-01,7.294695783904153741e-05,-1.059413737292125290e-10,4.999999999986964205e+00
3.458333333333333259e-01,2.217661684073838901e-01,7.916470833018223185e-01,-2.076038637549429064e-02,-1.561251128379126385e-16,-5.000000000000000000e+00
3.499999999999999778e-01,2.222004398849798390e-01,7.916470833013808939e-01,7.294695778472387593e-05,-1.059405584091788199e-10,4.999999999986963317e+00
3.541666666666666852e-01,2.217661684073845008e-01,7.916470833013808939e-01,-2.076038637554861177e-02,-1.561251128379126385e-16,-5.000000000000000888e+00
3.583333333333333370e-01,2.222004398849951601e-01,7.916470833009394692e-01,7.294695773041315334e-05,-1.059405584091788199e-10,4.999999999986965982e+00
3.624999999999999889e-01,2.217661684073851114e-01,7.916470833009394692e-01,-2.076038637560291902e-02,0.000000000000000000e+00,-5.000000000000000000e+00
3.666666666666666408e-01,2.222004398850105367e-01,7.916470833004980445e-01,7.294695767609202242e-05,-1.059400414615829789e-10,4.999999999986962429e+00
3.708333333333333481e-01,2.217661684073857220e-01,7.916470833004980445e-01,-2.076038637565724015e-02,-1.561251128379126385e-16,-5.000000000000000000e+00
3.750000000000000000e-01,2.222004398850258577e-01,7.916470833000566198e-01,7.294695762177783038e-05,-1.059399339087274683e-10,4.999999999986964205e+00
3.791666666666666519e-01,2.217661684073862771e-01,7.916470833000566198e-01,-2.076038637571155435e-02,0.000000000000000000e+00,-5.000000000000000000e+00
3.833333333333333592e-01,2.222004398850412066e-01,7.916470832996151952e-01,7.294695756746016890e-05,-1.059403571812556066e-10,4.999999999986963317e+00
3.875000000000000111e-01,2.217661684073868600e-01,7.916470832996151952e-01,-2.076038637576587548e-02,1.526556658859590243e-16,-5.000000000000000888e+00
3.916666666666666630e-01,2.222004398850565554e-01,7.916470832991737705e-01,7.294695751313556853e-05,-1.059389069524296900e-10,4.999999999986962429e+00
3.958333333333333148e-01,2.217661684073874706e-01,7.916470832991737705e-01,-2.076038637582020008e-02,0.000000000000000000e+00,-5.000000000000000888e+00
4.000000000000000222e-01,2.222004398850719042e-01,7.916470832987323458e-01,7.294695745882484594e-05,-1.059405584091788199e-10,4.999999999986965982e+00
4.041666666666666741e-01,2.217661684073880535e-01,7.916470832987323458e-01,-2.076038637587451080e-02,-1.561251128379126385e-16,-5.000000000000000888e+00
4.083333333333333259e-01,2.222004398850872808e-01,7.916470832982909211e-01,7.294695740449330668e-05,-1.059394204305785792e-10,4.999999999986960653e+00
4.124999999999999778e-01,2.217661684073886641e-01,7.916470832982909211e-01,-2.076038637592883887e-02,0.000000000000000000e+00,-5.000000000000000000e+00
4.166666666666666852e-01,2.222004398851026297e-01,7.916470832978494965e-01,7.294695735017564520e-05,-1.059392192026553658e-10,4.999999999986963317e+00
4.208333333333333370e-01,2.217661684073893302e-01,7.916470832978494965e-01,-2.076038637598315306e-02,3.157196726277788912e-16,-4.999999999999999112e+00
4.249999999999999889e-01,2.222004398851179507e-01,7.916470832974080718e-01,7.294695729586145316e-05,-1.059405584091788199e-10,4.999999999986963317e+00
4.291666666666666408e-01,2.217661684073898298e-01,7.916470832974080718e-01,-2.076038637603746725e-02,1.561251128379126385e-16,-4.999999999999999112e+00
4.333333333333333481e-01,2.222004398851333273e-01,7.916470832969666471e-01,7.294695724154726113e-05,-1.059394169611316272e-10,4.999999999986963317e+00
4.375000000000000000e-01,2.217661684073904682e-01,7.916470832969666471e-01,-2.076038637609178145e-02,-1.561251128379126385e-16,-4.999999999999999112e+00
4.416666666666666519e-01,2.222004398851485929e-01,7.916470832965252225e-01,7.294695718722959965e-05,-1.059400414615829789e-10,4.999999999986962429e+00
4.458333333333333592e-01,2.217661684073911066e-01,7.916470832965252225e-01,-2.076038637614610258e-02,1.561251128379126385e-16,-5.000000000000000000e+00
4.500000000000000111e-01,2.222004398851639695e-01,7.916470832960837978e-01,7.294695713290499928e-05,-1.059397326808042550e-10,4.999999999986961541e+00
4.541666666666666630e-01,2.217661684073916617e-01,7.916470832960837978e-01,-2.076038637620042371e-02,0.000000000000000000e+00,-4.999999999999999112e+00
4.583333333333333148e-01,2.222004398851793461e-01,7.916470832956423731e-01,7.294695707858733780e-05,-1.059397361502512069e-10,4.999999999986962429e+00
4.625000000000000222e-01,2.217661684073922723e-01,7.916470832956423731e-01,-2.076038637625474137e-02,0.000000000000000000e+00,-4.999999999999999112e+00
4.666666666666666741e-01,2.222004398851947227e-01,7.916470832952009484e-01,7.294695702426620687e-05,-1.059394204305785792e-10,4.999999999986961541e+00
4.708333333333333259e-01,2.217661684073928829e-01,7.916470832952009484e-01,-2.076038637630906597e-02,-1.561251128379126385e-16,-5.000000000000000000e+00
4.749999999999999778e-01,2.222004398852100437e-01,7.916470832947595238e-01,7.294695696993813705e-05,-1.059397326808042550e-10,4.999999999986960653e+00
4.791666666666666852e-01,2.217661684073934936e-01,7.916470832947595238e-01,-2.076038637636339751e-02,-1.561251128379126385e-16,-5.000000000000000888e+00
4.833333333333333370e-01,2.222004398852254203e-01,7.916470832943180991e-01,7.294695691561006723e-05,-1.059394169611316272e-10,4.999999999986961541e+00
4.874999999999999889e-01,2.217661684073941042e-01,7.916470832943180991e-01,-2.076038637641772211e-02,-1.873501354054951662e-16,-5.000000000000000000e+00
4.916666666666666408e-01,2.222004398852407414e-01,7.916470832938766744e-01,7.294695686128893630e-05,-1.059405584091788199e-10,4.999999999986962429e+00
4.958333333333333481e-01,2.217661684073946593e-01,7.916470832938766744e-01,-2.076038637647204324e-02,-1.561251128379126385e-16,-5.000000000000000000e+00
5.000000000000000000e-01,2.222004398852560625e-01,7.916470832934352497e-01,7.294695680696433593e-05,-1.059389034829827381e-10,4.999999999986961541e+00
5.041666666666666519e-01,2.217661684073952699e-01,7.916470832934352497e-01,-2.076038637652636437e-02,0.000000000000000000e+00,-4.999999999999999112e+00
5.083333333333333037e-01,2.222004398852714391e-01,7.916470832929938251e-01,7.294695675265361334e-05,-1.059391047109059514e-10,4.999999999986964205e+00
5.124999999999999556e-01,2.217661684073958250e-01,7.916470832929938251e-01,-2.076038637658067856e-02,-1.561251128379126385e-16,-5.000000000000000000e+00
5.166666666666667185e-01,2.222004398852868157e-01,7.916470832925524004e-01,7.294695669833595186e-05,-1.059397361502512069e-10,4.999999999986963317e+00
5.208333333333333703e-01,2.217661684073965467e-01,7.916470832925524004e-01,-2.076038637663499276e-02,1.561251128379126385e-16,-4.999999999999999112e+00
5.250000000000000222e-01,2.222004398853021367e-01,7.916470832921109757e-01,7.294695664402869872e-05,-1.059405584091788199e-10,4.999999999986965094e+00
5.291666666666666741e-01,2.217661684073970740e-01,7.916470832921109757e-01,-2.076038637668930001e-02,-1.561251128379126385e-16,-4.999999999999999112e+00
5.333333333333333259e-01,2.222004398853175133e-01,7.916470832916695510e-01,7.294695658971450669e-05,-1.059400414615829789e-10,4.999999999986963317e+00
5.374999999999999778e-01,2.217661684073977124e-01,7.916470832916695510e-01,-2.076038637674361767e-02,0.000000000000000000e+00,-5.000000000000000000e+00
5.416666666666666297e-01,2.222004398853327789e-01,7.916470832912281264e-01,7.294695653540031466e-05,-1.059405618786257719e-10,4.999999999986964205e+00
5.458333333333332815e-01,2.217661684073982675e-01,7.916470832912281264e-01,-2.076038637679792839e-02,-1.561251128379126385e-16,-4.999999999999999112e+00
5.500000000000000444e-01,2.222004398853482388e-01,7.916470832907867017e-01,7.294695648108959207e-05,-1.059405584091788199e-10,4.999999999986964205e+00
5.541666666666666963e-01,2.217661684073989337e-01,7.916470832907867017e-01,-2.076038637685223912e-02,3.469446951953614189e-16,-4.999999999999999112e+00
5.583333333333333481e-01,2.222004398853635321e-01,7.916470832903452770e-01,7.294695642677193059e-05,-1.059405584091788199e-10,4.999999999986962429e+00
5.625000000000000000e-01,2.217661684073995443e-01,7.916470832903452770e-01,-2.076038637690656372e-02,1.561251128379126385e-16,-5.000000000000000888e+00
5.666666666666666519e-01,2.222004398853788809e-01,7.916470832899038523e-01,7.294695637244039133e-05,-1.059403571812556066e-10,4.999999999986960653e+00
5.708333333333333037e-01,2.217661684074000994e-01,7.916470832899038523e-01,-2.076038637696089179e-02,-1.561251128379126385e-16,-5.000000000000000000e+00
5.749999999999999556e-01,2.222004398853942020e-01,7.916470832894624277e-01,7.294695631811232150e-05,-1.059394204305785792e-10,4.999999999986960653e+00
5.791666666666667185e-01,2.217661684074006823e-01,7.916470832894624277e-01,-2.076038637701521986e-02,-3.157196726277788912e-16,-5.000000000000000000e+00
5.833333333333333703e-01,2.222004398854096063e-01,7.916470832890210030e-01,7.294695626379812947e-05,-1.059403571812556066e-10,4.999999999986964205e+00
5.875000000000000222e-01,2.217661684074012929e-01,7.916470832890210030e-01,-2.076038637706953405e-02,-1.561251128379126385e-16,-5.000000000000000000e+00
5.916666666666666741e-01,2.222004398854248997e-01,7.916470832885795783e-01,7.294695620948393744e-05,-1.059385947022040142e-10,4.999999999986964205e+00
5.958333333333333259e-01,2.217661684074018758e-01,7.916470832885795783e-01,-2.076038637712384824e-02,1.561251128379126385e-16,-5.000000000000000000e+00
5.999999999999999778e-01,2.222004398854402762e-01,7.916470832881381536e-01,7.294695615516974541e-05,-1.059400414615829789e-10,4.999999999986964205e+00
6.041666666666666297e-01,2.217661684074024864e-01,7.916470832881381536e-01,-2.076038637717816243e-02,1.262878690511115565e-15,-5.000000000000000000e+00
6.083333333333332815e-01,2.222004398854555973e-01,7.916470832876967290e-01,7.294695610085208393e-05,-1.059408706594044958e-10,4.999999999986963317e+00
6.125000000000000444e-01,2.217661684074030970e-01,7.916470832876967290e-01,-2.076038637723248009e-02,-1.561251128379126385e-16,-5.000000000000000000e+00
6.166666666666666963e-01,2.222004398854709462e-01,7.916470832872553043e-01,7.294695604653442245e-05,-1.059400414615829789e-10,4.999999999986963317e+00
6.208333333333333481e-01,2.217661684074037076e-01,7.916470832872553043e-01,-2.076038637728679082e-02,1.908195823574487804e-16,-4.999999999999998224e+00
6.250000000000000000e-01,2.222004398854862672e-01,7.916470832868138796e-01,7.294695599221676097e-05,-1.059394204305785792e-10,4.999999999986961541e+00
6.291666666666666519e-01,2.217661684074043182e-01,7.916470832868138796e-01,-2.076038637734110848e-02,1.561251128379126385e-16,-4.999999999999998224e+00
6.333333333333333037e-01,2.222004398855016438e-01,7.916470832863724549e-01,7.294695593790256893e-05,-1.059403571812556066e-10,4.999999999986962429e+00
6.374999999999999556e-01,2.217661684074049011e-01,7.916470832863724549e-01,-2.076038637739542614e-02,1.561251128379126385e-16,-4.999999999999999112e+00
6.416666666666667185e-01,2.222004398855169649e-01,7.916470832859310303e-01,7.294695588358837690e-05,-1.059403571812556066e-10,4.999999999986963317e+00
6.458333333333333703e-01,2.217661684074054840e-01,7.916470832859310303e-01,-2.076038637744974380e-02,0.000000000000000000e+00,-5.000000000000000000e+00
6.500000000000000222e-01,2.222004398855323970e-01,7.916470832854896056e-01,7.294695582926724597e-05,-1.059405584091788199e-10,4.999999999986962429e+00
6.541666666666666741e-01,2.217661684074060946e-01,7.916470832854896056e-01,-2.076038637750405799e-02,-2.810252031082427493e-16,-4.999999999999998224e+00
6.583333333333333259e-01,2.222004398855477181e-01,7.916470832850481809e-01,7.294695577495652339e-05,-1.059394169611316272e-10,4.999999999986963317e+00
6.624999999999999778e-01,2.217661684074067052e-01,7.916470832850481809e-01,-2.076038637755837218e-02,1.561251128379126385e-16,-4.999999999999999112e+00
6.666666666666666297e-01,2.222004398855630392e-01,7.916470832846067562e-01,7.294695572064580080e-05,-1.059394204305785792e-10,4.999999999986964205e+00
6.708333333333332815e-01,2.217661684074072881e-01,7.916470832846067562e-01,-2.076038637761268638e-02,1.561251128379126385e-16,-5.000000000000000000e+00
6.750000000000000444e-01,2.222004398855783602e-01,7.916470832841653316e-01,7.294695566633507822e-05,-1.059405584091788199e-10,4.999999999986965094e+00
6.791666666666666963e-01,2.217661684074078710e-01,7.916470832841653316e-01,-2.076038637766698669e-02,0.000000000000000000e+00,-4.999999999999997335e+00
6.833333333333333481e-01,2.222004398855937368e-01,7.916470832837239069e-01,7.294695561202782508e-05,-1.059405584091788199e-10,4.999999999986963317e+00
6.875000000000000000e-01,2.217661684074085926e-01,7.916470832837239069e-01,-2.076038637772130435e-02,1.561251128379126385e-16,-5.000000000000000000e+00
6.916666666666666519e-01,2.222004398856090579e-01,7.916470832832824822e-01,7.294695555770669415e-05,-1.059405584091788199e-10,4.999999999986962429e+00
6.958333333333333037e-01,2.217661684074091200e-01,7.916470832832824822e-01,-2.076038637777562895e-02,-3.157196726277788912e-16,-5.000000000000000888e+00
6.999999999999999556e-01,2.222004398856244345e-01,7.916470832828410575e-01,7.294695550337862433e-05,-1.059394204305785792e-10,4.999999999986961541e+00
7.041666666666667185e-01,2.217661684074097028e-01,7.916470832828410575e-01,-2.076038637782994661e-02,3.434752482434078047e-16,-4.999999999999998224e+00
7.083333333333333703e-01,2.222004398856397556e-01,7.916470832823996329e-01,7.294695544906790174e-05,-1.059385947022040142e-10,4.999999999986963317e+00
7.125000000000000222e-01,2.217661684074103134e-01,7.916470832823996329e-01,-2.076038637788426428e-02,-3.157196726277788912e-16,-5.000000000000000000e+00
7.166666666666666741e-01,2.222004398856551877e-01,7.916470832819582082e-01,7.294695539475024026e-05,-1.059379667323057106e-10,4.999999999986963317e+00
7.208333333333333259e-01,2.217661684074109241e-01,7.916470832819582082e-01,-2.076038637793857847e-02,-1.561251128379126385e-16,-4.999999999999999112e+00
7.249999999999999778e-01,2.222004398856705087e-01,7.916470832815167835e-01,7.294695534044645657e-05,-1.059408706594044958e-10,4.999999999986965982e+00
7.291666666666666297e-01,2.217661684074114792e-01,7.916470832815167835e-01,-2.076038637799288572e-02,1.561251128379126385e-16,-5.000000000000000000e+00
7.333333333333332815e-01,2.222004398856858298e-01,7.916470832810753588e-01,7.294695528612879509e-05,-1.059385947022040142e-10,4.999999999986963317e+00
7.375000000000000444e-01,2.217661684074121453e-01,7.916470832810753588e-01,-2.076038637804719991e-02,1.561251128379126385e-16,-4.999999999999999112e+00
7.416666666666666963e-01,2.222004398857012064e-01,7.916470832806339342e-01,7.294695523180766417e-05,-1.059391047109059514e-10,4.999999999986961541e+00
7.458333333333333481e-01,2.217661684074127004e-01,7.916470832806339342e-01,-2.076038637810152798e-02,1.561251128379126385e-16,-5.000000000000000888e+00
7.500000000000000000e-01,2.222004398857165275e-01,7.916470832801925095e-01,7.294695517748653324e-05,-1.059399339087274683e-10,4.999999999986963317e+00
7.541666666666666519e-01,2.217661684074133666e-01,7.916470832801925095e-01,-2.076038637815583524e-02,-1.561251128379126385e-16,-4.999999999999997335e+00
7.583333333333333037e-01,2.222004398857319041e-01,7.916470832797510848e-01,7.294695512317234121e-05,-1.059403571812556066e-10,4.999999999986961541e+00
7.624999999999999556e-01,2.217661684074139772e-01,7.916470832797510848e-01,-2.076038637821015984e-02,1.103284130721249312e-15,-5.000000000000000000e+00
7.666666666666667185e-01,2.222004398857472252e-01,7.916470832793096601e-01,7.294695506884774083e-05,-1.059400414615829789e-10,4.999999999986961541e+00
7.708333333333333703e-01,2.217661684074145878e-01,7.916470832793096601e-01,-2.076038637826448444e-02,1.561251128379126385e-16,-5.000000000000000000e+00
7.750000000000000222e-01,2.222004398857626017e-01,7.916470832788682355e-01,7.294695501453701825e-05,-1.059385947022040142e-10,4.999999999986965094e+00
7.791666666666666741e-01,2.217661684074151429e-01,7.916470832788682355e-01,-2.076038637831879516e-02,0.000000000000000000e+00,-5.000000000000000000e+00
7.833333333333333259e-01,2.222004398857779228e-01,7.916470832784268108e-01,7.294695496021935677e-05,-1.059397326808042550e-10,4.999999999986963317e+00
7.874999999999999778e-01,2.217661684074157258e-01,7.916470832784268108e-01,-2.076038637837311282e-02,-1.561251128379126385e-16,-5.000000000000000000e+00
7.916666666666666297e-01,2.222004398857932439e-01,7.916470832779853861e-01,7.294695490589128695e-05,-1.059400414615829789e-10,4.999999999986960653e+00
7.958333333333332815e-01,2.217661684074162809e-01,7.916470832779853861e-01,-2.076038637842744089e-02,0.000000000000000000e+00,-5.000000000000000000e+00
8.000000000000000444e-01,2.222004398858086205e-01,7.916470832775439614e-01,7.294695485157709491e-05,-1.059397326808042550e-10,4.999999999986964205e+00
8.041666666666666963e-01,2.217661684074169470e-01,7.916470832775439614e-01,-2.076038637848175508e-02,0.000000000000000000e+00,-5.000000000000000000e+00
8.083333333333333481e-01,2.222004398858239971e-01,7.916470832771025368e-01,7.294695479724902509e-05,-1.059391047109059514e-10,4.999999999986960653e+00
8.125000000000000000e-01,2.217661684074175577e-01,7.916470832771025368e-01,-2.076038637853608315e-02,1.561251128379126385e-16,-5.000000000000000000e+00
8.166666666666666519e-01,2.222004398858393182e-01,7.916470832766611121e-01,7.294695474293136361e-05,-1.059405584091788199e-10,4.999999999986963317e+00
8.208333333333333037e-01,2.217661684074181405e-01,7.916470832766611121e-01,-2.076038637859040428e-02,1.561251128379126385e-16,-5.000000000000000888e+00
8.249999999999999556e-01,2.222004398858546947e-01,7.916470832762196874e-01,7.294695468860676324e-05,-1.059405584091788199e-10,4.999999999986962429e+00
8.291666666666667185e-01,2.217661684074188067e-01,7.916470832762196874e-01,-2.076038637864471847e-02,-3.157196726277788912e-16,-4.999999999999998224e+00
8.333333333333333703e-01,2.222004398858700158e-01,7.916470832757782627e-01,7.294695463430297955e-05,-1.059405584091788199e-10,4.999999999986965094e+00
8.375000000000000222e-01,2.217661684074193618e-01,7.916470832757782627e-01,-2.076038637869902920e-02,-3.157196726277788912e-16,-5.000000000000000000e+00
8.416666666666666741e-01,2.222004398858853369e-01,7.916470832753368381e-01,7.294695457999225696e-05,-1.059405584091788199e-10,4.999999999986965094e+00
8.458333333333333259e-01,2.217661684074199169e-01,7.916470832753368381e-01,-2.076038637875333992e-02,0.000000000000000000e+00,-5.000000000000000000e+00
8.499999999999999778e-01,2.222004398859007135e-01,7.916470832748954134e-01,7.294695452567112604e-05,-1.059385947022040142e-10,4.999999999986962429e+00
8.541666666666666297e-01,2.217661684074205275e-01,7.916470832748954134e-01,-2.076038637880765758e-02,-3.157196726277788912e-16,-4.999999999999999112e+00
8.583333333333332815e-01,2.222004398859160623e-01,7.916470832744539887e-01,7.294695447134999511e-05,-1.059394204305785792e-10,4.999999999986961541e+00
8.625000000000000444e-01,2.217661684074211381e-01,7.916470832744539887e-01,-2.076038637886197524e-02,1.561251128379126385e-16,-4.999999999999998224e+00
8.666666666666666963e-01,2.222004398859313834e-01,7.916470832740125640e-01,7.294695441704274197e-05,-1.059405584091788199e-10,4.999999999986964205e+00
8.708333333333333481e-01,2.217661684074217487e-01,7.916470832740125640e-01,-2.076038637891628597e-02,-3.157196726277788912e-16,-4.999999999999999112e+00
8.750000000000000000e-01,2.222004398859467600e-01,7.916470832735711394e-01,7.294695436271814160e-05,-1.059397326808042550e-10,4.999999999986960653e+00
8.791666666666666519e-01,2.217661684074223594e-01,7.916470832735711394e-01,-2.076038637897061404e-02,0.000000000000000000e+00,-5.000000000000000000e+00
8.833333333333333037e-01,2.222004398859620811e-01,7.916470832731297147e-01,7.294695430839354122e-05,-1.059400414615829789e-10,4.999999999986961541e+00
8.874999999999999556e-01,2.217661684074229700e-01,7.916470832731297147e-01,-2.076038637902493517e-02,0.000000000000000000e+00,-4.999999999999999112e+00
8.916666666666667185e-01,2.222004398859774577e-01,7.916470832726882900e-01,7.294695425408281864e-05,-1.059385947022040142e-10,4.999999999986964205e+00
8.958333333333333703e-01,2.217661684074235806e-01,7.916470832726882900e-01,-2.076038637907924936e-02,-1.561251128379126385e-16,-5.000000000000000000e+00
9.000000000000000222e-01,2.222004398859928065e-01,7.916470832722468653e-01,7.294695419977556550e-05,-1.059396216585017925e-10,4.999999999986965982e+00
9.041666666666666741e-01,2.217661684074241635e-01,7.916470832722468653e-01,-2.076038637913355661e-02,-1.561251128379126385e-16,-5.000000000000000000e+00
9.083333333333333259e-01,2.222004398860081276e-01,7.916470832718054407e-01,7.294695414544749568e-05,-1.059394204305785792e-10,4.999999999986960653e+00
9.124999999999999778e-01,2.217661684074248019e-01,7.916470832718054407e-01,-2.076038637918788815e-02,1.262878690511115565e-15,-5.000000000000000888e+00
9.166666666666666297e-01,2.222004398860234764e-01,7.916470832713640160e-01,7.294695409112636475e-05,-1.059400414615829789e-10,4.999999999986963317e+00
9.208333333333332815e-01,2.217661684074253570e-01,7.916470832713640160e-01,-2.076038637924220581e-02,-1.283695372222837250e-16,-5.000000000000000000e+00
9.250000000000000444e-01,2.222004398860388252e-01,7.916470832709225913e-01,7.294695403680176438e-05,-1.059403571812556066e-10,4.999999999986961541e+00
9.291666666666666963e-01,2.217661684074259676e-01,7.916470832709225913e-01,-2.076038637929653041e-02,-1.561251128379126385e-16,-5.000000000000000000e+00
9.333333333333333481e-01,2.222004398860541741e-01,7.916470832704811667e-01,7.294695398248410290e-05,-1.059403571812556066e-10,4.999999999986963317e+00
9.375000000000000000e-01,2.217661684074265227e-01,7.916470832704811667e-01,-2.076038637935084807e-02,-1.561251128379126385e-16,-5.000000000000000000e+00
9.416666666666666519e-01,2.222004398860695784e-01,7.916470832700397420e-01,7.294695392816644142e-05,-1.059405584091788199e-10,4.999999999986963317e+00
9.458333333333333037e-01,2.217661684074271888e-01,7.916470832700397420e-01,-2.076038637940516574e-02,-3.157196726277788912e-16,-5.000000000000000000e+00
9.499999999999999556e-01,2.222004398860848995e-01,7.916470832695983173e-01,7.294695387383837160e-05,-1.059389034829827381e-10,4.999999999986960653e+00
9.541666666666667185e-01,2.217661684074277162e-01,7.916470832695983173e-01,-2.076038637945949381e-02,-1.561251128379126385e-16,-5.000000000000000000e+00
9.583333333333333703e-01,2.222004398861002761e-01,7.916470832691568926e-01,7.294695381952417956e-05,-1.059402426895061922e-10,4.999999999986964205e+00
9.625000000000000222e-01,2.217661684074284101e-01,7.916470832691568926e-01,-2.076038637951380800e-02,1.103284130721249312e-15,-5.000000000000000000e+00
9.666666666666666741e-01,2.222004398861155972e-01,7.916470832687154680e-01,7.294695376520304864e-05,-1.059405584091788199e-10,4.999999999986962429e+00
9.708333333333333259e-01,2.217661684074289929e-01,7.916470832687154680e-01,-2.076038637956812913e-02,-1.561251128379126385e-16,-5.000000000000000000e+00
9.749999999999999778e-01,2.222004398861309182e-01,7.916470832682740433e-01,7.294695371087844826e-05,-1.059392192026553658e-10,4.999999999986961541e+00
9.791666666666666297e-01,2.217661684074295758e-01,7.916470832682740433e-01,-2.076038637962245373e-02,1.595945597898662527e-16,-5.000000000000000000e+00
9.833333333333332815e-01,2.222004398861462948e-01,7.916470832678326186e-01,7.294695365655384789e-05,-1.059397326808042550e-10,4.999999999986961541e+00
9.875000000000000444e-01,2.217661684074301309e-01,7.916470832678326186e-01,-2.076038637967677139e-02,-1.561251128379126385e-16,-4.999999999999998224e+00
9.916666666666666963e-01,2.222004398861616159e-01,7.916470832673911939e-01,7.294695360224312530e-05,-1.059387959301272275e-10,4.999999999986963317e+00
9.958333333333333481e-01,2.217661684074307971e-01,7.916470832673911939e-01,-2.076038637973108905e-02,1.561251128379126385e-16,-5.000000000000000000e+00
1.000000000000000000e+00,2.222004398861769370e-01,7.916470832669497693e-01,7.294695354792546382e-05,-1.059408741288514477e-10,4.999999999986963317e+00
1.004166666666666652e+00,2.217661684074314077e-01,7.916470832669497693e-01,-2.076038637978540671e-02,0.000000000000000000e+00,-5.000000000000000000e+00
1.008333333333333304e+00,2.222004398861923136e-01,7.916470832665083446e-01,7.294695349361127179e-05,-1.059408741288514477e-10,4.999999999986964205e+00
1.012499999999999956e+00,2.217661684074320183e-01,7.916470832665083446e-01,-2.076038637983971744e-02,0.000000000000000000e+00,-4.999999999999999112e+00
1.016666666666666607e+00,2.222004398862076624e-01,7.916470832660669199e-01,7.294695343929014086e-05,-1.059400414615829789e-10,4.999999999986961541e+00
1.020833333333333259e+00,2.217661684074325457e-01,7.916470832660669199e-01,-2.076038637989404551e-02,0.000000000000000000e+00,-5.000000000000000888e+00
1.024999999999999911e+00,2.222004398862230112e-01,7.916470832656254952e-01,7.294695338496207104e-05,-1.059392192026553658e-10,4.999999999986961541e+00
1.029166666666666563e+00,2.217661684074331563e-01,7.916470832656254952e-01,-2.076038637994836664e-02,1.595945597898662527e-16,-4.999999999999999112e+00
1.033333333333333437e+00,2.222004398862383323e-01,7.916470832651840706e-01,7.294695333064440956e-05,-1.059405584091788199e-10,4.999999999986962429e+00
1.037500000000000089e+00,2.217661684074337947e-01,7.916470832651840706e-01,-2.076038638000268777e-02,-1.561251128379126385e-16,-5.000000000000000000e+00
1.041666666666666741e+00,2.222004398862537089e-01,7.916470832647426459e-01,7.294695327631980919e-05,-1.059403571812556066e-10,4.999999999986961541e+00
1.045833333333333393e+00,2.217661684074344053e-01,7.916470832647426459e-01,-2.076038638005701584e-02,1.249000902703301108e-16,-5.000000000000000888e+00
1.050000000000000044e+00,2.222004398862690300e-01,7.916470832643012212e-01,7.294695322200908660e-05,-1.059387959301272275e-10,4.999999999986965982e+00
1.054166666666666696e+00,2.217661684074349326e-01,7.916470832643012212e-01,-2.076038638011132309e-02,-1.561251128379126385e-16,-5.000000000000000000e+00
1.058333333333333348e+00,2.222004398862844066e-01,7.916470832638597965e-01,7.294695316768795568e-05,-1.059397326808042550e-10,4.999999999986962429e+00
1.062500000000000000e+00,2.217661684074355710e-01,7.916470832638597965e-01,-2.076038638016563381e-02,-1.561251128379126385e-16,-4.999999999999997335e+00
1.066666666666666652e+00,2.222004398862997276e-01,7.916470832634183719e-01,7.294695311338070254e-05,-1.059408706594044958e-10,4.999999999986963317e+00
1.070833333333333304e+00,2.217661684074361816e-01,7.916470832634183719e-01,-2.076038638021995147e-02,-7.840950111415168067e-16,-5.000000000000000000e+00
1.074999999999999956e+00,2.222004398863151042e-01,7.916470832629769472e-01,7.294695305906651051e-05,-1.059402426895061922e-10,4.999999999986964205e+00
1.079166666666666607e+00,2.217661684074367923e-01,7.916470832629769472e-01,-2.076038638027426914e-02,1.595945597898662527e-16,-5.000000000000000888e+00
1.083333333333333259e+00,2.222004398863304253e-01,7.916470832625355225e-01,7.294695300474884903e-05,-1.059402426895061922e-10,4.999999999986964205e+00
1.087499999999999911e+00,2.217661684074373751e-01,7.916470832625355225e-01,-2.076038638032858680e-02,-3.157196726277788912e-16,-5.000000000000000888e+00
1.091666666666666563e+00,2.222004398863457741e-01,7.916470832620940978e-01,7.294695295043812644e-05,-1.059408706594044958e-10,4.999999999986965982e+00
1.095833333333333437e+00,2.217661684074379580e-01,7.916470832620940978e-01,-2.076038638038289405e-02,1.561251128379126385e-16,-5.000000000000000000e+00
1.100000000000000089e+00,2.222004398863611230e-01,7.916470832616526732e-01,7.294695289612046496e-05,-1.059385981716509662e-10,4.999999999986963317e+00
1.104166666666666741e+00,2.217661684074385686e-01,7.916470832616526732e-01,-2.076038638043721518e-02,-1.561251128379126385e-16,-5.000000000000000888e+00
1.108333333333333393e+00,2.222004398863765551e-01,7.916470832612112485e-01,7.294695284179933403e-05,-1.059408706594044958e-10,4.999999999986963317e+00
1.112500000000000044e+00,2.217661684074391792e-01,7.916470832612112485e-01,-2.076038638049153631e-02,1.595945597898662527e-16,-5.000000000000000888e+00
1.116666666666666696e+00,2.222004398863918762e-01,7.916470832607698238e-01,7.294695278747820311e-05,-1.059391047109059514e-10,4.999999999986963317e+00
1.120833333333333348e+00,2.217661684074397899e-01,7.916470832607698238e-01,-2.076038638054585744e-02,3.469446951953614189e-18,-5.000000000000000888e+00
1.125000000000000000e+00,2.222004398864072250e-01,7.916470832603283991e-01,7.294695273316401107e-05,-1.059402426895061922e-10,4.999999999986965094e+00
1.129166666666666652e+00,2.217661684074404005e-01,7.916470832603283991e-01,-2.076038638060016817e-02,1.561251128379126385e-16,-5.000000000000000000e+00
1.133333333333333304e+00,2.222004398864225461e-01,7.916470832598869745e-01,7.294695267884634959e-05,-1.059391012414589994e-10,4.999999999986963317e+00
1.137499999999999956e+00,2.217661684074409834e-01,7.916470832598869745e-01,-2.076038638065448583e-02,-1.595945597898662527e-16,-5.000000000000000000e+00
1.141666666666666607e+00,2.222004398864379227e-01,7.916470832594455498e-01,7.294695262452174922e-05,-1.059400414615829789e-10,4.999999999986961541e+00
1.145833333333333259e+00,2.217661684074416217e-01,7.916470832594455498e-01,-2.076038638070881043e-02,-1.561251128379126385e-16,-5.000000000000000000e+00
1.149999999999999911e+00,2.222004398864532437e-01,7.916470832590041251e-01,7.294695257021102663e-05,-1.059405584091788199e-10,4.999999999986965094e+00
1.154166666666666563e+00,2.217661684074422046e-01,7.916470832590041251e-01,-2.076038638076312115e-02,-1.262878690511115565e-15,-5.000000000000000000e+00
1.158333333333333437e+00,2.222004398864685926e-01,7.916470832585627004e-01,7.294695251590030405e-05,-1.059405584091788199e-10,4.999999999986965094e+00
1.162500000000000089e+00,2.217661684074428430e-01,7.916470832585627004e-01,-2.076038638081743187e-02,-3.157196726277788912e-16,-5.000000000000000000e+00
1.166666666666666741e+00,2.222004398864839136e-01,7.916470832581212758e-01,7.294695246158611202e-05,-1.059405584091788199e-10,4.999999999986964205e+00
1.170833333333333393e+00,2.217661684074433426e-01,7.916470832581212758e-01,-2.076038638087174606e-02,-1.561251128379126385e-16,-5.000000000000000000e+00
1.175000000000000044e+00,2.222004398864992902e-01,7.916470832576798511e-01,7.294695240727191998e-05,-1.059408706594044958e-10,4.999999999986964205e+00
1.179166666666666696e+00,2.217661684074440087e-01,7.916470832576798511e-01,-2.076038638092606026e-02,-1.595945597898662527e-16,-5.000000000000000000e+00
1.183333333333333348e+00,2.222004398865146668e-01,7.916470832572384264e-01,7.294695235295078906e-05,-1.059379667323057106e-10,4.999999999986962429e+00
1.187500000000000000e+00,2.217661684074446193e-01,7.916470832572384264e-01,-2.076038638098038139e-02,3.469446951953614189e-18,-5.000000000000000000e+00
1.191666666666666652e+00,2.222004398865299324e-01,7.916470832567970017e-01,7.294695229863312758e-05,-1.059392226721023178e-10,4.999999999986963317e+00
1.195833333333333304e+00,2.217661684074451744e-01,7.916470832567970017e-01,-2.076038638103469558e-02,-1.595945597898662527e-16,-4.999999999999999112e+00
1.199999999999999956e+00,2.222004398865453645e-01,7.916470832563555771e-01,7.294695224432240499e-05,-1.059397326808042550e-10,4.999999999986964205e+00
1.204166666666666607e+00,2.217661684074458406e-01,7.916470832563555771e-01,-2.076038638108901324e-02,1.561251128379126385e-16,-5.000000000000000888e+00
1.208333333333333259e+00,2.222004398865606301e-01,7.916470832559141524e-01,7.294695218999780462e-05,-1.059394204305785792e-10,4.999999999986962429e+00
1.212499999999999911e+00,2.217661684074463957e-01,7.916470832559141524e-01,-2.076038638114333090e-02,0.000000000000000000e+00,-4.999999999999999112e+00
1.216666666666666563e+00,2.222004398865760066e-01,7.916470832554727277e-01,7.294695213568361258e-05,-1.059408706594044958e-10,4.999999999986963317e+00
1.220833333333333437e+00,2.217661684074469508e-01,7.916470832554727277e-01,-2.076038638119764856e-02,3.157196726277788912e-16,-5.000000000000000000e+00
1.225000000000000089e+00,2.222004398865913832e-01,7.916470832550313030e-01,7.294695208136248166e-05,-1.059385947022040142e-10,4.999999999986962429e+00
1.229166666666666741e+00,2.217661684074475892e-01,7.916470832550313030e-01,-2.076038638125196623e-02,-4.718447854656915297e-16,-4.999999999999999112e+00
1.233333333333333393e+00,2.222004398866067598e-01,7.916470832545898784e-01,7.294695202704828962e-05,-1.059385981716509662e-10,4.999999999986963317e+00
1.237500000000000044e+00,2.217661684074482276e-01,7.916470832545898784e-01,-2.076038638130628389e-02,-1.561251128379126385e-16,-5.000000000000000000e+00
1.241666666666666696e+00,2.222004398866220809e-01,7.916470832541484537e-01,7.294695197272715870e-05,-1.059405584091788199e-10,4.999999999986962429e+00
1.245833333333333348e+00,2.217661684074488382e-01,7.916470832541484537e-01,-2.076038638136059808e-02,1.908195823574487804e-16,-4.999999999999998224e+00
1.250000000000000000e+00,2.222004398866374020e-01,7.916470832537070290e-01,7.294695191841643611e-05,-1.059400414615829789e-10,4.999999999986963317e+00
1.254166666666666652e+00,2.217661684074493933e-01,7.916470832537070290e-01,-2.076038638141491227e-02,-1.561251128379126385e-16,-4.999999999999999112e+00
1.258333333333333304e+00,2.222004398866527786e-01,7.916470832532656043e-01,7.294695186410571353e-05,-1.059400414615829789e-10,4.999999999986964205e+00
1.262499999999999956e+00,2.217661684074500594e-01,7.916470832532656043e-01,-2.076038638146922646e-02,1.873501354054951662e-16,-5.000000000000000000e+00
1.266666666666666607e+00,2.222004398866680996e-01,7.916470832528241797e-01,7.294695180977764370e-05,-1.059391047109059514e-10,4.999999999986960653e+00
1.270833333333333259e+00,2.217661684074506701e-01,7.916470832528241797e-01,-2.076038638152355453e-02,-3.157196726277788912e-16,-5.000000000000000000e+00
1.274999999999999911e+00,2.222004398866834207e-01,7.916470832523827550e-01,7.294695175545651278e-05,-1.059400414615829789e-10,4.999999999986962429e+00
1.279166666666666563e+00,2.217661684074512252e-01,7.916470832523827550e-01,-2.076038638157787913e-02,3.469446951953614189e-16,-5.000000000000000888e+00
1.283333333333333437e+00,2.222004398866988251e-01,7.916470832519413303e-01,7.294695170112844296e-05,-1.059397361502512069e-10,4.999999999986961541e+00
1.287500000000000089e+00,2.217661684074518358e-01,7.916470832519413303e-01,-2.076038638163220373e-02,0.000000000000000000e+00,-5.000000000000000000e+00
1.291666666666666741e+00,2.222004398867141739e-01,7.916470832514999056e-01,7.294695164682118982e-05,-1.059416929183321088e-10,4.999999999986965982e+00
1.295833333333333393e+00,2.217661684074523909e-01,7.916470832514999056e-01,-2.076038638168650752e-02,3.157196726277788912e-16,-4.999999999999999112e+00
1.300000000000000044e+00,2.222004398867295505e-01,7.916470832510584810e-01,7.294695159251046723e-05,-1.059389034829827381e-10,4.999999999986964205e+00
1.304166666666666696e+00,2.217661684074530015e-01,7.916470832510584810e-01,-2.076038638174081130e-02,1.595945597898662527e-16,-4.999999999999997335e+00
1.308333333333333348e+00,2.222004398867448716e-01,7.916470832506170563e-01,7.294695153820668354e-05,-1.059416929183321088e-10,4.999999999986964205e+00
1.312500000000000000e+00,2.217661684074536399e-01,7.916470832506170563e-01,-2.076038638179512549e-02,1.561251128379126385e-16,-5.000000000000000000e+00
1.316666666666666652e+00,2.222004398867602759e-01,7.916470832501756316e-01,7.294695148388902206e-05,-1.059400414615829789e-10,4.999999999986963317e+00
1.320833333333333304e+00,2.217661684074542783e-01,7.916470832501756316e-01,-2.076038638184943969e-02,0.000000000000000000e+00,-4.999999999999999112e+00
1.324999999999999956e+00,2.222004398867755692e-01,7.916470832497342069e-01,7.294695142958176892e-05,-1.059382755130844345e-10,4.999999999986965094e+00
1.329166666666666607e+00,2.217661684074548334e-01,7.916470832497342069e-01,-2.076038638190375388e-02,1.561251128379126385e-16,-5.000000000000000888e+00
1.333333333333333259e+00,2.222004398867909181e-01,7.916470832492927823e-01,7.294695137526063800e-05,-1.059389000135357861e-10,4.999999999986963317e+00
1.337499999999999911e+00,2.217661684074554718e-01,7.916470832492927823e-01,-2.076038638195806113e-02,-1.595945597898662527e-16,-4.999999999999997335e+00
1.341666666666666563e+00,2.222004398868062114e-01,7.916470832488513576e-01,7.294695132096032375e-05,-1.059402392200592402e-10,4.999999999986965094e+00
1.345833333333333437e+00,2.217661684074560269e-01,7.916470832488513576e-01,-2.076038638201237532e-02,1.103284130721249312e-15,-5.000000000000000888e+00
1.350000000000000089e+00,2.222004398868216435e-01,7.916470832484099329e-01,7.294695126664960116e-05,-1.059379667323057106e-10,4.999999999986965982e+00
1.354166666666666741e+00,2.217661684074566930e-01,7.916470832484099329e-01,-2.076038638206668258e-02,-1.561251128379126385e-16,-5.000000000000000000e+00
1.358333333333333393e+00,2.222004398868369368e-01,7.916470832479685082e-01,7.294695121232500079e-05,-1.059394169611316272e-10,4.999999999986961541e+00
1.362500000000000044e+00,2.217661684074572204e-01,7.916470832479685082e-01,-2.076038638212100718e-02,0.000000000000000000e+00,-5.000000000000000000e+00
1.366666666666666696e+00,2.222004398868523134e-01,7.916470832475270836e-01,7.294695115800040042e-05,-1.059397326808042550e-10,4.999999999986961541e+00
1.370833333333333348e+00,2.217661684074578865e-01,7.916470832475270836e-01,-2.076038638217533178e-02,0.000000000000000000e+00,-5.000000000000000000e+00
1.375000000000000000e+00,2.222004398868676622e-01,7.916470832470856589e-01,7.294695110368620838e-05,-1.059391047109059514e-10,4.999999999986964205e+00
1.379166666666666652e+00,2.217661684074584139e-01,7.916470832470856589e-01,-2.076038638222964944e-02,-1.561251128379126385e-16,-5.000000000000000888e+00
1.383333333333333304e+00,2.222004398868829833e-01,7.916470832466442342e-01,7.294695104935813856e-05,-1.059403571812556066e-10,4.999999999986961541e+00
1.387499999999999956e+00,2.217661684074590522e-01,7.916470832466442342e-01,-2.076038638228397404e-02,0.000000000000000000e+00,-5.000000000000000000e+00
1.391666666666666607e+00,2.222004398868982766e-01,7.916470832462028095e-01,7.294695099504394653e-05,-1.059379667323057106e-10,4.999999999986964205e+00
1.395833333333333259e+00,2.217661684074596073e-01,7.916470832462028095e-01,-2.076038638233828823e-02,0.000000000000000000e+00,-5.000000000000000000e+00
1.399999999999999911e+00,2.222004398869136810e-01,7.916470832457613849e-01,7.294695094071587671e-05,-1.059397326808042550e-10,4.999999999986960653e+00
1.404166666666666563e+00,2.217661684074602457e-01,7.916470832457613849e-01,-2.076038638239261630e-02,0.000000000000000000e+00,-5.000000000000000000e+00
1.408333333333333437e+00,2.222004398869290298e-01,7.916470832453199602e-01,7.294695088639821523e-05,-1.059397257419103511e-10,4.999999999986963317e+00
1.412500000000000089e+00,2.217661684074608286e-01,7.916470832453199602e-01,-2.076038638244693049e-02,0.000000000000000000e+00,-4.999999999999999112e+00
1.416666666666666741e+00,2.222004398869443786e-01,7.916470832448785355e-01,7.294695083208055375e-05,-1.059403571812556066e-10,4.999999999986962429e+00
1.420833333333333393e+00,2.217661684074614947e-01,7.916470832448785355e-01,-2.076038638250125162e-02,1.561251128379126385e-16,-5.000000000000000000e+00
1.425000000000000044e+00,2.222004398869596997e-01,7.916470832444371108e-01,7.294695077776289227e-05,-1.059387959301272275e-10,4.999999999986963317e+00
1.429166666666666696e+00,2.217661684074620498e-01,7.916470832444371108e-01,-2.076038638255556928e-02,-1.561251128379126385e-16,-5.000000000000000000e+00
1.433333333333333348e+00,2.222004398869751041e-01,7.916470832439956862e-01,7.294695072344176134e-05,-1.059397326808042550e-10,4.999999999986962429e+00
1.437500000000000000e+00,2.217661684074626605e-01,7.916470832439956862e-01,-2.076038638260989388e-02,2.844946500601963635e-16,-5.000000000000000888e+00
1.441666666666666652e+00,2.222004398869904529e-01,7.916470832435542615e-01,7.294695066912756931e-05,-1.059405584091788199e-10,4.999999999986965094e+00
1.445833333333333304e+00,2.217661684074632156e-01,7.916470832435542615e-01,-2.076038638266420461e-02,0.000000000000000000e+00,-5.000000000000000000e+00
1.449999999999999956e+00,2.222004398870058295e-01,7.916470832431128368e-01,7.294695061482031617e-05,-1.059385947022040142e-10,4.999999999986965982e+00
1.454166666666666607e+00,2.217661684074638817e-01,7.916470832431128368e-01,-2.076038638271851533e-02,-1.595945597898662527e-16,-5.000000000000000888e+00
1.458333333333333259e+00,2.222004398870210951e-01,7.916470832426714122e-01,7.294695056049571580e-05,-1.059382789825313864e-10,4.999999999986962429e+00
1.462499999999999911e+00,2.217661684074643813e-01,7.916470832426714122e-01,-2.076038638277283299e-02,0.000000000000000000e+00,-4.999999999999999112e+00
1.466666666666666563e+00,2.222004398870364716e-01,7.916470832422299875e-01,7.294695050617111542e-05,-1.059397361502512069e-10,4.999999999986960653e+00
1.470833333333333437e+00,2.217661684074650474e-01,7.916470832422299875e-01,-2.076038638282715412e-02,0.000000000000000000e+00,-4.999999999999998224e+00
1.475000000000000089e+00,2.222004398870517927e-01,7.916470832417885628e-01,7.294695045185345395e-05,-1.059400414615829789e-10,4.999999999986961541e+00
1.479166666666666741e+00,2.217661684074656581e-01,7.916470832417885628e-01,-2.076038638288147525e-02,1.561251128379126385e-16,-4.999999999999999112e+00
1.483333333333333393e+00,2.222004398870671693e-01,7.916470832413471381e-01,7.294695039753926191e-05,-1.059405584091788199e-10,4.999999999986963317e+00
1.487500000000000044e+00,2.217661684074662964e-01,7.916470832413471381e-01,-2.076038638293578945e-02,1.561251128379126385e-16,-4.999999999999999112e+00
1.491666666666666696e+00,2.222004398870825459e-01,7.916470832409057135e-01,7.294695034322506988e-05,-1.059405584091788199e-10,4.999999999986963317e+00
1.495833333333333348e+00,2.217661684074668238e-01,7.916470832409057135e-01,-2.076038638299010364e-02,-1.595945597898662527e-16,-4.999999999999999112e+00
1.500000000000000000e+00,2.222004398870978947e-01,7.916470832404642888e-01,7.294695028890393895e-05,-1.059400414615829789e-10,4.999999999986961541e+00
1.504166666666666652e+00,2.217661684074674344e-01,7.916470832404642888e-01,-2.076038638304442824e-02,-1.561251128379126385e-16,-5.000000000000000000e+00
1.508333333333333304e+00,2.222004398871131881e-01,7.916470832400228641e-01,7.294695023458627747e-05,-1.059397326808042550e-10,4.999999999986963317e+00
1.512499999999999956e+00,2.217661684074681006e-01,7.916470832400228641e-01,-2.076038638309874590e-02,0.000000000000000000e+00,-5.000000000000000000e+00
1.516666666666666607e+00,2.222004398871285369e-01,7.916470832395814394e-01,7.294695018026167710e-05,-1.059389000135357861e-10,4.999999999986961541e+00
1.520833333333333259e+00,2.217661684074686557e-01,7.916470832395814394e-01,-2.076038638315307050e-02,0.000000000000000000e+00,-5.000000000000000000e+00
1.524999999999999911e+00,2.222004398871438857e-01,7.916470832391400148e-01,7.294695012593707673e-05,-1.059400414615829789e-10,4.999999999986961541e+00
1.529166666666666563e+00,2.217661684074692108e-01,7.916470832391400148e-01,-2.076038638320739510e-02,1.103284130721249312e-15,-5.000000000000000000e+00
1.533333333333333437e+00,2.222004398871592901e-01,7.916470832386985901e-01,7.294695007161247635e-05,-1.059394204305785792e-10,4.999999999986961541e+00
1.537500000000000089e+00,2.217661684074698769e-01,7.916470832386985901e-01,-2.076038638326171970e-02,0.000000000000000000e+00,-5.000000000000000000e+00
1.541666666666666741e+00,2.222004398871745834e-01,7.916470832382571654e-01,7.294695001729828432e-05,-1.059403571812556066e-10,4.999999999986964205e+00
1.545833333333333393e+00,2.217661684074704598e-01,7.916470832382571654e-01,-2.076038638331603389e-02,1.103284130721249312e-15,-5.000000000000000000e+00
1.550000000000000044e+00,2.222004398871899877e-01,7.916470832378157407e-01,7.294694996298409229e-05,-1.059385842938631583e-10,4.999999999986964205e+00
1.554166666666666696e+00,2.217661684074710982e-01,7.916470832378157407e-01,-2.076038638337034115e-02,0.000000000000000000e+00,-4.999999999999998224e+00
1.558333333333333348e+00,2.222004398872052811e-01,7.916470832373743161e-01,7.294694990867336970e-05,-1.059393128777230686e-10,4.999999999986963317e+00
1.562500000000000000e+00,2.217661684074716533e-01,7.916470832373743161e-01,-2.076038638342466228e-02,0.000000000000000000e+00,-5.000000000000000888e+00
1.566666666666666652e+00,2.222004398872206576e-01,7.916470832369328914e-01,7.294694985434876933e-05,-1.059394204305785792e-10,4.999999999986962429e+00
1.570833333333333304e+00,2.217661684074722916e-01,7.916470832369328914e-01,-2.076038638347898341e-02,3.469446951953614189e-16,-5.000000000000000000e+00
1.574999999999999956e+00,2.222004398872359787e-01,7.916470832364914667e-01,7.294694980003804674e-05,-1.059382824519783384e-10,4.999999999986965094e+00
1.579166666666666607e+00,2.217661684074728745e-01,7.916470832364914667e-01,-2.076038638353329413e-02,1.561251128379126385e-16,-5.000000000000000000e+00
1.583333333333333259e+00,2.222004398872513553e-01,7.916470832360500420e-01,7.294694974572038526e-05,-1.059397257419103511e-10,4.999999999986963317e+00
1.587499999999999911e+00,2.217661684074734851e-01,7.916470832360500420e-01,-2.076038638358761179e-02,0.000000000000000000e+00,-5.000000000000000000e+00
1.591666666666666563e+00,2.222004398872666764e-01,7.916470832356086174e-01,7.294694969139925433e-05,-1.059416929183321088e-10,4.999999999986962429e+00
1.595833333333333437e+00,2.217661684074740402e-01,7.916470832356086174e-01,-2.076038638364193639e-02,1.595945597898662527e-16,-5.000000000000000888e+00
1.600000000000000089e+00,2.222004398872820807e-01,7.916470832351671927e-01,7.294694963708506230e-05,-1.059405584091788199e-10,4.999999999986965094e+00
1.604166666666666741e+00,2.217661684074747064e-01,7.916470832351671927e-01,-2.076038638369624711e-02,0.000000000000000000e+00,-5.000000000000000000e+00
1.608333333333333393e+00,2.222004398872973741e-01,7.916470832347257680e-01,7.294694958277087027e-05,-1.059405584091788199e-10,4.999999999986964205e+00
1.612500000000000044e+00,2.217661684074752892e-01,7.916470832347257680e-01,-2.076038638375055784e-02,-1.595945597898662527e-16,-4.999999999999999112e+00
1.616666666666666696e+00,2.222004398873127229e-01,7.916470832342843433e-01,7.294694952846014768e-05,-1.059382789825313864e-10,4.999999999986964205e+00
1.620833333333333348e+00,2.217661684074758721e-01,7.916470832342843433e-01,-2.076038638380486856e-02,1.595945597898662527e-16,-4.999999999999999112e+00
1.625000000000000000e+00,2.222004398873281272e-01,7.916470832338429187e-01,7.294694947413554731e-05,-1.059400414615829789e-10,4.999999999986960653e+00
1.629166666666666652e+00,2.217661684074765105e-01,7.916470832338429187e-01,-2.076038638385919663e-02,1.561251128379126385e-16,-5.000000000000000000e+00
1.633333333333333304e+00,2.222004398873434206e-01,7.916470832334014940e-01,7.294694941981094694e-05,-1.059400414615829789e-10,4.999999999986961541e+00
1.637499999999999956e+00,2.217661684074770934e-01,7.916470832334014940e-01,-2.076038638391352470e-02,-1.561251128379126385e-16,-5.000000000000000888e+00
1.641666666666666607e+00,2.222004398873587416e-01,7.916470832329600693e-01,7.294694936548981601e-05,-1.059405549397318680e-10,4.999999999986963317e+00
1.645833333333333259e+00,2.217661684074776485e-01,7.916470832329600693e-01,-2.076038638396783889e-02,1.595945597898662527e-16,-4.999999999999999112e+00
1.649999999999999911e+00,2.222004398873741182e-01,7.916470832325186446e-01,7.294694931117562398e-05,-1.059392157332084139e-10,4.999999999986963317e+00
1.654166666666666563e+00,2.217661684074782591e-01,7.916470832325186446e-01,-2.076038638402215308e-02,1.561251128379126385e-16,-4.999999999999999112e+00
1.658333333333333437e+00,2.222004398873895226e-01,7.916470832320772200e-01,7.294694925685449305e-05,-1.059385877633101103e-10,4.999999999986961541e+00
1.662500000000000089e+00,2.217661684074789252e-01,7.916470832320772200e-01,-2.076038638407647768e-02,-1.561251128379126385e-16,-5.000000000000000000e+00
1.666666666666666741e+00,2.222004398874048159e-01,7.916470832316357953e-01,7.294694920254377046e-05,-1.059408637205105919e-10,4.999999999986965094e+00
1.670833333333333393e+00,2.217661684074794803e-01,7.916470832316357953e-01,-2.076038638413078841e-02,1.561251128379126385e-16,-5.000000000000000000e+00
1.675000000000000044e+00,2.222004398874202202e-01,7.916470832311943706e-01,7.294694914823304788e-05,-1.059396181890548405e-10,4.999999999986965094e+00
1.679166666666666696e+00,2.217661684074800910e-01,7.916470832311943706e-01,-2.076038638418509219e-02,-1.561251128379126385e-16,-4.999999999999998224e+00
1.683333333333333348e+00,2.222004398874355413e-01,7.916470832307529459e-01,7.294694909392232529e-05,-1.059405549397318680e-10,4.999999999986963317e+00
1.687500000000000000e+00,2.217661684074807016e-01,7.916470832307529459e-01,-2.076038638423940291e-02,0.000000000000000000e+00,-4.999999999999998224e+00
1.691666666666666652e+00,2.222004398874508624e-01,7.916470832303115213e-01,7.294694903960813326e-05,-1.059402461589531441e-10,4.999999999986962429e+00
1.695833333333333304e+00,2.217661684074812845e-01,7.916470832303115213e-01,-2.076038638429372404e-02,0.000000000000000000e+00,-5.000000000000000000e+00
1.699999999999999956e+00,2.222004398874662390e-01,7.916470832298700966e-01,7.294694898529394123e-05,-1.059405549397318680e-10,4.999999999986964205e+00
1.704166666666666607e+00,2.217661684074819228e-01,7.916470832298700966e-01,-2.076038638434803824e-02,-1.561251128379126385e-16,-5.000000000000000000e+00
1.708333333333333259e+00,2.222004398874815601e-01,7.916470832294286719e-01,7.294694893097974919e-05,-1.059400449310299308e-10,4.999999999986964205e+00
1.712499999999999911e+00,2.217661684074825057e-01,7.916470832294286719e-01,-2.076038638440234549e-02,1.561251128379126385e-16,-4.999999999999998224e+00
1.716666666666666563e+00,2.222004398874968811e-01,7.916470832289872472e-01,7.294694887667249605e-05,-1.059394169611316272e-10,4.999999999986964205e+00
1.720833333333333437e+00,2.217661684074831163e-01,7.916470832289872472e-01,-2.076038638445665968e-02,3.157196726277788912e-16,-5.000000000000000000e+00
1.725000000000000089e+00,2.222004398875122577e-01,7.916470832285458226e-01,7.294694882235483457e-05,-1.059382824519783384e-10,4.999999999986963317e+00
1.729166666666666741e+00,2.217661684074837547e-01,7.916470832285458226e-01,-2.076038638451098081e-02,3.157196726277788912e-16,-5.000000000000000888e+00
1.733333333333333393e+00,2.222004398875275788e-01,7.916470832281043979e-01,7.294694876803023420e-05,-1.059385947022040142e-10,4.999999999986962429e+00
1.737500000000000044e+00,2.217661684074843098e-01,7.916470832281043979e-01,-2.076038638456530541e-02,0.000000000000000000e+00,-5.000000000000000888e+00
1.741666666666666696e+00,2.222004398875429554e-01,7.916470832276629732e-01,7.294694871371257272e-05,-1.059397326808042550e-10,4.999999999986964205e+00
1.745833333333333348e+00,2.217661684074849482e-01,7.916470832276629732e-01,-2.076038638461961613e-02,1.526556658859590243e-16,-4.999999999999999112e+00
1.750000000000000000e+00,2.222004398875582765e-01,7.916470832272215485e-01,7.294694865939838069e-05,-1.059420051685577846e-10,4.999999999986963317e+00
1.754166666666666652e+00,2.217661684074854755e-01,7.916470832272215485e-01,-2.076038638467393380e-02,-1.561251128379126385e-16,-5.000000000000000000e+00
1.758333333333333304e+00,2.222004398875736808e-01,7.916470832267801239e-01,7.294694860508418865e-05,-1.059399304392805163e-10,4.999999999986964205e+00
1.762499999999999956e+00,2.217661684074861417e-01,7.916470832267801239e-01,-2.076038638472824799e-02,0.000000000000000000e+00,-5.000000000000000000e+00
1.766666666666666607e+00,2.222004398875889741e-01,7.916470832263386992e-01,7.294694855076652718e-05,-1.059397326808042550e-10,4.999999999986963317e+00
1.770833333333333259e+00,2.217661684074867245e-01,7.916470832263386992e-01,-2.076038638478256218e-02,1.561251128379126385e-16,-4.999999999999999112e+00
1.774999999999999911e+00,2.222004398876043785e-01,7.916470832258972745e-01,7.294694849645927404e-05,-1.059399339087274683e-10,4.999999999986965094e+00
1.779166666666666563e+00,2.217661684074873074e-01,7.916470832258972745e-01,-2.076038638483687637e-02,-1.561251128379126385e-16,-5.000000000000000888e+00
1.783333333333333437e+00,2.222004398876197273e-01,7.916470832254558498e-01,7.294694844215549034e-05,-1.059399339087274683e-10,4.999999999986967758e+00
1.787500000000000089e+00,2.217661684074879180e-01,7.916470832254558498e-01,-2.076038638489117669e-02,-1.561251128379126385e-16,-5.000000000000000000e+00
1.791666666666666741e+00,2.222004398876350484e-01,7.916470832250144252e-01,7.294694838784476776e-05,-1.059400449310299308e-10,4.999999999986965094e+00
1.795833333333333393e+00,2.217661684074885287e-01,7.916470832250144252e-01,-2.076038638494549088e-02,1.595945597898662527e-16,-5.000000000000000888e+00
1.800000000000000044e+00,2.222004398876503695e-01,7.916470832245730005e-01,7.294694833352710628e-05,-1.059384836799015517e-10,4.999999999986964205e+00
1.804166666666666696e+00,2.217661684074891115e-01,7.916470832245730005e-01,-2.076038638499980854e-02,1.561251128379126385e-16,-5.000000000000000888e+00
1.808333333333333348e+00,2.222004398876657461e-01,7.916470832241315758e-01,7.294694827921291425e-05,-1.059420051685577846e-10,4.999999999986965094e+00
1.812500000000000000e+00,2.217661684074897499e-01,7.916470832241315758e-01,-2.076038638505411926e-02,1.908195823574487804e-16,-5.000000000000000000e+00
1.816666666666666652e+00,2.222004398876810116e-01,7.916470832236901511e-01,7.294694822488484443e-05,-1.059400449310299308e-10,4.999999999986960653e+00
1.820833333333333304e+00,2.217661684074903050e-01,7.916470832236901511e-01,-2.076038638510845080e-02,-3.157196726277788912e-16,-5.000000000000000888e+00
1.824999999999999956e+00,2.222004398876964437e-01,7.916470832232487265e-01,7.294694817056371350e-05,-1.059382789825313864e-10,4.999999999986963317e+00
1.829166666666666607e+00,2.217661684074909711e-01,7.916470832232487265e-01,-2.076038638516276152e-02,-1.561251128379126385e-16,-4.999999999999998224e+00
1.833333333333333259e+00,2.222004398877117648e-01,7.916470832228073018e-01,7.294694811625299091e-05,-1.059400449310299308e-10,4.999999999986963317e+00
1.837499999999999911e+00,2.217661684074914985e-01,7.916470832228073018e-01,-2.076038638521707919e-02,-3.157196726277788912e-16,-5.000000000000000000e+00
1.841666666666666563e+00,2.222004398877271414e-01,7.916470832223658771e-01,7.294694806192839054e-05,-1.059392192026553658e-10,4.999999999986961541e+00
1.845833333333333437e+00,2.217661684074921091e-01,7.916470832223658771e-01,-2.076038638527140032e-02,-3.157196726277788912e-16,-4.999999999999999112e+00
1.850000000000000089e+00,2.222004398877424902e-01,7.916470832219244524e-01,7.294694800761766795e-05,-1.059405618786257719e-10,4.999999999986964205e+00
1.854166666666666741e+00,2.217661684074927197e-01,7.916470832219244524e-01,-2.076038638532570757e-02,0.000000000000000000e+00,-4.999999999999998224e+00
1.858333333333333393e+00,2.222004398877578946e-01,7.916470832214830278e-01,7.294694795330000647e-05,-1.059403571812556066e-10,4.999999999986961541e+00
1.862500000000000044e+00,2.217661684074933581e-01,7.916470832214830278e-01,-2.076038638538002870e-02,-1.561251128379126385e-16,-4.999999999999999112e+00
1.866666666666666696e+00,2.222004398877731601e-01,7.916470832210416031e-01,7.294694789899275333e-05,-1.059420051685577846e-10,4.999999999986965094e+00
1.870833333333333348e+00,2.217661684074939688e-01,7.916470832210416031e-01,-2.076038638543433595e-02,3.157196726277788912e-16,-4.999999999999999112e+00
1.875000000000000000e+00,2.222004398877884812e-01,7.916470832206001784e-01,7.294694784467856130e-05,-1.059399339087274683e-10,4.999999999986963317e+00
1.879166666666666652e+00,2.217661684074945516e-01,7.916470832206001784e-01,-2.076038638548865362e-02,0.000000000000000000e+00,-5.000000000000000000e+00
1.883333333333333304e+00,2.222004398878038578e-01,7.916470832201587537e-01,7.294694779036436927e-05,-1.059385947022040142e-10,4.999999999986964205e+00
1.887499999999999956e+00,2.217661684074951345e-01,7.916470832201587537e-01,-2.076038638554296434e-02,1.561251128379126385e-16,-4.999999999999999112e+00
1.891666666666666607e+00,2.222004398878192899e-01,7.916470832197173291e-01,7.294694773605364668e-05,-1.059400414615829789e-10,4.999999999986964205e+00
1.895833333333333259e+00,2.217661684074957451e-01,7.916470832197173291e-01,-2.076038638559727506e-02,0.000000000000000000e+00,-4.999999999999999112e+00
1.899999999999999911e+00,2.222004398878346110e-01,7.916470832192759044e-01,7.294694768173598520e-05,-1.059382789825313864e-10,4.999999999986962429e+00
1.904166666666666563e+00,2.217661684074963002e-01,7.916470832192759044e-01,-2.076038638565159272e-02,-3.157196726277788912e-16,-4.999999999999999112e+00
1.908333333333333437e+00,2.222004398878499321e-01,7.916470832188344797e-01,7.294694762742179317e-05,-1.059394169611316272e-10,4.999999999986963317e+00
1.912500000000000089e+00,2.217661684074969664e-01,7.916470832188344797e-01,-2.076038638570591038e-02,-1.561251128379126385e-16,-5.000000000000000000e+00
1.916666666666666741e+00,2.222004398878652531e-01,7.916470832183930550e-01,7.294694757310760114e-05,-1.059399373781744202e-10,4.999999999986964205e+00
1.920833333333333393e+00,2.217661684074975492e-01,7.916470832183930550e-01,-2.076038638576022458e-02,-3.157196726277788912e-16,-5.000000000000000000e+00
1.925000000000000044e+00,2.222004398878806297e-01,7.916470832179516304e-01,7.294694751879340910e-05,-1.059385912327570622e-10,4.999999999986964205e+00
1.929166666666666696e+00,2.217661684074981321e-01,7.916470832179516304e-01,-2.076038638581453877e-02,1.561251128379126385e-16,-5.000000000000000000e+00
1.933333333333333348e+00,2.222004398878960063e-01,7.916470832175102057e-01,7.294694746446533928e-05,-1.059403571812556066e-10,4.999999999986960653e+00
1.937500000000000000e+00,2.217661684074987427e-01,7.916470832175102057e-01,-2.076038638586886684e-02,-1.561251128379126385e-16,-5.000000000000000000e+00
1.941666666666666652e+00,2.222004398879112996e-01,7.916470832170687810e-01,7.294694741014073891e-05,-1.059391081803529033e-10,4.999999999986961541e+00
1.945833333333333304e+00,2.217661684074993533e-01,7.916470832170687810e-01,-2.076038638592319491e-02,-1.561251128379126385e-16,-5.000000000000000888e+00
1.949999999999999956e+00,2.222004398879266485e-01,7.916470832166273564e-01,7.294694735582307743e-05,-1.059416963877790607e-10,4.999999999986964205e+00
1.954166666666666607e+00,2.217661684074999640e-01,7.916470832166273564e-01,-2.076038638597750910e-02,0.000000000000000000e+00,-5.000000000000000000e+00
1.958333333333333259e+00,2.222004398879419695e-01,7.916470832161859317e-01,7.294694730150541595e-05,-1.059389000135357861e-10,4.999999999986963317e+00
1.962499999999999911e+00,2.217661684075005746e-01,7.916470832161859317e-01,-2.076038638603182676e-02,3.469446951953614189e-18,-5.000000000000000000e+00
1.966666666666666563e+00,2.222004398879573461e-01,7.916470832157445070e-01,7.294694724719122392e-05,-1.059377655043824973e-10,4.999999999986964205e+00
1.970833333333333437e+00,2.217661684075011297e-01,7.916470832157445070e-01,-2.076038638608614442e-02,1.595945597898662527e-16,-5.000000000000000888e+00
1.975000000000000089e+00,2.222004398879726672e-01,7.916470832153030823e-01,7.294694719286315410e-05,-1.059392157332084139e-10,4.999999999986961541e+00
1.979166666666666741e+00,2.217661684075017403e-01,7.916470832153030823e-01,-2.076038638614046902e-02,1.561251128379126385e-16,-5.000000000000000000e+00
1.983333333333333393e+00,2.222004398879879883e-01,7.916470832148616577e-01,7.294694713854896206e-05,-1.059385877633101103e-10,4.999999999986964205e+00
1.987500000000000044e+00,2.217661684075023232e-01,7.916470832148616577e-01,-2.076038638619478668e-02,1.561251128379126385e-16,-5.000000000000000888e+00
1.991666666666666696e+00,2.222004398880034204e-01,7.916470832144202330e-01,7.294694708422436169e-05,-1.059411829096301716e-10,4.999999999986962429e+00
1.995833333333333348e+00,2.217661684075029060e-01,7.916470832144202330e-01,-2.076038638624910782e-02,3.469446951953614189e-16,-5.000000000000000000e+00
2.000000000000000000e+00,2.222004398880187415e-01,7.916470832139788083e-01,7.294694702989976132e-05,-1.059394204305785792e-10,4.999999999986961541e+00
