# Time, SliderHeight, Motor1Pos, Motor2Pos, Motor1Vel, Motor2Vel
0.000000000000000000e+00,2.874645000000566331e-01,0.000000000000000000e+00,0.000000000000000000e+00,0.000000000000000000e+00,0.000000000000000000e+00
4.166666666666666609e-03,2.874645000000566331e-01,2.083333333333333218e-02,2.083198625620850952e-02,5.000000000000000000e+00,4.999676701490042063e+00
8.333333333333333218e-03,2.882853511927129242e-01,4.166666666666666435e-02,-3.263060019964569847e-07,5.000000000000000000e+00,-4.999755014930521213e+00
1.250000000000000069e-02,2.895337181475950428e-01,6.250000000000000000e-02,2.083180426917186426e-02,5.000000000000000000e+00,4.999711338041726627e+00
1.666666666666666644e-02,2.899150292051934641e-01,8.333333333333332871e-02,-7.459692407292550786e-07,5.000000000000000000e+00,-4.999812057219022776e+00
2.083333333333333218e-02,2.907484777944997489e-01,1.041666666666666574e-01,2.083167234618607186e-02,5.000000000000000000e+00,4.999780395702432045e+00
2.500000000000000139e-02,2.906928615705809960e-01,1.249999999999999861e-01,-1.078781388968996779e-06,5.000000000000000000e+00,-4.999860270618009750e+00
2.916666666666666713e-02,2.911129204465169873e-01,1.458333333333333148e-01,2.083157237446577048e-02,5.000000000000000000e+00,4.999836277405137253e+00
3.333333333333333287e-02,2.906192288273641844e-01,1.666666666666666574e-01,2.364812522193115996e-08,5.000000000000000000e+00,-4.999571694321732096e+00
3.749999999999999861e-02,2.906236061138351423e-01,1.875000000000000000e-01,2.083285957224243964e-02,5.000000000000000000e+00,4.999880621788132196e+00
4.166666666666666435e-02,2.896908650712804456e-01,2.083333333333333426e-01,8.526742265868580972e-07,5.000000000000000000e+00,-4.999681655523804835e+00
4.583333333333333010e-02,2.892813878865065358e-01,2.291666666666666852e-01,2.083266586867476428e-02,5.000000000000000000e+00,4.999635166667562913e+00
5.000000000000000278e-02,2.879127562947157992e-01,2.500000000000000000e-01,2.894478110977705132e-07,5.000000000000000000e+00,-4.999770341007280017e+00
5.416666666666666852e-02,2.870874413599376340e-01,2.708333333333333148e-01,2.083252619165106012e-02,5.000000000000000000e+00,4.999736818521591353e+00
5.833333333333333426e-02,2.852822942702223918e-01,2.916666666666666297e-01,-1.333107874472438947e-07,5.000000000000000000e+00,-4.999838280585241712e+00
6.250000000000000000e-02,2.840393145671950004e-01,3.124999999999999445e-01,2.083242746997877870e-02,5.000000000000000000e+00,4.999814587383894171e+00
6.666666666666666574e-02,2.817972460296727100e-01,3.333333333333332593e-01,-4.428598242497971960e-07,5.000000000000000000e+00,-4.999888879152726950e+00
7.083333333333333148e-02,2.801349345652704437e-01,3.541666666666665741e-01,2.083235906984345909e-02,5.000000000000000000e+00,4.999872463120250465e+00
7.499999999999999722e-02,2.774557320215085277e-01,3.749999999999998890e-01,7.100622062099215537e-07,5.000000000000000000e+00,-4.999595761832940077e+00
7.916666666666666297e-02,2.753725580305855791e-01,3.958333333333332038e-01,2.083368660932597913e-02,5.000000000000000000e+00,4.999914371308745054e+00
8.333333333333332871e-02,2.722562025230183536e-01,4.166666666666665186e-01,1.523832863042223762e-06,5.000000000000000000e+00,-4.999719066351104857e+00
8.749999999999999445e-02,2.697508634626852864e-01,4.374999999999998335e-01,2.083353748568761085e-02,5.000000000000000000e+00,4.999683276677896693e+00
9.166666666666666019e-02,2.661975530377183596e-01,4.583333333333331483e-01,1.000306269278300464e-06,5.000000000000000000e+00,-4.999808923060399479e+00
9.583333333333333981e-02,2.632688787018233056e-01,4.791666666666664631e-01,2.083343417558939162e-02,5.000000000000000000e+00,4.999784128636827418e+00
1.000000000000000056e-01,2.592789560911475943e-01,4.999999999999997780e-01,6.307876866222528189e-07,5.000000000000000000e+00,-4.999872813096664537e+00
1.041666666666666713e-01,2.559259481282947224e-01,5.208333333333331483e-01,2.083336379478271591e-02,5.000000000000000000e+00,4.999855921703062478e+00
1.083333333333333370e-01,2.514999800067209135e-01,5.416666666666665186e-01,3.756838941847140401e-07,5.000000000000000000e+00,-4.999917146613247709e+00
1.125000000000000028e-01,2.477218139701562460e-01,5.624999999999998890e-01,2.083370901722751689e-02,5.000000000000000000e+00,5.000000000000000000e+00
1.166666666666666685e-01,2.428605523713958103e-01,5.832695553959037493e-01,1.993072350237046209e-04,4.984693295016938031e+00,-4.952256427728914723e+00
1.208333333333333343e-01,2.436670289366245634e-01,6.041028887292371197e-01,2.103264056835704027e-02,5.000000000000000000e+00,5.000000000000000888e+00
1.250000000000000000e-01,2.433845369423779104e-01,6.249362220625704900e-01,2.004419029157551713e-04,5.000000000000000000e+00,-4.999727679705908479e+00
1.291666666666666796e-01,2.437613738846922395e-01,6.457695553959038604e-01,2.103251068555525224e-02,5.000000000000000000e+00,4.999696507833479409e+00
1.333333333333333315e-01,2.430377464461828119e-01,6.666028887292372307e-01,1.999309912322083660e-04,5.000000000000000000e+00,-4.999819126637530253e+00
1.375000000000000111e-01,2.429838668308211269e-01,6.874362220625706010e-01,2.103242152239932772e-02,5.000000000000000000e+00,4.999797727480109089e+00
1.416666666666666630e-01,2.418241213504591647e-01,7.082695553959039714e-01,1.995809484160726566e-04,5.000000000000000000e+00,-4.999881737755980993e+00
1.458333333333333426e-01,2.413391992274769859e-01,7.291028887292373417e-01,2.103236056288862801e-02,5.000000000000000000e+00,4.999867107473413341e+00
1.499999999999999944e-01,2.397446448102241445e-01,7.499362220625707121e-01,1.993445796918680291e-04,5.000000000000000000e+00,-4.999923835967222452e+00
1.541666666666666741e-01,2.388285277014770280e-01,7.707695553959040824e-01,2.103231922777015761e-02,5.000000000000000000e+00,4.999913915538789944e+00
1.583333333333333259e-01,2.368006564824381710e-01,7.916028887292374527e-01,1.991874923327162372e-04,5.000000000000000000e+00,-4.999951616504985985e+00
1.625000000000000056e-01,2.354533701719062344e-01,7.916028887292374527e-01,2.103356134868253000e-02,-8.881784197001252323e-16,5.000249725523955746e+00
1.666666666666666574e-01,2.334562803539545206e-01,7.916028887292374527e-01,2.003792590561104259e-04,0.000000000000000000e+00,-4.999963701510340641e+00
1.708333333333333370e-01,2.321875138483520673e-01,7.916028887292374527e-01,2.103349109674583842e-02,0.000000000000000000e+00,4.999946841045534995e+00
1.749999999999999889e-01,2.298545644588070869e-01,7.916028887292374527e-01,2.003090008671527811e-04,0.000000000000000000e+00,-4.999963703010884331e+00
1.791666666666666685e-01,2.282500134690793603e-01,7.916028887292374527e-01,2.103342084059918113e-02,0.000000000000000000e+00,4.999946841535686914e+00
1.833333333333333204e-01,2.255813861897599804e-01,7.916028887292374527e-01,2.002387433818163254e-04,0.000000000000000000e+00,-4.999963703332167775e+00
1.875000000000000000e-01,2.236412683837683824e-01,7.916028887292374527e-01,2.103335058515465317e-02,0.000000000000000000e+00,4.999946842025480898e+00
1.916666666666666796e-01,2.206371898248710162e-01,7.916028896906196488e-01,2.000167023009646883e-04,2.307317323139990162e-07,-5.000000131884885235e+00
1.958333333333333315e-01,2.207338126745462259e-01,7.916028893156439317e-01,2.103334997935034714e-02,-8.999417671837206534e-08,4.999999986491851622e+00
2.000000000000000111e-01,2.208145185366907626e-01,7.916028893156439317e-01,2.000166460170045568e-04,0.000000000000000000e+00,-5.000000000000002665e+00
2.041666666666666630e-01,2.216190950590359310e-01,7.916028893154278823e-01,2.103334997931791475e-02,-5.184354681664338216e-11,4.999999999992218669e+00
2.083333333333333426e-01,2.216289783260344814e-01,7.916028893154278823e-01,2.000166459845756362e-04,0.000000000000000000e+00,-5.000000000000001776e+00
2.124999999999999944e-01,2.223627468614962632e-01,7.916028893154278823e-01,2.103334997931790781e-02,0.000000000000000000e+00,5.000000000000000000e+00
2.166666666666666741e-01,2.220318449677057548e-01,7.916028893154278823e-01,2.000166459845791056e-04,0.000000000000000000e+00,-4.999999999999999112e+00
2.208333333333333259e-01,2.224248987896496610e-01,7.916028893154041235e-01,2.103334997931434816e-02,-5.689698712174617867e-12,4.999999999999144684e+00
2.250000000000000056e-01,2.217617364752181019e-01,7.916028893154041235e-01,2.000166459810194530e-04,0.000000000000000000e+00,-4.999999999999999112e+00
2.291666666666666574e-01,2.218226033173648359e-01,7.916028891808072343e-01,2.103334995911131447e-02,-3.230326402550720566e-08,4.999999995151270582e+00
2.333333333333333370e-01,2.217617364768463828e-01,7.916028891808072343e-01,2.000166257779822931e-04,0.000000000000000000e+00,-5.000000000000000000e+00
2.374999999999999889e-01,2.224247692756379513e-01,7.916028891808072343e-01,2.103334995911131447e-02,0.000000000000000000e+00,5.000000000000000000e+00
2.416666666666666685e-01,2.220231479672571395e-01,7.916028891808072343e-01,2.000166257779822931e-04,0.000000000000000000e+00,-5.000000000000000000e+00
2.458333333333333204e-01,2.223454975604032824e-01,7.916028891807151968e-01,2.103334995909748872e-02,-2.209283450627097523e-11,4.999999999996681765e+00
2.500000000000000000e-01,2.217617364754401188e-01,7.916028891807151968e-01,2.000166257641565470e-04,0.000000000000000000e+00,-5.000000000000000000e+00
2.541666666666666519e-01,2.219019865129854274e-01,7.916028891531556866e-01,2.103334995496079773e-02,-6.614284481232246549e-09,4.999999999007194162e+00
2.583333333333333592e-01,2.217617364757726861e-01,7.916028891531556866e-01,2.000166216274655573e-04,0.000000000000000000e+00,-5.000000000000000000e+00
2.625000000000000111e-01,2.223454023413045377e-01,7.916028891531556866e-01,2.103334995496080120e-02,0.000000000000000000e+00,5.000000000000000888e+00
2.666666666666666630e-01,2.218644321263604502e-01,7.916028891531556866e-01,2.000166216274690267e-04,0.000000000000000000e+00,-5.000000000000000000e+00
2.708333333333333148e-01,2.221074501386505751e-01,7.916028891516482258e-01,2.103334995473453081e-02,-3.617916244369467904e-10,4.999999999945694995e+00
2.750000000000000222e-01,2.217617364755028464e-01,7.916028891516482258e-01,2.000166214011986354e-04,0.000000000000000000e+00,-5.000000000000000000e+00
2.791666666666666741e-01,2.221399816886790723e-01,7.916028891511879273e-01,2.103334995466544372e-02,-1.104711010169179275e-10,4.999999999983418597e+00
2.833333333333333259e-01,2.217617364754926323e-01,7.916028891511879273e-01,2.000166213321150077e-04,0.000000000000000000e+00,-4.999999999999999112e+00
2.874999999999999778e-01,2.221074571175410406e-01,7.916028891506154963e-01,2.103334995457952633e-02,-1.373759266065643914e-10,4.999999999979379162e+00
2.916666666666666852e-01,2.217617364754947695e-01,7.916028891506154963e-01,2.000166212461941539e-04,0.000000000000000000e+00,-5.000000000000000000e+00
2.958333333333333370e-01,2.221399747112879353e-01,7.916028891501550868e-01,2.103334995451042536e-02,-1.104965667575452670e-10,4.999999999983415933e+00
2.999999999999999889e-01,2.217617364754943254e-01,7.916028891501550868e-01,2.000166211770931790e-04,0.000000000000000000e+00,-5.000000000000000000e+00
3.041666666666666408e-01,2.221074640934332656e-01,7.916028891495826558e-01,2.103334995442451491e-02,-1.373751078170837303e-10,4.999999999979380938e+00
3.083333333333333481e-01,2.217617364754965736e-01,7.916028891495826558e-01,2.000166210911862030e-04,0.000000000000000000e+00,-4.999999999999999112e+00
3.125000000000000000e-01,2.221399677368904313e-01,7.916028891491221353e-01,2.103334995435539659e-02,-1.105229727182965860e-10,4.999999999983410603e+00
3.166666666666666519e-01,2.217617364754961296e-01,7.916028891491221353e-01,2.000166210220644114e-04,0.000000000000000000e+00,-5.000000000000000000e+00
3.208333333333333592e-01,2.221074710663327456e-01,7.916028891485498153e-01,2.103334995426948961e-02,-1.373698724216332323e-10,4.999999999979381826e+00
3.250000000000000111e-01,2.217617364754980724e-01,7.916028891485498153e-01,2.000166209361539660e-04,0.000000000000000000e+00,-5.000000000000000888e+00
3.291666666666666630e-01,2.221399607654843122e-01,7.916028891480891838e-01,2.103334995420036088e-02,-1.105500066489462085e-10,4.999999999983409715e+00
3.333333333333333148e-01,2.217617364754976284e-01,7.916028891480891838e-01,2.000166208670287049e-04,0.000000000000000000e+00,-5.000000000000000000e+00
3.375000000000000222e-01,2.221074780362408685e-01,7.916028891475168638e-01,2.103334995411445391e-02,-1.373679225924462344e-10,4.999999999979381826e+00
3.416666666666666741e-01,2.217617364754998766e-01,7.916028891475168638e-01,2.000166207811251984e-04,0.000000000000000000e+00,-4.999999999999999112e+00
3.458333333333333259e-01,2.221399537970696059e-01,7.916028891470561213e-01,2.103334995404530089e-02,-1.105770405795958311e-10,4.999999999983402610e+00
3.499999999999999778e-01,2.217617364754992382e-01,7.916028891470561213e-01,2.000166207119687123e-04,0.000000000000000000e+00,-5.000000000000000000e+00
3.541666666666666852e-01,2.221074850031584114e-01,7.916028891464838013e-01,2.103334995395939044e-02,-1.373627600553817274e-10,4.999999999979380938e+00
3.583333333333333370e-01,2.217617364755010700e-01,7.916028891464838013e-01,2.000166206260582669e-04,0.000000000000000000e+00,-5.000000000000000000e+00
3.624999999999999889e-01,2.221399468316436199e-01,7.916028891460229477e-01,2.103334995389020620e-02,-1.106032487818708887e-10,4.999999999983395504e+00
3.666666666666666408e-01,2.217617364755013476e-01,7.916028891460229477e-01,2.000166205568740252e-04,0.000000000000000000e+00,-5.000000000000000000e+00
3.708333333333333481e-01,2.221074919670889547e-01,7.916028891454506278e-01,2.103334995380430270e-02,-1.373583469188588424e-10,4.999999999979382714e+00
3.750000000000000000e-01,2.217617364755031795e-01,7.916028891454506278e-01,2.000166204709705187e-04,0.000000000000000000e+00,-5.000000000000000000e+00
3.791666666666666519e-01,2.221399398692058269e-01,7.916028891449896632e-01,2.103334995373511845e-02,-1.106293390229495799e-10,4.999999999983395504e+00
3.833333333333333592e-01,2.217617364755029019e-01,7.916028891449896632e-01,2.000166204017897464e-04,0.000000000000000000e+00,-4.999999999999999112e+00
3.875000000000000111e-01,2.221074989280307777e-01,7.916028891444173432e-01,2.103334995364921495e-02,-1.373544403215909426e-10,4.999999999979381826e+00
3.916666666666666630e-01,2.217617364755047338e-01,7.916028891444173432e-01,2.000166203158827705e-04,0.000000000000000000e+00,-5.000000000000000000e+00
3.958333333333333148e-01,2.221399329097550335e-01,7.916028891439562676e-01,2.103334995358001336e-02,-1.106554327334752230e-10,4.999999999983391064e+00
4.000000000000000222e-01,2.217617364755043452e-01,7.916028891439562676e-01,2.000166202466811816e-04,0.000000000000000000e+00,-5.000000000000000000e+00
4.041666666666666741e-01,2.221075058859861007e-01,7.916028891433839476e-01,2.103334995349411332e-02,-1.373531149928552964e-10,4.999999999979383603e+00
4.083333333333333259e-01,2.217617364755067599e-01,7.916028891433839476e-01,2.000166201607811445e-04,0.000000000000000000e+00,-5.000000000000000000e+00
4.124999999999999778e-01,2.221399259532909620e-01,7.916028891429227610e-01,2.103334995342488745e-02,-1.106816478746441845e-10,4.999999999983385734e+00
4.166666666666666852e-01,2.217617364755060660e-01,7.916028891429227610e-01,2.000166200915552694e-04,0.000000000000000000e+00,-5.000000000000000000e+00
4.208333333333333370e-01,2.221075128409557564e-01,7.916028891423504410e-01,2.103334995333898741e-02,-1.373483896061067355e-10,4.999999999979383603e+00
4.249999999999999889e-01,2.217617364755084808e-01,7.916028891423504410e-01,2.000166200056482935e-04,0.000000000000000000e+00,-5.000000000000001776e+00
4.291666666666666408e-01,2.221399189998113644e-01,7.916028891418891433e-01,2.103334995326973031e-02,-1.107072350459148424e-10,4.999999999983379517e+00
4.333333333333333481e-01,2.217617364755077314e-01,7.916028891418891433e-01,2.000166199364016018e-04,0.000000000000000000e+00,-4.999999999999999112e+00
4.375000000000000000e-01,2.221075197929415768e-01,7.916028891413168234e-01,2.103334995318383721e-02,-1.373444830088388358e-10,4.999999999979384491e+00
4.416666666666666519e-01,2.217617364755100351e-01,7.916028891413168234e-01,2.000166198505050341e-04,0.000000000000000000e+00,-5.000000000000000000e+00
4.458333333333333592e-01,2.221399120493146306e-01,7.916028891408554147e-01,2.103334995311459746e-02,-1.107341440764741947e-10,4.999999999983382182e+00
4.500000000000000111e-01,2.217617364755095632e-01,7.916028891408554147e-01,2.000166197812652813e-04,0.000000000000000000e+00,-5.000000000000000000e+00
4.541666666666666630e-01,2.221075267419455601e-01,7.916028891402832057e-01,2.103334995302870089e-02,-1.373400698723159508e-10,4.999999999979384491e+00
4.583333333333333148e-01,2.217617364755118947e-01,7.916028891402832057e-01,2.000166196953721831e-04,0.000000000000000000e+00,-4.999999999999999112e+00
4.625000000000000222e-01,2.221399051017997339e-01,7.916028891398216860e-01,2.103334995295942991e-02,-1.107603592176431562e-10,4.999999999983374188e+00
4.666666666666666741e-01,2.217617364755112286e-01,7.916028891398216860e-01,2.000166196260873275e-04,0.000000000000000000e+00,-5.000000000000002665e+00
4.708333333333333259e-01,2.221075336879678730e-01,7.916028891392494771e-01,2.103334995287352294e-02,-1.373366698143030362e-10,4.999999999979384491e+00
4.749999999999999778e-01,2.217617364755131715e-01,7.916028891392494771e-01,2.000166195401872904e-04,0.000000000000000000e+00,-5.000000000000000888e+00
4.791666666666666852e-01,2.221398981572646758e-01,7.916028891387878463e-01,2.103334995280423461e-02,-1.107867651783944751e-10,4.999999999983371524e+00
4.833333333333333370e-01,2.217617364755130049e-01,7.916028891387878463e-01,2.000166194709024348e-04,0.000000000000000000e+00,-5.000000000000000000e+00
4.874999999999999889e-01,2.221075406310113465e-01,7.916028891382156374e-01,2.103334995271835192e-02,-1.373345256960867289e-10,4.999999999979388043e+00
4.916666666666666408e-01,2.217617364755152809e-01,7.916028891382156374e-01,2.000166193850162755e-04,0.000000000000000000e+00,-5.000000000000000888e+00
4.958333333333333481e-01,2.221398912157094840e-01,7.916028891377538956e-01,2.103334995264905319e-02,-1.108120366299925053e-10,4.999999999983368859e+00
5.000000000000000000e-01,2.217617364755146703e-01,7.916028891377538956e-01,2.000166193157244809e-04,0.000000000000000000e+00,-4.999999999999999112e+00
5.041666666666666519e-01,2.221075475710753144e-01,7.916028891371816867e-01,2.103334995256315662e-02,-1.373306190988188291e-10,4.999999999979383603e+00
5.083333333333333037e-01,2.217617364755167242e-01,7.916028891371816867e-01,2.000166192298244439e-04,0.000000000000000000e+00,-5.000000000000000000e+00
5.124999999999999556e-01,2.221398842771317994e-01,7.916028891367198339e-01,2.103334995249384401e-02,-1.108388693327189145e-10,4.999999999983364418e+00
5.166666666666667185e-01,2.217617364755163911e-01,7.916028891367198339e-01,2.000166191605118327e-04,0.000000000000000000e+00,-5.000000000000000000e+00
5.208333333333333703e-01,2.221075545081625524e-01,7.916028891361476250e-01,2.103334995240796479e-02,-1.373260775927587218e-10,4.999999999979388932e+00
5.250000000000000222e-01,2.217617364755183895e-01,7.916028891361476250e-01,2.000166190746291428e-04,0.000000000000000000e+00,-5.000000000000000888e+00
5.291666666666666741e-01,2.221398773415306782e-01,7.916028891356856612e-01,2.103334995233861401e-02,-1.108646507930188818e-10,4.999999999983356425e+00
5.333333333333333259e-01,2.217617364755181120e-01,7.916028891356856612e-01,2.000166190052818371e-04,0.000000000000000000e+00,-5.000000000000000000e+00
5.374999999999999778e-01,2.221075614422738376e-01,7.916028891351134522e-01,2.103334995225272785e-02,-1.373229967238653870e-10,4.999999999979387155e+00
5.416666666666666297e-01,2.217617364755203324e-01,7.916028891351134522e-01,2.000166189193991473e-04,0.000000000000000000e+00,-4.999999999999999112e+00
5.458333333333332815e-01,2.221398704089054821e-01,7.916028891346513774e-01,2.103334995218339096e-02,-1.108907410340975730e-10,4.999999999983358201e+00
5.500000000000000444e-01,2.217617364755199993e-01,7.916028891346513774e-01,2.000166188500622499e-04,0.000000000000000000e+00,-4.999999999999999112e+00
5.541666666666666963e-01,2.221075683734101691e-01,7.916028891340791684e-01,2.103334995209749786e-02,-1.373177647978618410e-10,4.999999999979384491e+00
5.583333333333333481e-01,2.217617364755220533e-01,7.916028891340791684e-01,2.000166187641656823e-04,0.000000000000000000e+00,-5.000000000000000000e+00
5.625000000000000000e-01,2.221398634792541849e-01,7.916028891336169826e-01,2.103334995202812627e-02,-1.109174627145215197e-10,4.999999999983350207e+00
5.666666666666666519e-01,2.217617364755213871e-01,7.916028891336169826e-01,2.000166186947940905e-04,0.000000000000000000e+00,-5.000000000000000000e+00
5.708333333333333037e-01,2.221075753015722687e-01,7.916028891330448847e-01,2.103334995194224011e-02,-1.373135424809213134e-10,4.999999999979387155e+00
5.749999999999999556e-01,2.217617364755236353e-01,7.916028891330448847e-01,2.000166186089114007e-04,0.000000000000000000e+00,-4.999999999999999112e+00
5.791666666666667185e-01,2.221398565525761204e-01,7.916028891325825878e-01,2.103334995187285464e-02,-1.109438027557807516e-10,4.999999999983346655e+00
5.833333333333333703e-01,2.217617364755231080e-01,7.916028891325825878e-01,2.000166185395189922e-04,0.000000000000000000e+00,-5.000000000000000888e+00
5.875000000000000222e-01,2.221075822267625233e-01,7.916028891320104899e-01,2.103334995178696848e-02,-1.373113983627050061e-10,4.999999999979388043e+00
5.916666666666666741e-01,2.217617364755252174e-01,7.916028891320104899e-01,2.000166184536328329e-04,0.000000000000000000e+00,-5.000000000000000888e+00
5.958333333333333259e-01,2.221398496288693458e-01,7.916028891315480820e-01,2.103334995171756219e-02,-1.109682519484511687e-10,4.999999999983343102e+00
5.999999999999999778e-01,2.217617364755248843e-01,7.916028891315480820e-01,2.000166183842300160e-04,0.000000000000000000e+00,-5.000000000000000000e+00
6.041666666666666297e-01,2.221075891489820986e-01,7.916028891309759841e-01,2.103334995163168991e-02,-1.373076791155725118e-10,4.999999999979390708e+00
6.083333333333332815e-01,2.217617364755271048e-01,7.916028891309759841e-01,2.000166182983612040e-04,0.000000000000000000e+00,-4.999999999999999112e+00
6.125000000000000444e-01,2.221398427081331395e-01,7.916028891305134652e-01,2.103334995156227669e-02,-1.109972391777347411e-10,4.999999999983339549e+00
6.166666666666666963e-01,2.217617364755267717e-01,7.916028891305134652e-01,2.000166182289445094e-04,0.000000000000000000e+00,-5.000000000000000000e+00
6.208333333333333481e-01,2.221075960682320494e-01,7.916028891299413672e-01,2.103334995147640440e-02,-1.373047196773224954e-10,4.999999999979390708e+00
6.250000000000000000e-01,2.217617364755287979e-01,7.916028891299413672e-01,2.000166181430652890e-04,0.000000000000000000e+00,-5.000000000000001776e+00
6.291666666666666519e-01,2.221398357903655585e-01,7.916028891294787373e-01,2.103334995140695995e-02,-1.110221983791070954e-10,4.999999999983335108e+00
6.333333333333333037e-01,2.217617364755283260e-01,7.916028891294787373e-01,2.000166180736243082e-04,0.000000000000000000e+00,-5.000000000000000888e+00
6.374999999999999556e-01,2.221076029845133470e-01,7.916028891289066394e-01,2.103334995132107726e-02,-1.372988597814206457e-10,4.999999999979388932e+00
6.416666666666667185e-01,2.217617364755304910e-01,7.916028891289066394e-01,2.000166179877450878e-04,0.000000000000000000e+00,-5.000000000000000000e+00
6.458333333333333703e-01,2.221398288755659922e-01,7.916028891284438984e-01,2.103334995125162241e-02,-1.110492323097567180e-10,4.999999999983330667e+00
6.500000000000000222e-01,2.217617364755300191e-01,7.916028891284438984e-01,2.000166179182902293e-04,0.000000000000000000e+00,-5.000000000000000000e+00
6.541666666666666741e-01,2.221076098978275182e-01,7.916028891278718005e-01,2.103334995116575359e-02,-1.372960876933060348e-10,4.999999999979391596e+00
6.583333333333333259e-01,2.217617364755320175e-01,7.916028891278718005e-01,2.000166178324179478e-04,0.000000000000000000e+00,-5.000000000000000888e+00
6.624999999999999778e-01,2.221398219637326643e-01,7.916028891274089485e-01,2.103334995109628139e-02,-1.110738723220094926e-10,4.999999999983327115e+00
6.666666666666666297e-01,2.217617364755316567e-01,7.916028891274089485e-01,2.000166177629492115e-04,0.000000000000000000e+00,-5.000000000000000000e+00
6.708333333333332815e-01,2.221076168081759783e-01,7.916028891268368506e-01,2.103334995101040564e-02,-1.372924933462638108e-10,4.999999999979389820e+00
6.750000000000000444e-01,2.217617364755336551e-01,7.916028891268368506e-01,2.000166176770734605e-04,0.000000000000000000e+00,-5.000000000000000000e+00
6.791666666666666963e-01,2.221398150548645756e-01,7.916028891263738876e-01,2.103334995094091608e-02,-1.111018499422300465e-10,4.999999999983322674e+00
6.833333333333333481e-01,2.217617364755332388e-01,7.916028891263738876e-01,2.000166176075804381e-04,0.000000000000000000e+00,-5.000000000000000888e+00
6.875000000000000000e-01,2.221076237155597544e-01,7.916028891258017897e-01,2.103334995085504727e-02,-1.372902243279572332e-10,4.999999999979392484e+00
6.916666666666666519e-01,2.217617364755355980e-01,7.916028891258017897e-01,2.000166175217185649e-04,0.000000000000000000e+00,-4.999999999999999112e+00
6.958333333333333037e-01,2.221398081489611709e-01,7.916028891253387156e-01,2.103334995078555078e-02,-1.111262991349004636e-10,4.999999999983320009e+00
6.999999999999999556e-01,2.217617364755348208e-01,7.916028891253387156e-01,2.000166174522116647e-04,0.000000000000000000e+00,-5.000000000000001776e+00
7.041666666666667185e-01,2.221076306199794570e-01,7.916028891247667287e-01,2.103334995069967850e-02,-1.372860020110167056e-10,4.999999999979392484e+00
7.083333333333333703e-01,2.217617364755371523e-01,7.916028891247667287e-01,2.000166173663463220e-04,0.000000000000000000e+00,-5.000000000000000000e+00
7.125000000000000222e-01,2.221398012460204241e-01,7.916028891243035437e-01,2.103334995063017160e-02,-1.111528959152341400e-10,4.999999999983318233e+00
7.166666666666666741e-01,2.217617364755368747e-01,7.916028891243035437e-01,2.000166172968324829e-04,0.000000000000000000e+00,-5.000000000000001776e+00
7.208333333333333259e-01,2.221076375214381948e-01,7.916028891237315568e-01,2.103334995054431666e-02,-1.372817831635231300e-10,4.999999999979396037e+00
7.249999999999999778e-01,2.217617364755389842e-01,7.916028891237315568e-01,2.000166172109775486e-04,0.000000000000000000e+00,-5.000000000000001776e+00
7.291666666666666297e-01,2.221397943460406144e-01,7.916028891232682607e-01,2.103334995047478201e-02,-1.111787988061774257e-10,4.999999999983312904e+00
7.333333333333332815e-01,2.217617364755384846e-01,7.916028891232682607e-01,2.000166171414533012e-04,0.000000000000000000e+00,-4.999999999999999112e+00
7.375000000000000444e-01,2.221076444199356348e-01,7.916028891226962738e-01,2.103334995038893748e-02,-1.372779979968985486e-10,4.999999999979396037e+00
7.416666666666666963e-01,2.217617364755407050e-01,7.916028891226962738e-01,2.000166170556053058e-04,0.000000000000000000e+00,-5.000000000000000000e+00
7.458333333333333481e-01,2.221397874490211866e-01,7.916028891222328667e-01,2.103334995031938548e-02,-1.112058327368270483e-10,4.999999999983307575e+00
7.500000000000000000e-01,2.217617364755402609e-01,7.916028891222328667e-01,2.000166169860533028e-04,0.000000000000000000e+00,-5.000000000000000000e+00
7.541666666666666519e-01,2.221076513154737198e-01,7.916028891216608798e-01,2.103334995023353748e-02,-1.372749101891113099e-10,4.999999999979396037e+00
7.583333333333333037e-01,2.217617364755424814e-01,7.916028891216608798e-01,2.000166169002018379e-04,0.000000000000000000e+00,-5.000000000000000888e+00
7.624999999999999556e-01,2.221397805549606141e-01,7.916028891211973617e-01,2.103334995016396813e-02,-1.112325544172509950e-10,4.999999999983304022e+00
7.666666666666667185e-01,2.217617364755420373e-01,7.916028891211973617e-01,2.000166168306359571e-04,0.000000000000000000e+00,-5.000000000000000000e+00
7.708333333333333703e-01,2.221076582080535600e-01,7.916028891206253748e-01,2.103334995007812014e-02,-1.372705005220353769e-10,4.999999999979396037e+00
7.750000000000000222e-01,2.217617364755441467e-01,7.916028891206253748e-01,2.000166167447810228e-04,0.000000000000000000e+00,-5.000000000000001776e+00
7.791666666666666741e-01,2.221397736638574538e-01,7.916028891201617457e-01,2.103334995000854038e-02,-1.112579438300453916e-10,4.999999999983302246e+00
7.833333333333333259e-01,2.217617364755438691e-01,7.916028891201617457e-01,2.000166166752012642e-04,0.000000000000000000e+00,-5.000000000000001776e+00
7.874999999999999778e-01,2.221076650976766542e-01,7.916028891195897588e-01,2.103334994992267851e-02,-1.372667847443498346e-10,4.999999999979394261e+00
7.916666666666666297e-01,2.217617364755459786e-01,7.916028891195897588e-01,2.000166165893463299e-04,0.000000000000000000e+00,-5.000000000000000000e+00
7.958333333333332815e-01,2.221397667757106509e-01,7.916028891191261296e-01,2.103334994985307099e-02,-1.112835275318690975e-10,4.999999999983294252e+00
8.000000000000000444e-01,2.217617364755450626e-01,7.916028891191261296e-01,2.000166165197353463e-04,0.000000000000000000e+00,-5.000000000000000888e+00
8.041666666666666963e-01,2.221076719843428915e-01,7.916028891185541427e-01,2.103334994976721259e-02,-1.372638218366528662e-10,4.999999999979394261e+00
8.083333333333333481e-01,2.217617364755474219e-01,7.916028891185541427e-01,2.000166164338838815e-04,0.000000000000000000e+00,-4.999999999999999112e+00
8.125000000000000000e-01,2.221397598905194282e-01,7.916028891180904026e-01,2.103334994969760161e-02,-1.113099369620673684e-10,4.999999999983292476e+00
8.166666666666666519e-01,2.217617364755468667e-01,7.916028891180904026e-01,2.000166163642624895e-04,0.000000000000000000e+00,-5.000000000000001776e+00
8.208333333333333037e-01,2.221076788680553249e-01,7.916028891175185267e-01,2.103334994961174667e-02,-1.372590895110104015e-10,4.999999999979396037e+00
8.249999999999999556e-01,2.217617364755489484e-01,7.916028891175185267e-01,2.000166162784144941e-04,0.000000000000000000e+00,-5.000000000000000000e+00
8.291666666666667185e-01,2.221397530082814264e-01,7.916028891170546755e-01,2.103334994954211834e-02,-1.113360272031460596e-10,4.999999999983288923e+00
8.333333333333333703e-01,2.217617364755488374e-01,7.916028891170546755e-01,2.000166162087826938e-04,0.000000000000000000e+00,-5.000000000000000888e+00
8.375000000000000222e-01,2.221076857488155643e-01,7.916028891164827996e-01,2.103334994945627034e-02,-1.372582741909766924e-10,4.999999999979396925e+00
8.416666666666666741e-01,2.217617364755508358e-01,7.916028891164827996e-01,2.000166161229346984e-04,0.000000000000000000e+00,-5.000000000000000888e+00
8.458333333333333259e-01,2.221397461289957853e-01,7.916028891160188374e-01,2.103334994938661773e-02,-1.113621174442247508e-10,4.999999999983283594e+00
8.499999999999999778e-01,2.217617364755507525e-01,7.916028891160188374e-01,2.000166160532890203e-04,0.000000000000000000e+00,-4.999999999999999112e+00
8.541666666666666297e-01,2.221076926266239981e-01,7.916028891154469616e-01,2.103334994930077667e-02,-1.372532330845555038e-10,4.999999999979396925e+00
8.583333333333332815e-01,2.217617364755523623e-01,7.916028891154469616e-01,2.000166159674444943e-04,0.000000000000000000e+00,-5.000000000000000000e+00
8.625000000000000444e-01,2.221397392526605619e-01,7.916028891149828883e-01,2.103334994923111018e-02,-1.113875137959130512e-10,4.999999999983280041e+00
8.666666666666666963e-01,2.217617364755523068e-01,7.916028891149828883e-01,2.000166158977814690e-04,0.000000000000000000e+00,-4.999999999999999112e+00
8.708333333333333481e-01,2.221076995014817923e-01,7.916028891144110125e-01,2.103334994914527953e-02,-1.372496387375132798e-10,4.999999999979399590e+00
8.750000000000000000e-01,2.217617364755543052e-01,7.916028891144110125e-01,2.000166158119508208e-04,0.000000000000000000e+00,-4.999999999999999112e+00
8.791666666666666519e-01,2.221397323792762002e-01,7.916028891139468282e-01,2.103334994907560263e-02,-1.114139162872174182e-10,4.999999999983276489e+00
8.833333333333333037e-01,2.217617364755538056e-01,7.916028891139468282e-01,2.000166157422704483e-04,0.000000000000000000e+00,-5.000000000000000000e+00
8.874999999999999556e-01,2.221077063733893908e-01,7.916028891133749523e-01,2.103334994898977198e-02,-1.372465509297260411e-10,4.999999999979400478e+00
8.916666666666667185e-01,2.217617364755560538e-01,7.916028891133749523e-01,2.000166156564398001e-04,0.000000000000000000e+00,-5.000000000000000000e+00
8.958333333333333703e-01,2.221397255088410350e-01,7.916028891129106571e-01,2.103334994892007773e-02,-1.114393091694587667e-10,4.999999999983272936e+00
9.000000000000000222e-01,2.217617364755556653e-01,7.916028891129106571e-01,2.000166155867490192e-04,0.000000000000000000e+00,-4.999999999999999112e+00
9.041666666666666741e-01,2.221077132423490696e-01,7.916028891123387812e-01,2.103334994883424361e-02,-1.372406910338241914e-10,4.999999999979398702e+00
9.083333333333333259e-01,2.217617364755574971e-01,7.916028891123387812e-01,2.000166155009044933e-04,0.000000000000000000e+00,-5.000000000000001776e+00
9.124999999999999778e-01,2.221397186413525682e-01,7.916028891118743749e-01,2.103334994876452507e-02,-1.114659059497924432e-10,4.999999999983269383e+00
9.166666666666666297e-01,2.217617364755570530e-01,7.916028891118743749e-01,2.000166154311928957e-04,0.000000000000000000e+00,-5.000000000000000000e+00
9.208333333333332815e-01,2.221077201083618002e-01,7.916028891113024990e-01,2.103334994867869442e-02,-1.372376032260369527e-10,4.999999999979400478e+00
9.250000000000000444e-01,2.217617364755595788e-01,7.916028891113024990e-01,2.000166153453622475e-04,0.000000000000000000e+00,-5.000000000000000000e+00
9.291666666666666963e-01,2.221397117768116880e-01,7.916028891108379817e-01,2.103334994860896895e-02,-1.114927490608597083e-10,4.999999999983265830e+00
9.333333333333333481e-01,2.217617364755589127e-01,7.916028891108379817e-01,2.000166152756367721e-04,0.000000000000000000e+00,-5.000000000000000000e+00
9.375000000000000000e-01,2.221077269714284985e-01,7.916028891102662168e-01,2.103334994852312442e-02,-1.372351433881480176e-10,4.999999999979396925e+00
9.416666666666666519e-01,2.217617364755611331e-01,7.916028891102662168e-01,2.000166151897887767e-04,0.000000000000000000e+00,-5.000000000000000888e+00
9.458333333333333037e-01,2.221397049152151193e-01,7.916028891098015885e-01,2.103334994845338507e-02,-1.115185270517127236e-10,4.999999999983263166e+00
9.499999999999999556e-01,2.217617364755607445e-01,7.916028891098015885e-01,2.000166151200563625e-04,0.000000000000000000e+00,-4.999999999999999112e+00
9.541666666666667185e-01,2.221077338315514682e-01,7.916028891092298236e-01,2.103334994836755442e-02,-1.372304214708464087e-10,4.999999999979399590e+00
9.583333333333333703e-01,2.217617364755625764e-01,7.916028891092298236e-01,2.000166150342222449e-04,0.000000000000000000e+00,-5.000000000000000000e+00
9.625000000000000222e-01,2.221396980565614188e-01,7.916028891087650843e-01,2.103334994829778731e-02,-1.115432919640557685e-10,4.999999999983256060e+00
9.666666666666666741e-01,2.217617364755624654e-01,7.916028891087650843e-01,2.000166149644586056e-04,0.000000000000000000e+00,-4.999999999999999112e+00
9.708333333333333259e-01,2.221077406887319583e-01,7.916028891081933194e-01,2.103334994821196013e-02,-1.372276459132848458e-10,4.999999999979400478e+00
9.749999999999999778e-01,2.217617364755644915e-01,7.916028891081933194e-01,2.000166148786279574e-04,0.000000000000000000e+00,-5.000000000000000000e+00
9.791666666666666297e-01,2.221396912008505864e-01,7.916028891077284690e-01,2.103334994814218262e-02,-1.115688756658794745e-10,4.999999999983253396e+00
9.833333333333332815e-01,2.217617364755639642e-01,7.916028891077284690e-01,2.000166148088504403e-04,0.000000000000000000e+00,-5.000000000000000000e+00
9.875000000000000444e-01,2.221077475429698023e-01,7.916028891071567042e-01,2.103334994805636932e-02,-1.372240515662426219e-10,4.999999999979404919e+00
9.916666666666666963e-01,2.217617364755660181e-01,7.916028891071567042e-01,2.000166147230336700e-04,0.000000000000000000e+00,-5.000000000000000888e+00
9.958333333333333481e-01,2.221396843480809569e-01,7.916028891066917428e-01,2.103334994798656057e-02,-1.115959130659760490e-10,4.999999999983246290e+00
1.000000000000000000e+00,2.217617364755657405e-01,7.916028891066917428e-01,2.000166146532318667e-04,0.000000000000000000e+00,-4.999999999999999112e+00
1.004166666666666652e+00,2.221077543942676369e-01,7.916028891061199779e-01,2.103334994790074033e-02,-1.372198292493020944e-10,4.999999999979402254e+00
1.008333333333333304e+00,2.217617364755681275e-01,7.916028891061199779e-01,2.000166145674116269e-04,0.000000000000000000e+00,-4.999999999999999112e+00
1.012499999999999956e+00,2.221396774982518640e-01,7.916028891056549055e-01,2.103334994783094200e-02,-1.116203622586464661e-10,4.999999999983247179e+00
1.016666666666666607e+00,2.217617364755674059e-01,7.916028891056549055e-01,2.000166144976132931e-04,0.000000000000000000e+00,-4.999999999999999112e+00
1.020833333333333259e+00,2.221077612426252679e-01,7.916028891050831406e-01,2.103334994774512176e-02,-1.372159261214811465e-10,4.999999999979402254e+00
1.024999999999999911e+00,2.217617364755696818e-01,7.916028891050831406e-01,2.000166144117895839e-04,0.000000000000000000e+00,-5.000000000000000000e+00
1.029166666666666563e+00,2.221396706513612540e-01,7.916028891046179572e-01,2.103334994767529567e-02,-1.116475870088784461e-10,4.999999999983241850e+00
1.033333333333333437e+00,2.217617364755690712e-01,7.916028891046179572e-01,2.000166143419634945e-04,0.000000000000000000e+00,-5.000000000000000000e+00
1.037500000000000089e+00,2.221077680880451377e-01,7.916028891040461923e-01,2.103334994758947890e-02,-1.372112007347325857e-10,4.999999999979404031e+00
1.041666666666666741e+00,2.217617364755714027e-01,7.916028891040461923e-01,2.000166142561432547e-04,0.000000000000000000e+00,-5.000000000000000888e+00
1.045833333333333393e+00,2.221396638074081276e-01,7.916028891035808979e-01,2.103334994751963199e-02,-1.116729833605667466e-10,4.999999999983237409e+00
1.050000000000000044e+00,2.217617364755708198e-01,7.916028891035808979e-01,2.000166141862963487e-04,0.000000000000000000e+00,-5.000000000000000888e+00
1.054166666666666696e+00,2.221077749305283566e-01,7.916028891030092440e-01,2.103334994743381522e-02,-1.372095631557712636e-10,4.999999999979404919e+00
1.058333333333333348e+00,2.217617364755731235e-01,7.916028891030092440e-01,2.000166141004830478e-04,0.000000000000000000e+00,-5.000000000000000000e+00
1.062500000000000000e+00,2.221396569663909859e-01,7.916028891025438385e-01,2.103334994736395791e-02,-1.116988827820630803e-10,4.999999999983233856e+00
1.066666666666666652e+00,2.217617364755726794e-01,7.916028891025438385e-01,2.000166140306222640e-04,0.000000000000000000e+00,-5.000000000000000888e+00
1.070833333333333304e+00,2.221077817700763957e-01,7.916028891019721847e-01,2.103334994727813767e-02,-1.372064753479840249e-10,4.999999999979404031e+00
1.074999999999999956e+00,2.217617364755747333e-01,7.916028891019721847e-01,2.000166139448020242e-04,0.000000000000000000e+00,-5.000000000000000888e+00
1.079166666666666607e+00,2.221396501283081637e-01,7.916028891015066682e-01,2.103334994720826648e-02,-1.117246607729160957e-10,4.999999999983231191e+00
1.083333333333333259e+00,2.217617364755742060e-01,7.916028891015066682e-01,2.000166138749308320e-04,0.000000000000000000e+00,-5.000000000000000888e+00
1.087499999999999911e+00,2.221077886066900597e-01,7.916028891009350144e-01,2.103334994712246012e-02,-1.372002962629625955e-10,4.999999999979406695e+00
1.091666666666666563e+00,2.217617364755764542e-01,7.916028891009350144e-01,2.000166137891314089e-04,0.000000000000000000e+00,-4.999999999999999112e+00
1.095833333333333437e+00,2.221396432931593834e-01,7.916028891004693868e-01,2.103334994705257158e-02,-1.117508759140850572e-10,4.999999999983225862e+00
1.100000000000000089e+00,2.217617364755763432e-01,7.916028891004693868e-01,2.000166137192394000e-04,0.000000000000000000e+00,-5.000000000000000000e+00
1.104166666666666741e+00,2.221077954403715693e-01,7.916028890998977330e-01,2.103334994696677562e-02,-1.371997931931545622e-10,4.999999999979408472e+00
1.108333333333333393e+00,2.217617364755780640e-01,7.916028890998977330e-01,2.000166136334434464e-04,0.000000000000000000e+00,-5.000000000000000000e+00
1.112500000000000044e+00,2.221396364609418417e-01,7.916028890994319944e-01,2.103334994689687321e-02,-1.117770875858070667e-10,4.999999999983223198e+00
1.116666666666666696e+00,2.217617364755778975e-01,7.916028890994319944e-01,2.000166135635410292e-04,0.000000000000000000e+00,-5.000000000000000000e+00
1.120833333333333348e+00,2.221078022711213129e-01,7.916028890988603406e-01,2.103334994681108072e-02,-1.371953765871847253e-10,4.999999999979409360e+00
1.125000000000000000e+00,2.217617364755799791e-01,7.916028890988603406e-01,2.000166134777485449e-04,0.000000000000000000e+00,-5.000000000000000000e+00
1.129166666666666652e+00,2.221396296316560937e-01,7.916028890983944910e-01,2.103334994674115749e-02,-1.118009088085791802e-10,4.999999999983217869e+00
1.133333333333333304e+00,2.217617364755796183e-01,7.916028890983944910e-01,2.000166134078253111e-04,0.000000000000000000e+00,-5.000000000000000000e+00
1.137499999999999956e+00,2.221078090989402343e-01,7.916028890978228372e-01,2.103334994665536500e-02,-1.371908454894654739e-10,4.999999999979409360e+00
1.141666666666666607e+00,2.217617364755816167e-01,7.916028890978228372e-01,2.000166133220328268e-04,0.000000000000000000e+00,-5.000000000000000000e+00
1.145833333333333259e+00,2.221396228053000022e-01,7.916028890973568766e-01,2.103334994658543136e-02,-1.118276304890031270e-10,4.999999999983216092e+00
1.149999999999999911e+00,2.217617364755810616e-01,7.916028890973568766e-01,2.000166132520991846e-04,0.000000000000000000e+00,-5.000000000000000000e+00
1.154166666666666563e+00,2.221078159238294991e-01,7.916028890967852227e-01,2.103334994649963888e-02,-1.371878791123215535e-10,4.999999999979409360e+00
1.158333333333333437e+00,2.217617364755833376e-01,7.916028890967852227e-01,2.000166131663032310e-04,0.000000000000000000e+00,-5.000000000000000888e+00
1.162500000000000089e+00,2.221396159818730953e-01,7.916028890963191511e-01,2.103334994642967748e-02,-1.118543521694270737e-10,4.999999999983209875e+00
1.166666666666666741e+00,2.217617364755827825e-01,7.916028890963191511e-01,2.000166130963487721e-04,0.000000000000000000e+00,-4.999999999999999112e+00
1.170833333333333393e+00,2.221078227457908838e-01,7.916028890957474973e-01,2.103334994634389193e-02,-1.371841668040829632e-10,4.999999999979410248e+00
1.175000000000000044e+00,2.217617364755846698e-01,7.916028890957474973e-01,2.000166130105632267e-04,0.000000000000000000e+00,-4.999999999999999112e+00
1.179166666666666696e+00,2.221396091613726531e-01,7.916028890952813146e-01,2.103334994627392360e-02,-1.118805638411490833e-10,4.999999999983206322e+00
1.183333333333333348e+00,2.217617364755847253e-01,7.916028890952813146e-01,2.000166129405914206e-04,0.000000000000000000e+00,-5.000000000000000000e+00
1.187500000000000000e+00,2.221078295648268308e-01,7.916028890947097718e-01,2.103334994618812764e-02,-1.371797536675600782e-10,4.999999999979408472e+00
1.191666666666666652e+00,2.217617364755865017e-01,7.916028890947097718e-01,2.000166128547954669e-04,0.000000000000000000e+00,-5.000000000000000000e+00
1.195833333333333304e+00,2.221396023437980372e-01,7.916028890942434781e-01,2.103334994611813502e-02,-1.119066540822277744e-10,4.999999999983201882e+00
1.199999999999999956e+00,2.217617364755860854e-01,7.916028890942434781e-01,2.000166127847993747e-04,0.000000000000000000e+00,-5.000000000000000888e+00
1.204166666666666607e+00,2.221078363809363410e-01,7.916028890936719353e-01,2.103334994603233213e-02,-1.371769815794454672e-10,4.999999999979407583e+00
1.208333333333333259e+00,2.217617364755882781e-01,7.916028890936719353e-01,2.000166126989999515e-04,0.000000000000000000e+00,-5.000000000000000000e+00
1.212499999999999911e+00,2.221395955291491087e-01,7.916028890932055306e-01,2.103334994596231869e-02,-1.119314224640177713e-10,4.999999999983196552e+00
1.216666666666666563e+00,2.217617364755880560e-01,7.916028890932055306e-01,2.000166126289899815e-04,0.000000000000000000e+00,-4.999999999999999112e+00
1.220833333333333437e+00,2.221078431941220788e-01,7.916028890926339878e-01,2.103334994587654008e-02,-1.371732588628660210e-10,4.999999999979412024e+00
1.225000000000000089e+00,2.217617364755899989e-01,7.916028890926339878e-01,2.000166125432079056e-04,0.000000000000000000e+00,-5.000000000000000000e+00
1.229166666666666741e+00,2.221395887174231754e-01,7.916028890921674721e-01,2.103334994580651277e-02,-1.119576376051867328e-10,4.999999999983193000e+00
1.233333333333333393e+00,2.217617364755897214e-01,7.916028890921674721e-01,2.000166124731840578e-04,0.000000000000000000e+00,-4.999999999999999112e+00
1.237500000000000044e+00,2.221078500043848769e-01,7.916028890915959293e-01,2.103334994572073416e-02,-1.371694806351353435e-10,4.999999999979412024e+00
1.241666666666666696e+00,2.217617364755919973e-01,7.916028890915959293e-01,2.000166123874019819e-04,0.000000000000000000e+00,-5.000000000000000000e+00
1.245833333333333348e+00,2.221395819086201817e-01,7.916028890911293026e-01,2.103334994565069643e-02,-1.119832213070104387e-10,4.999999999983190335e+00
1.250000000000000000e+00,2.217617364755912202e-01,7.916028890911293026e-01,2.000166123173677257e-04,0.000000000000000000e+00,-4.999999999999999112e+00
1.254166666666666652e+00,2.221078568117250129e-01,7.916028890905577597e-01,2.103334994556491783e-02,-1.371660771076754770e-10,4.999999999979412024e+00
1.258333333333333304e+00,2.217617364755936626e-01,7.916028890905577597e-01,2.000166122315821804e-04,0.000000000000000000e+00,-5.000000000000000888e+00
1.262499999999999956e+00,2.221395751027385734e-01,7.916028890900910220e-01,2.103334994549486275e-02,-1.120096237983148058e-10,4.999999999983187671e+00
1.266666666666666607e+00,2.217617364755930798e-01,7.916028890900910220e-01,2.000166121615305770e-04,0.000000000000000000e+00,-5.000000000000000000e+00
1.270833333333333259e+00,2.221078636161450959e-01,7.916028890895194792e-01,2.103334994540908415e-02,-1.371628019497528328e-10,4.999999999979412912e+00
1.274999999999999911e+00,2.217617364755953280e-01,7.916028890895194792e-01,2.000166120757485011e-04,0.000000000000000000e+00,-5.000000000000000888e+00
1.279166666666666563e+00,2.221395682997763799e-01,7.916028890890526304e-01,2.103334994533901520e-02,-1.120343991189987065e-10,4.999999999983184118e+00
1.283333333333333437e+00,2.217617364755947451e-01,7.916028890890526304e-01,2.000166120056830199e-04,0.000000000000000000e+00,-5.000000000000000000e+00
1.287500000000000089e+00,2.221078704176460139e-01,7.916028890884810876e-01,2.103334994525324700e-02,-1.371585796328123052e-10,4.999999999979415577e+00
1.291666666666666741e+00,2.217617364755968823e-01,7.916028890884810876e-01,2.000166119199113524e-04,0.000000000000000000e+00,-5.000000000000000888e+00
1.295833333333333393e+00,2.221395614997324630e-01,7.916028890880141278e-01,2.103334994518315723e-02,-1.120585291225495439e-10,4.999999999983178789e+00
1.300000000000000044e+00,2.217617364755964382e-01,7.916028890880141278e-01,2.000166118498250545e-04,0.000000000000000000e+00,-5.000000000000000000e+00
1.304166666666666696e+00,2.221078772162293768e-01,7.916028890874426960e-01,2.103334994509737169e-02,-1.371553079443366130e-10,4.999999999979411136e+00
1.308333333333333348e+00,2.217617364755987142e-01,7.916028890874426960e-01,2.000166117640395091e-04,0.000000000000000000e+00,-5.000000000000000000e+00
1.312500000000000000e+00,2.221395547026061013e-01,7.916028890869756252e-01,2.103334994502727151e-02,-1.120860695924541517e-10,4.999999999983176124e+00
1.316666666666666652e+00,2.217617364755979925e-01,7.916028890869756252e-01,2.000166116939393335e-04,0.000000000000000000e+00,-5.000000000000000000e+00
1.320833333333333304e+00,2.221078840118955178e-01,7.916028890864041934e-01,2.103334994494149637e-02,-1.371517066584004851e-10,4.999999999979413801e+00
1.324999999999999956e+00,2.217617364755999354e-01,7.916028890864041934e-01,2.000166116081607270e-04,0.000000000000000000e+00,-5.000000000000000888e+00
1.329166666666666607e+00,2.221395479083951296e-01,7.916028890859370115e-01,2.103334994487137885e-02,-1.121125935144018371e-10,4.999999999983172572e+00
1.333333333333333259e+00,2.217617364756001574e-01,7.916028890859370115e-01,2.000166115380466736e-04,0.000000000000000000e+00,-5.000000000000000000e+00
1.337499999999999911e+00,2.221078908046481004e-01,7.916028890853655797e-01,2.103334994478559331e-02,-1.371483100698345226e-10,4.999999999979411136e+00
1.341666666666666563e+00,2.217617364756020448e-01,7.916028890853655797e-01,2.000166114522611283e-04,0.000000000000000000e+00,-5.000000000000000000e+00
1.345833333333333437e+00,2.221395411170988266e-01,7.916028890848982869e-01,2.103334994471545843e-02,-1.121384964053451228e-10,4.999999999983167243e+00
1.350000000000000089e+00,2.217617364756017673e-01,7.916028890848982869e-01,2.000166113821262581e-04,0.000000000000000000e+00,-5.000000000000000000e+00
1.354166666666666741e+00,2.221078975944855427e-01,7.916028890843268551e-01,2.103334994462969371e-02,-1.371455345122729597e-10,4.999999999979416465e+00
1.358333333333333393e+00,2.217617364756038212e-01,7.916028890843268551e-01,2.000166112963580600e-04,0.000000000000000000e+00,-5.000000000000000888e+00
1.362500000000000044e+00,2.221395343287163593e-01,7.916028890838594512e-01,2.103334994455955884e-02,-1.121652146163221175e-10,4.999999999983168131e+00
1.366666666666666696e+00,2.217617364756033216e-01,7.916028890838594512e-01,2.000166112262266593e-04,0.000000000000000000e+00,-5.000000000000000000e+00
1.370833333333333348e+00,2.221079043814096488e-01,7.916028890832880194e-01,2.103334994447378717e-02,-1.371419436346776877e-10,4.999999999979414689e+00
1.375000000000000000e+00,2.217617364756055975e-01,7.916028890832880194e-01,2.000166111404584612e-04,0.000000000000000000e+00,-4.999999999999999112e+00
1.379166666666666652e+00,2.221395275432465621e-01,7.916028890828206155e-01,2.103334994440362107e-02,-1.121885327692861978e-10,4.999999999983159249e+00
1.383333333333333304e+00,2.217617364756050979e-01,7.916028890828206155e-01,2.000166110702923661e-04,0.000000000000000000e+00,-4.999999999999999112e+00
1.387499999999999956e+00,2.221079111654221672e-01,7.916028890822491837e-01,2.103334994431785634e-02,-1.371369025282564991e-10,4.999999999979415577e+00
1.391666666666666607e+00,2.217617364756072629e-01,7.916028890822491837e-01,2.000166109845206985e-04,0.000000000000000000e+00,-5.000000000000000888e+00
1.395833333333333259e+00,2.221395207606876310e-01,7.916028890817816688e-01,2.103334994424767290e-02,-1.122138042208842279e-10,4.999999999983156584e+00
1.399999999999999911e+00,2.217617364756069021e-01,7.916028890817816688e-01,2.000166109143441950e-04,0.000000000000000000e+00,-4.999999999999999112e+00
1.404166666666666563e+00,2.221079179465245135e-01,7.916028890812102370e-01,2.103334994416191511e-02,-1.371333081812142751e-10,4.999999999979417353e+00
1.408333333333333437e+00,2.217617364756089560e-01,7.916028890812102370e-01,2.000166108285829358e-04,0.000000000000000000e+00,-5.000000000000000000e+00
1.412500000000000089e+00,2.221395139810382058e-01,7.916028890807426110e-01,2.103334994409171779e-02,-1.122400158926062375e-10,4.999999999983152144e+00
1.416666666666666741e+00,2.217617364756084286e-01,7.916028890807426110e-01,2.000166107583821462e-04,0.000000000000000000e+00,-5.000000000000000888e+00
1.420833333333333393e+00,2.221079247247174648e-01,7.916028890801711793e-01,2.103334994400593919e-02,-1.371311640629979678e-10,4.999999999979413801e+00
1.425000000000000044e+00,2.217617364756105935e-01,7.916028890801711793e-01,2.000166106726000703e-04,0.000000000000000000e+00,-5.000000000000001776e+00
1.429166666666666696e+00,2.221395072042975372e-01,7.916028890797034423e-01,2.103334994393571064e-02,-1.122651693830079012e-10,4.999999999983146814e+00
1.433333333333333348e+00,2.217617364756101495e-01,7.916028890797034423e-01,2.000166106023749946e-04,0.000000000000000000e+00,-5.000000000000000888e+00
1.437500000000000000e+00,2.221079315000026311e-01,7.916028890791321215e-01,2.103334994384994938e-02,-1.371258072369041514e-10,4.999999999979418241e+00
1.441666666666666652e+00,2.217617364756123977e-01,7.916028890791321215e-01,2.000166105166172048e-04,0.000000000000000000e+00,-5.000000000000000000e+00
1.445833333333333304e+00,2.221395004304643206e-01,7.916028890786642735e-01,2.103334994377971737e-02,-1.122920124940751663e-10,4.999999999983144150e+00
1.449999999999999956e+00,2.217617364756120923e-01,7.916028890786642735e-01,2.000166104463817207e-04,0.000000000000000000e+00,-5.000000000000000888e+00
1.454166666666666607e+00,2.221079382723814000e-01,7.916028890780929528e-01,2.103334994369394917e-02,-1.371235416880445257e-10,4.999999999979416465e+00
1.458333333333333259e+00,2.217617364756142573e-01,7.916028890780929528e-01,2.000166103606135226e-04,0.000000000000000000e+00,-5.000000000000000888e+00
1.462499999999999911e+00,2.221394936595370018e-01,7.916028890776249938e-01,2.103334994362370328e-02,-1.123175996653458242e-10,4.999999999983141485e+00
1.466666666666666563e+00,2.217617364756132026e-01,7.916028890776249938e-01,2.000166102903710996e-04,0.000000000000000000e+00,-5.000000000000000000e+00
1.470833333333333437e+00,2.221079450418532719e-01,7.916028890770536730e-01,2.103334994353793855e-02,-1.371193193711039982e-10,4.999999999979416465e+00
1.475000000000000089e+00,2.217617364756156173e-01,7.916028890770536730e-01,2.000166102046029015e-04,0.000000000000000000e+00,-5.000000000000000888e+00
1.479166666666666741e+00,2.221394868915149146e-01,7.916028890765856030e-01,2.103334994346766837e-02,-1.123426768279145449e-10,4.999999999983136156e+00
1.483333333333333393e+00,2.217617364756152842e-01,7.916028890765856030e-01,2.000166101343361924e-04,0.000000000000000000e+00,-5.000000000000000000e+00
1.487500000000000044e+00,2.221079518084224658e-01,7.916028890760142822e-01,2.103334994338190711e-02,-1.371152254237006929e-10,4.999999999979417353e+00
1.491666666666666696e+00,2.217617364756171439e-01,7.916028890760142822e-01,2.000166100485749332e-04,0.000000000000000000e+00,-5.000000000000000000e+00
1.495833333333333348e+00,2.221394801263952834e-01,7.916028890755461012e-01,2.103334994331162999e-02,-1.123690827886658639e-10,4.999999999983133492e+00
1.500000000000000000e+00,2.217617364756170051e-01,7.916028890755461012e-01,2.000166099782874074e-04,0.000000000000000000e+00,-5.000000000000002665e+00
1.504166666666666652e+00,2.221079585720891481e-01,7.916028890749747804e-01,2.103334994322586526e-02,-1.371101808478325523e-10,4.999999999979419130e+00
1.508333333333333304e+00,2.217617364756189757e-01,7.916028890749747804e-01,2.000166098925330871e-04,0.000000000000000000e+00,-5.000000000000000000e+00
1.512499999999999956e+00,2.221394733641781638e-01,7.916028890745064883e-01,2.103334994315556733e-02,-1.123949787407152456e-10,4.999999999983128163e+00
1.516666666666666607e+00,2.217617364756187814e-01,7.916028890745064883e-01,2.000166098222351529e-04,0.000000000000000000e+00,-5.000000000000000000e+00
1.520833333333333259e+00,2.221079653328540127e-01,7.916028890739351676e-01,2.103334994306982689e-02,-1.371077244793905692e-10,4.999999999979421794e+00
1.524999999999999911e+00,2.217617364756209464e-01,7.916028890739351676e-01,2.000166097364947104e-04,0.000000000000000000e+00,-5.000000000000000000e+00
1.529166666666666563e+00,2.221394666048624456e-01,7.916028890734667645e-01,2.103334994299952201e-02,-1.124203785618504980e-10,4.999999999983126386e+00
1.533333333333333437e+00,2.217617364756205023e-01,7.916028890734667645e-01,2.000166096661828985e-04,0.000000000000000000e+00,-5.000000000000001776e+00
1.537500000000000089e+00,2.221079720907179755e-01,7.916028890728954437e-01,2.103334994291377463e-02,-1.371036929820323991e-10,4.999999999979421794e+00
1.541666666666666741e+00,2.217617364756225840e-01,7.916028890728954437e-01,2.000166095804355171e-04,0.000000000000000000e+00,-5.000000000000001776e+00
1.545833333333333393e+00,2.221394598484464078e-01,7.916028890724269296e-01,2.103334994284342813e-02,-1.124459622636742040e-10,4.999999999983118393e+00
1.550000000000000044e+00,2.217617364756223064e-01,7.916028890724269296e-01,2.000166095100924801e-04,0.000000000000000000e+00,-5.000000000000000888e+00
1.554166666666666696e+00,2.221079788456831183e-01,7.916028890718557198e-01,2.103334994275767728e-02,-1.371018645834887195e-10,4.999999999979420018e+00
1.558333333333333348e+00,2.217617364756241938e-01,7.916028890718557198e-01,2.000166094243450987e-04,0.000000000000000000e+00,-5.000000000000000000e+00
1.562500000000000000e+00,2.221394530949285240e-01,7.916028890713870947e-01,2.103334994268734465e-02,-1.124709179955996063e-10,4.999999999983120169e+00
1.566666666666666652e+00,2.217617364756236942e-01,7.916028890713870947e-01,2.000166093540055312e-04,0.000000000000000000e+00,-5.000000000000001776e+00
1.570833333333333304e+00,2.221079855977498019e-01,7.916028890708158849e-01,2.103334994260158339e-02,-1.370979510473269158e-10,4.999999999979419130e+00
1.574999999999999956e+00,2.217617364756260256e-01,7.916028890708158849e-01,2.000166092682442720e-04,0.000000000000000000e+00,-5.000000000000001776e+00
1.579166666666666607e+00,2.221394463443088774e-01,7.916028890703471488e-01,2.103334994253121953e-02,-1.124965051668702642e-10,4.999999999983113952e+00
1.583333333333333259e+00,2.217617364756256371e-01,7.916028890703471488e-01,2.000166091978769489e-04,0.000000000000000000e+00,-5.000000000000002665e+00
1.587499999999999911e+00,2.221079923469200801e-01,7.916028890697759390e-01,2.103334994244547909e-02,-1.370940479195059680e-10,4.999999999979424459e+00
1.591666666666666563e+00,2.217617364756276355e-01,7.916028890697759390e-01,2.000166091121434453e-04,0.000000000000000000e+00,-5.000000000000000888e+00
1.595833333333333437e+00,2.221394395965846091e-01,7.916028890693070919e-01,2.103334994237509789e-02,-1.125230325582649016e-10,4.999999999983109511e+00
1.600000000000000089e+00,2.217617364756273024e-01,7.916028890693070919e-01,2.000166090417691833e-04,0.000000000000000000e+00,-4.999999999999999112e+00
1.604166666666666741e+00,2.221079990931950632e-01,7.916028890687358821e-01,2.103334994228936786e-02,-1.370907727615833238e-10,4.999999999979423571e+00
1.608333333333333393e+00,2.217617364756295506e-01,7.916028890687358821e-01,2.000166089560356797e-04,0.000000000000000000e+00,-5.000000000000000000e+00
1.612500000000000044e+00,2.221394328517556083e-01,7.916028890682669239e-01,2.103334994221897278e-02,-1.125483040098629317e-10,4.999999999983105070e+00
1.616666666666666696e+00,2.217617364756289677e-01,7.916028890682669239e-01,2.000166088856371316e-04,0.000000000000000000e+00,-5.000000000000000888e+00
1.620833333333333348e+00,2.221080058365753618e-01,7.916028890676957142e-01,2.103334994213322887e-02,-1.370867447336721057e-10,4.999999999979421794e+00
1.625000000000000000e+00,2.217617364756309661e-01,7.916028890676957142e-01,2.000166087998966891e-04,0.000000000000000000e+00,-5.000000000000000000e+00
1.629166666666666652e+00,2.221394261098197376e-01,7.916028890672266449e-01,2.103334994206282338e-02,-1.125733811724316524e-10,4.999999999983102406e+00
1.633333333333333304e+00,2.217617364756309106e-01,7.916028890672266449e-01,2.000166087294912021e-04,0.000000000000000000e+00,-5.000000000000000000e+00
1.637499999999999956e+00,2.221080125770636404e-01,7.916028890666554352e-01,2.103334994197708988e-02,-1.370829560976005723e-10,4.999999999979423571e+00
1.641666666666666607e+00,2.217617364756328813e-01,7.916028890666554352e-01,2.000166086437576984e-04,0.000000000000000000e+00,-5.000000000000000000e+00
1.645833333333333259e+00,2.221394193707761644e-01,7.916028890661862549e-01,2.103334994190667051e-02,-1.125991591632846678e-10,4.999999999983098853e+00
1.649999999999999911e+00,2.217617364756321596e-01,7.916028890661862549e-01,2.000166085733383337e-04,0.000000000000000000e+00,-5.000000000000000000e+00
1.654166666666666563e+00,2.221080193146589554e-01,7.916028890656150452e-01,2.103334994182094742e-02,-1.370801840094859614e-10,4.999999999979426235e+00
1.658333333333333437e+00,2.217617364756345189e-01,7.916028890656150452e-01,2.000166084876187078e-04,0.000000000000000000e+00,-4.999999999999999112e+00
1.662500000000000089e+00,2.221394126346244446e-01,7.916028890651457539e-01,2.103334994175051070e-02,-1.126242397953003405e-10,4.999999999983094412e+00
1.666666666666666741e+00,2.217617364756343246e-01,7.916028890651457539e-01,2.000166084171785263e-04,0.000000000000000000e+00,-5.000000000000000000e+00
1.670833333333333393e+00,2.221080260493648317e-01,7.916028890645745442e-01,2.103334994166478067e-02,-1.370770962016987227e-10,4.999999999979424459e+00
1.675000000000000044e+00,2.217617364756361287e-01,7.916028890645745442e-01,2.000166083314484922e-04,0.000000000000000000e+00,-5.000000000000000000e+00
1.679166666666666696e+00,2.221394059013614974e-01,7.916028890641051419e-01,2.103334994159431620e-02,-1.126486924574177095e-10,4.999999999983088195e+00
1.683333333333333348e+00,2.217617364756361564e-01,7.916028890641051419e-01,2.000166082609840246e-04,0.000000000000000000e+00,-5.000000000000000000e+00
1.687500000000000000e+00,2.221080327811819077e-01,7.916028890635340431e-01,2.103334994150858964e-02,-1.370743206441371598e-10,4.999999999979425347e+00
1.691666666666666652e+00,2.217617364756377940e-01,7.916028890635340431e-01,2.000166081752574598e-04,0.000000000000000000e+00,-5.000000000000000000e+00
1.695833333333333304e+00,2.221393991709867954e-01,7.916028890630645298e-01,2.103334994143812170e-02,-1.126745918789140433e-10,4.999999999983087307e+00
1.699999999999999956e+00,2.217617364756375720e-01,7.916028890630645298e-01,2.000166081047895228e-04,0.000000000000000000e+00,-5.000000000000000000e+00
1.704166666666666607e+00,2.221080395101105165e-01,7.916028890624934311e-01,2.103334994135240207e-02,-1.370689707569372473e-10,4.999999999979427123e+00
1.708333333333333259e+00,2.217617364756393483e-01,7.916028890624934311e-01,2.000166080190594886e-04,0.000000000000000000e+00,-5.000000000000002665e+00
1.712499999999999911e+00,2.221393924434998113e-01,7.916028890620238068e-01,2.103334994128191332e-02,-1.127022503100150175e-10,4.999999999983084642e+00
1.716666666666666563e+00,2.217617364756393206e-01,7.916028890620238068e-01,2.000166079485811432e-04,0.000000000000000000e+00,-5.000000000000000000e+00
1.720833333333333437e+00,2.221080462361527119e-01,7.916028890614527080e-01,2.103334994119618676e-02,-1.370645610898613143e-10,4.999999999979425347e+00
1.725000000000000089e+00,2.217617364756414577e-01,7.916028890614527080e-01,2.000166078628545785e-04,0.000000000000000000e+00,-5.000000000000000000e+00
1.729166666666666741e+00,2.221393857188996845e-01,7.916028890609829727e-01,2.103334994112567718e-02,-1.127275252310599996e-10,4.999999999983077537e+00
1.733333333333333393e+00,2.217617364756407361e-01,7.916028890609829727e-01,2.000166077923450081e-04,0.000000000000000000e+00,-5.000000000000000000e+00
1.737500000000000044e+00,2.221080529593080222e-01,7.916028890604118740e-01,2.103334994103996450e-02,-1.370620977825254272e-10,4.999999999979428900e+00
1.741666666666666696e+00,2.217617364756432063e-01,7.916028890604118740e-01,2.000166077066253822e-04,0.000000000000000000e+00,-5.000000000000001776e+00
1.745833333333333348e+00,2.221393789971850830e-01,7.916028890599420276e-01,2.103334994096944452e-02,-1.127522901434030445e-10,4.999999999983076648e+00
1.750000000000000000e+00,2.217617364756426790e-01,7.916028890599420276e-01,2.000166076361158118e-04,0.000000000000000000e+00,-4.999999999999999112e+00
1.754166666666666652e+00,2.221080596795794171e-01,7.916028890593709288e-01,2.103334994088373183e-02,-1.370590099747381885e-10,4.999999999979428011e+00
1.758333333333333304e+00,2.217617364756446219e-01,7.916028890593709288e-01,2.000166075504031249e-04,0.000000000000000000e+00,-4.999999999999999112e+00
1.762499999999999956e+00,2.221393722783531754e-01,7.916028890589010825e-01,2.103334994081320491e-02,-1.127764305552947377e-10,4.999999999983072207e+00
1.766666666666666607e+00,2.217617364756441223e-01,7.916028890589010825e-01,2.000166074798762073e-04,0.000000000000000000e+00,-4.999999999999999112e+00
1.770833333333333259e+00,2.221080663969677849e-01,7.916028890583299837e-01,2.103334994072750264e-02,-1.370546003076622554e-10,4.999999999979430676e+00
1.774999999999999911e+00,2.217617364756466758e-01,7.916028890583299837e-01,2.000166073941739286e-04,0.000000000000000000e+00,-4.999999999999999112e+00
1.779166666666666563e+00,2.221393655624049335e-01,7.916028890578600263e-01,2.103334994065696184e-02,-1.128020142571184437e-10,4.999999999983069543e+00
1.783333333333333437e+00,2.217617364756460097e-01,7.916028890578600263e-01,2.000166073236331332e-04,0.000000000000000000e+00,-4.999999999999999112e+00
1.787500000000000089e+00,2.221080731114740692e-01,7.916028890572889276e-01,2.103334994057124915e-02,-1.370503745212747759e-10,4.999999999979428011e+00
1.791666666666666741e+00,2.217617364756484521e-01,7.916028890572889276e-01,2.000166072379169768e-04,0.000000000000000000e+00,-5.000000000000000000e+00
1.795833333333333393e+00,2.221393588493376092e-01,7.916028890568188592e-01,2.103334994050069448e-02,-1.128267791694614886e-10,4.999999999983066878e+00
1.800000000000000044e+00,2.217617364756476195e-01,7.916028890568188592e-01,2.000166071673657731e-04,0.000000000000000000e+00,-4.999999999999999112e+00
1.804166666666666696e+00,2.221080798230993802e-01,7.916028890562478715e-01,2.103334994041497139e-02,-1.370476059026071169e-10,4.999999999979425347e+00
1.808333333333333348e+00,2.217617364756502285e-01,7.916028890562478715e-01,2.000166070816392083e-04,0.000000000000000000e+00,-5.000000000000000000e+00
1.812500000000000000e+00,2.221393521391505921e-01,7.916028890557776920e-01,2.103334994034439243e-02,-1.128533100303030778e-10,4.999999999983060661e+00
1.816666666666666652e+00,2.217617364756496734e-01,7.916028890557776920e-01,2.000166070110567795e-04,0.000000000000000000e+00,-5.000000000000000888e+00
1.820833333333333304e+00,2.221080865318459385e-01,7.916028890552067043e-01,2.103334994025868668e-02,-1.370448303450455541e-10,4.999999999979431564e+00
1.824999999999999956e+00,2.217617364756515885e-01,7.916028890552067043e-01,2.000166069253510315e-04,0.000000000000000000e+00,-5.000000000000000888e+00
1.829166666666666607e+00,2.221393454318408844e-01,7.916028890547364139e-01,2.103334994018807649e-02,-1.128780749426461227e-10,4.999999999983054444e+00
1.833333333333333259e+00,2.217617364756511722e-01,7.916028890547364139e-01,2.000166068547373777e-04,0.000000000000000000e+00,-5.000000000000001776e+00
1.837499999999999911e+00,2.221080932377147155e-01,7.916028890541654262e-01,2.103334994010236034e-02,-1.370409272172246062e-10,4.999999999979429788e+00
1.841666666666666563e+00,2.217617364756533926e-01,7.916028890541654262e-01,2.000166067690246907e-04,0.000000000000000000e+00,-5.000000000000000888e+00
1.845833333333333437e+00,2.221393387274092912e-01,7.916028890536950247e-01,2.103334994003174321e-02,-1.129044809033974417e-10,4.999999999983052668e+00
1.850000000000000089e+00,2.217617364756530596e-01,7.916028890536950247e-01,2.000166066984145063e-04,0.000000000000000000e+00,-4.999999999999999112e+00
1.854166666666666741e+00,2.221080999407067935e-01,7.916028890531240370e-01,2.103334993994604094e-02,-1.370367014308371267e-10,4.999999999979430676e+00
1.858333333333333393e+00,2.217617364756550580e-01,7.916028890531240370e-01,2.000166066127087583e-04,0.000000000000000000e+00,-5.000000000000000000e+00
1.862500000000000044e+00,2.221393320258535087e-01,7.916028890526535244e-01,2.103334993987542034e-02,-1.129297523549954718e-10,4.999999999983050891e+00
1.866666666666666696e+00,2.217617364756549470e-01,7.916028890526535244e-01,2.000166065420881656e-04,0.000000000000000000e+00,-5.000000000000000000e+00
1.870833333333333348e+00,2.221081066408236437e-01,7.916028890520825367e-01,2.103334993978973194e-02,-1.370339328121694678e-10,4.999999999979434229e+00
1.875000000000000000e+00,2.217617364756567233e-01,7.916028890520825367e-01,2.000166064563997648e-04,0.000000000000000000e+00,-5.000000000000000000e+00
1.879166666666666652e+00,2.221393253271722878e-01,7.916028890516119132e-01,2.103334993971908706e-02,-1.129536984778578557e-10,4.999999999983044674e+00
1.883333333333333304e+00,2.217617364756564458e-01,7.916028890516119132e-01,2.000166063857514165e-04,0.000000000000000000e+00,-5.000000000000000888e+00
1.887499999999999956e+00,2.221081133380658490e-01,7.916028890510409255e-01,2.103334993963338131e-02,-1.370311572546079049e-10,4.999999999979431564e+00
1.891666666666666607e+00,2.217617364756584442e-01,7.916028890510409255e-01,2.000166063000526073e-04,0.000000000000000000e+00,-4.999999999999999112e+00
1.895833333333333259e+00,2.221393186313653234e-01,7.916028890505701909e-01,2.103334993956272256e-02,-1.129797887189365468e-10,4.999999999983041121e+00
1.899999999999999911e+00,2.217617364756583331e-01,7.916028890505701909e-01,2.000166062293938507e-04,0.000000000000000000e+00,-4.999999999999999112e+00
1.904166666666666563e+00,2.221081200324350746e-01,7.916028890499992032e-01,2.103334993947702722e-02,-1.370264318678593440e-10,4.999999999979432452e+00
1.908333333333333437e+00,2.217617364756599430e-01,7.916028890499992032e-01,2.000166061436950415e-04,0.000000000000000000e+00,-5.000000000000000000e+00
1.912500000000000089e+00,2.221393119384301729e-01,7.916028890495283576e-01,2.103334993940636152e-02,-1.130056881404328806e-10,4.999999999983040233e+00
1.916666666666666741e+00,2.217617364756598874e-01,7.916028890495283576e-01,2.000166060730293460e-04,0.000000000000000000e+00,-5.000000000000000000e+00
1.920833333333333393e+00,2.221081267239324863e-01,7.916028890489574810e-01,2.103334993932065924e-02,-1.370236528408508292e-10,4.999999999979431564e+00
1.925000000000000044e+00,2.217617364756618026e-01,7.916028890489574810e-01,2.000166059873305369e-04,0.000000000000000000e+00,-4.999999999999999112e+00
1.929166666666666696e+00,2.221393052483669472e-01,7.916028890484865244e-01,2.103334993924996579e-02,-1.130293220130695886e-10,4.999999999983032239e+00
1.933333333333333348e+00,2.217617364756616916e-01,7.916028890484865244e-01,2.000166059166336163e-04,0.000000000000000000e+00,-5.000000000000000000e+00
1.937500000000000000e+00,2.221081334125591389e-01,7.916028890479156477e-01,2.103334993916427392e-02,-1.370194409322511575e-10,4.999999999979433341e+00
1.941666666666666652e+00,2.217617364756636622e-01,7.916028890479156477e-01,2.000166058309417461e-04,0.000000000000000000e+00,-5.000000000000000000e+00
1.945833333333333304e+00,2.221392985611739257e-01,7.916028890474445801e-01,2.103334993909357353e-02,-1.130569804441705628e-10,4.999999999983031351e+00
1.949999999999999956e+00,2.217617364756635789e-01,7.916028890474445801e-01,2.000166057602378866e-04,0.000000000000000000e+00,-5.000000000000000888e+00
1.954166666666666607e+00,2.221081400983163368e-01,7.916028890468737034e-01,2.103334993900788513e-02,-1.370169776249152704e-10,4.999999999979435117e+00
1.958333333333333259e+00,2.217617364756653275e-01,7.916028890468737034e-01,2.000166056745494858e-04,0.000000000000000000e+00,-5.000000000000000888e+00
1.962499999999999911e+00,2.221392918768493319e-01,7.916028890464025247e-01,2.103334993893716046e-02,-1.130799898163559192e-10,4.999999999983026910e+00
1.966666666666666563e+00,2.217617364756650777e-01,7.916028890464025247e-01,2.000166056038248097e-04,0.000000000000000000e+00,-5.000000000000000888e+00
1.970833333333333437e+00,2.221081467812049959e-01,7.916028890458316480e-01,2.103334993885147552e-02,-1.370114299792390966e-10,4.999999999979436005e+00
1.975000000000000089e+00,2.217617364756673815e-01,7.916028890458316480e-01,2.000166055181398783e-04,0.000000000000000000e+00,-5.000000000000000888e+00
1.979166666666666741e+00,2.221392851953933878e-01,7.916028890453603584e-01,2.103334993878073003e-02,-1.131062014880779287e-10,4.999999999983021581e+00
1.983333333333333393e+00,2.217617364756667153e-01,7.916028890453603584e-01,2.000166054473874466e-04,0.000000000000000000e+00,-5.000000000000002665e+00
1.987500000000000044e+00,2.221081534612258379e-01,7.916028890447894817e-01,2.103334993869503469e-02,-1.370083456408988098e-10,4.999999999979435117e+00
1.991666666666666696e+00,2.217617364756686582e-01,7.916028890447894817e-01,2.000166053616955764e-04,0.000000000000000000e+00,-5.000000000000001776e+00
1.995833333333333348e+00,2.221392785168031792e-01,7.916028890443180810e-01,2.103334993862427532e-02,-1.131306472113013939e-10,4.999999999983018917e+00
2.000000000000000000e+00,2.217617364756684917e-01,7.916028890443180810e-01,2.000166052909431447e-04,0.000000000000000000e+00,-5.000000000000000000e+00
