# Time, SliderHeight, Motor1Pos, Motor2Pos, Motor1Vel, Motor2Vel
0.000000000000000000e+00,2.874645000000566331e-01,0.000000000000000000e+00,0.000000000000000000e+00,0.000000000000000000e+00,0.000000000000000000e+00
4.166666666666666609e-03,2.874645000000566331e-01,2.083333333333333218e-02,-2.083426693660397552e-02,5.000000000000000000e+00,-5.000224064784954514e+00
8.333333333333333218e-03,2.889191625577104960e-01,4.166666666666666435e-02,-4.166822581329975017e-02,5.000000000000000000e+00,-5.000150130406986193e+00
1.250000000000000069e-02,2.901670316989001797e-01,6.250000000000000000e-02,-6.250223799043333472e-02,5.000000000000000000e+00,-5.000162922512061847e+00
1.666666666666666644e-02,2.912074793156413377e-01,8.333333333333332871e-02,-8.333630543509400190e-02,5.000000000000000000e+00,-5.000176186718560345e+00
2.083333333333333218e-02,2.920398867064930570e-01,1.041666666666666574e-01,-1.041704297570169024e-01,5.000000000000000000e+00,-5.000189837261498127e+00
2.500000000000000139e-02,2.926636503851651749e-01,1.249999999999999861e-01,-1.250046123748161930e-01,5.000000000000000000e+00,-5.000203828271829742e+00
2.916666666666666713e-02,2.930781824108358857e-01,1.458333333333333148e-01,-1.458388544975394441e-01,5.000000000000000000e+00,-5.000218109453580695e+00
3.333333333333333287e-02,2.932829106985164191e-01,1.666916290443042903e-01,-1.666781715396862262e-01,5.005990970633034109e+00,-5.001436090115227273e+00
3.749999999999999861e-02,2.950640412106919630e-01,1.875285891023102114e-01,-1.875166944478287023e-01,5.000870413921422397e+00,-5.001245497954196040e+00
4.166666666666666435e-02,2.974913944657002207e-01,2.083624221932526555e-01,-2.083511424569830517e-01,5.000119941826183911e+00,-5.000267522197041181e+00
4.583333333333333010e-02,2.998462223779551072e-01,2.291964040494895161e-01,-2.291858114267587843e-01,5.000155645496848322e+00,-5.000320552746177150e+00
5.000000000000000278e-02,3.021256250550381495e-01,2.500306222665219513e-01,-2.500207699603805289e-01,5.000212372087791124e+00,-5.000390048069214721e+00
5.416666666666666852e-02,3.043299042418746714e-01,2.708651457391563211e-01,-2.708560528960002323e-01,5.000285633432245191e+00,-5.000467904548723475e+00
5.833333333333333426e-02,3.064581138067149491e-01,2.917000762309546191e-01,-2.916917113645563497e-01,5.000383318031596858e+00,-5.000558032453463753e+00
6.250000000000000000e-02,3.085093254742176661e-01,3.125355456229362283e-01,-3.125278017362491112e-01,5.000512654075591534e+00,-5.000661689206268079e+00
6.666666666666666574e-02,3.104826460885388717e-01,3.333717233099931510e-01,-3.333643849351143884e-01,5.000682644893660544e+00,-5.000779967727668307e+00
7.083333333333333148e-02,3.123772139358635958e-01,3.542088256459461348e-01,-3.542015256063738571e-01,5.000904560628713469e+00,-5.000913761102270705e+00
7.499999999999999722e-02,3.141921980134219083e-01,3.750471274743312766e-01,-3.750392906331911913e-01,5.001192438812429586e+00,-5.001063606436161102e+00
7.916666666666666297e-02,3.159267970555600935e-01,3.958869762164470840e-01,-3.958777468075609929e-01,5.001563698107792888e+00,-5.001229481848754155e+00
8.333333333333332871e-02,3.175802381187780021e-01,4.167288090348014729e-01,-4.167169573472827016e-01,5.002039876405055097e+00,-5.001410529533210081e+00
8.749999999999999445e-02,3.191517746259653898e-01,4.375731736699242647e-01,-4.375569768458681397e-01,5.002647512429476251e+00,-5.001604679660505148e+00
9.166666666666666019e-02,3.206406837338303117e-01,4.584207536276718176e-01,-4.583978441069012644e-01,5.003419189859416250e+00,-5.001808142647955258e+00
9.583333333333333981e-02,3.220462628559748741e-01,4.792723984539751236e-01,-4.792395721376372375e-01,5.004394758312796121e+00,-5.002014727376634440e+00
1.000000000000000056e-01,3.233678251386780667e-01,5.001291598454045140e-01,-5.000821343495239768e-01,5.005622733943047464e+00,-5.002214930852807662e+00
1.041666666666666713e-01,3.246046936485157963e-01,5.209923342551198155e-01,-5.209254457282500583e-01,5.007161858331679483e+00,-5.002394730894252461e+00
1.083333333333333370e-01,3.257561939929877748e-01,5.418635123773932749e-01,-5.417693373917398247e-01,5.009082749345642682e+00,-5.002533999237540385e+00
1.125000000000000028e-01,3.268216450659997552e-01,5.627446352865212997e-01,-5.626135225655671812e-01,5.011469498190730398e+00,-5.002604441718565553e+00
1.166666666666666685e-01,3.278003476038095498e-01,5.836380558411816688e-01,-5.834575516188874600e-01,5.014420933118483248e+00,-5.002566972796870459e+00
1.208333333333333343e-01,3.286915702794260263e-01,6.045466019031991989e-01,-6.043007535312712175e-01,5.018051054884207218e+00,-5.002368458972104470e+00
1.250000000000000000e-01,3.294945331991335769e-01,6.254736344808713433e-01,-6.251421612260322780e-01,5.022487818641309332e+00,-5.001937846742651850e+00
1.291666666666666796e-01,3.302083889626889479e-01,6.464230884904739183e-01,-6.459804190202380614e-01,5.027868962304608225e+00,-5.001181870609383573e+00
1.333333333333333315e-01,3.308322020138277364e-01,6.673994758361957436e-01,-6.668136726933180380e-01,5.034332962973245174e+00,-4.999980881539182853e+00
1.375000000000000111e-01,3.313649279782310830e-01,6.884078197248529873e-01,-6.876394473952360809e-01,5.042002533277750054e+00,-4.998185928460335603e+00
1.416666666666666630e-01,3.318053962184538963e-01,7.094534765822966271e-01,-7.084545270957013363e-01,5.050957645786471772e+00,-4.995619128111653318e+00
1.458333333333333426e-01,3.321523010334790915e-01,7.305417914560380366e-01,-7.292548625969879073e-01,5.061195569697940044e+00,-4.992080520308772584e+00
1.499999999999999944e-01,3.324042096866365315e-01,7.516775332330583037e-01,-7.500355528536919447e-01,5.072578026484876546e+00,-4.987365661608980538e+00
1.541666666666666741e-01,3.325595981500001352e-01,7.728635968767197939e-01,-7.707870892907584537e-01,5.084655274478750542e+00,-4.980368744895948829e+00
1.583333333333333259e-01,3.326177470947997428e-01,7.941032350805069528e-01,-7.914671861825859356e-01,5.097513168908917258e+00,-4.963223254038608090e+00
1.625000000000000056e-01,3.325828982387905586e-01,7.941030497901973018e-01,-7.914666957263775116e-01,-4.446967432958359723e-05,1.177094900137731770e-04
1.666666666666666574e-01,3.324885253543402586e-01,7.941029693721667337e-01,-7.914664828629549564e-01,-1.930032734047696443e-05,5.108722141845042225e-05
1.708333333333333370e-01,3.324884804276846406e-01,7.941029178271646893e-01,-7.914663464253136604e-01,-1.237080048580318900e-05,3.274503391629208289e-05
1.749999999999999889e-01,3.324884563818047423e-01,7.941028662877482880e-01,-7.914662100024503211e-01,-1.236945994542062531e-05,3.274148721166495742e-05
1.791666666666666685e-01,3.324884334711729617e-01,7.941028147482958044e-01,-7.914660735794845081e-01,-1.236946860822761676e-05,3.274151179589711584e-05
1.833333333333333204e-01,3.324884116014487079e-01,7.941027632088039079e-01,-7.914659371564074508e-01,-1.236947806471403094e-05,3.274153848094660387e-05
1.875000000000000000e-01,3.324883906893565944e-01,7.941027116692704890e-01,-7.914658007332138201e-01,-1.236948800972858293e-05,3.274156645915806020e-05
1.916666666666666796e-01,3.324883706582838494e-01,7.941026601296937715e-01,-7.914656643098987310e-01,-1.236949840449061635e-05,3.274159562778277657e-05
1.958333333333333315e-01,3.324883514377469651e-01,7.941026085900720899e-01,-7.914655278864575205e-01,-1.236950921271131018e-05,3.274162589084597729e-05
2.000000000000000111e-01,3.324883329629010897e-01,7.941025570504037789e-01,-7.914653914628859699e-01,-1.236952040136597297e-05,3.274165716092694361e-05
2.041666666666666630e-01,3.324883151740890552e-01,7.941025055106873953e-01,-7.914652550391803043e-01,-1.236953194012682384e-05,3.274168935770817513e-05
2.083333333333333426e-01,3.324882980164263757e-01,7.941024539709216068e-01,-7.914651186153369711e-01,-1.236954380094129201e-05,3.274172240696975831e-05
2.124999999999999944e-01,3.324882814394193309e-01,7.941024024311050811e-01,-7.914649821913526395e-01,-1.236955595802401574e-05,3.274175624045146278e-05
2.166666666666666741e-01,3.324882653966136359e-01,7.941023508912368190e-01,-7.914648457672243120e-01,-1.236956838764568719e-05,3.274179079533718966e-05
2.208333333333333259e-01,3.324882498452715884e-01,7.941022993513157102e-01,-7.914647093429492131e-01,-1.236958106810164104e-05,3.274182601417151506e-05
2.250000000000000056e-01,3.324882347460744736e-01,7.941022478113407557e-01,-7.914645729185249001e-01,-1.236959397939603998e-05,3.274186184402368214e-05
2.291666666666666574e-01,3.324882200628489493e-01,7.941021962713111781e-01,-7.914644364939489307e-01,-1.236960710276971477e-05,3.274189823526785334e-05
2.333333333333333370e-01,3.324882057623158582e-01,7.941021447312260895e-01,-7.914643000692191954e-01,-1.236962042144807236e-05,3.274193514348015246e-05
2.374999999999999889e-01,3.324881918138582471e-01,7.941020931910847125e-01,-7.914641636443336958e-01,-1.236963391984211849e-05,3.274197252739468607e-05
2.416666666666666685e-01,3.324881781893084809e-01,7.941020416508864921e-01,-7.914640272192905446e-01,-1.236964758356946071e-05,3.274201034894246639e-05
2.458333333333333204e-01,3.324881648627525665e-01,7.941019901106306511e-01,-7.914638907940881873e-01,-1.236966139943417445e-05,3.274204857319310149e-05
2.500000000000000000e-01,3.324881518103494082e-01,7.941019385703166344e-01,-7.914637543687249588e-01,-1.236967535501847038e-05,3.274208716729830131e-05
2.541666666666666519e-01,3.324881390101653844e-01,7.941018870299439980e-01,-7.914636179431995266e-01,-1.236968943950808407e-05,3.274212610260419487e-05
2.583333333333333592e-01,3.324881264420216365e-01,7.941018354895121867e-01,-7.914634815175105587e-01,-1.236970364235123640e-05,3.274216535119873583e-05
2.625000000000000111e-01,3.324881140873534591e-01,7.941017839490207564e-01,-7.914633450916568336e-01,-1.236971795406489546e-05,3.274220488798155294e-05
2.666666666666666630e-01,3.324881019290814588e-01,7.941017324084692630e-01,-7.914632086656372412e-01,-1.236973236621208287e-05,3.274224469060267899e-05
2.708333333333333148e-01,3.324880899514925381e-01,7.941016808678572625e-01,-7.914630722394507822e-01,-1.236974687048981914e-05,3.274228473710219528e-05
2.750000000000000222e-01,3.324880781401307606e-01,7.941016293271845328e-01,-7.914629358130965686e-01,-1.236976145961371580e-05,3.274232500819289734e-05
2.791666666666666741e-01,3.324880664816965425e-01,7.941015777864506298e-01,-7.914627993865737121e-01,-1.236977612683692841e-05,3.274236548601609158e-05
2.833333333333333259e-01,3.324880549639544491e-01,7.941015262456553314e-01,-7.914626629598814356e-01,-1.236979086568572477e-05,3.274240615344378247e-05
2.874999999999999778e-01,3.324880435756477626e-01,7.941014747047984157e-01,-7.914625265330189618e-01,-1.236980567081079704e-05,3.274244699630065680e-05
2.916666666666666852e-01,3.324880323064203225e-01,7.941014231638795495e-01,-7.914623901059856248e-01,-1.236982053678095303e-05,3.274248800021657024e-05
2.958333333333333370e-01,3.324880211467445279e-01,7.941013716228985109e-01,-7.914622536787808693e-01,-1.236983545861983691e-05,3.274252915202405001e-05
2.999999999999999889e-01,3.324880100878549460e-01,7.941013200818550777e-01,-7.914621172514040293e-01,-1.236985043188516066e-05,3.274257043996397490e-05
3.041666666666666408e-01,3.324879991216874719e-01,7.941012685407490279e-01,-7.914619808238546605e-01,-1.236986545255530333e-05,3.274261185338737891e-05
3.083333333333333481e-01,3.324879882408229848e-01,7.941012169995802505e-01,-7.914618443961322081e-01,-1.236988051673305956e-05,3.274265338198135809e-05
3.125000000000000000e-01,3.324879774384360553e-01,7.941011654583485235e-01,-7.914617079682363388e-01,-1.236989562104079738e-05,3.274269501680380595e-05
3.166666666666666519e-01,3.324879667082472068e-01,7.941011139170537358e-01,-7.914615715401664975e-01,-1.236991076224814826e-05,3.274273674930492777e-05
3.208333333333333592e-01,3.324879560444793380e-01,7.941010623756956655e-01,-7.914614351119224622e-01,-1.236992593732198888e-05,3.274277857145674856e-05
3.250000000000000111e-01,3.324879454418175340e-01,7.941010108342742013e-01,-7.914612986835037889e-01,-1.236994114360015227e-05,3.274282047621305196e-05
3.291666666666666630e-01,3.324879348953720393e-01,7.941009592927893435e-01,-7.914611622549102554e-01,-1.236995637865910608e-05,3.274286245715596420e-05
3.333333333333333148e-01,3.324879244006443968e-01,7.941009077512408698e-01,-7.914610258261414177e-01,-1.236997164016663147e-05,3.274290450811405065e-05
3.375000000000000222e-01,3.324879139534959172e-01,7.941008562096286694e-01,-7.914608893971971648e-01,-1.236998692589793205e-05,3.274294662319923293e-05
3.416666666666666741e-01,3.324879035501190905e-01,7.941008046679527421e-01,-7.914607529680771636e-01,-1.237000223423712475e-05,3.274298879813047100e-05
3.458333333333333259e-01,3.324878931870108856e-01,7.941007531262128660e-01,-7.914606165387811920e-01,-1.237001756289384095e-05,3.274303102685189942e-05
3.499999999999999778e-01,3.324878828609486026e-01,7.941007015844090411e-01,-7.914604801093090281e-01,-1.237003291065547845e-05,3.274307330614816079e-05
3.541666666666666852e-01,3.324878725689673908e-01,7.941006500425412673e-01,-7.914603436796605607e-01,-1.237004827574588709e-05,3.274311563132081078e-05
3.583333333333333370e-01,3.324878623083395990e-01,7.941005985006093226e-01,-7.914602072498355678e-01,-1.237006365686352789e-05,3.274315799892359082e-05
3.624999999999999889e-01,3.324878520765556789e-01,7.941005469586133181e-01,-7.914600708198338275e-01,-1.237007905285929394e-05,3.274320040591413474e-05
3.666666666666666408e-01,3.324878418713069217e-01,7.941004954165530316e-01,-7.914599343896553396e-01,-1.237009446224660684e-05,3.274324284835984476e-05
3.708333333333333481e-01,3.324878316904693598e-01,7.941004438744284633e-01,-7.914597979592997712e-01,-1.237010988429211224e-05,3.274328532431656342e-05
3.750000000000000000e-01,3.324878215320888897e-01,7.941003923322396130e-01,-7.914596615287671222e-01,-1.237012531778352812e-05,3.274332783057742397e-05
3.791666666666666519e-01,3.324878113943676716e-01,7.941003407899864808e-01,-7.914595250980572816e-01,-1.237014076188158882e-05,3.274337036492038118e-05
3.833333333333333592e-01,3.324878012756519174e-01,7.941002892476689556e-01,-7.914593886671701384e-01,-1.237015621573219206e-05,3.274341292508457535e-05
3.875000000000000111e-01,3.324877911744198444e-01,7.941002377052869265e-01,-7.914592522361054705e-01,-1.237017167853089709e-05,3.274345550894061988e-05
3.916666666666666630e-01,3.324877810892716279e-01,7.941001861628405045e-01,-7.914591158048632780e-01,-1.237018714953359563e-05,3.274349811451973235e-05
3.958333333333333148e-01,3.324877710189194091e-01,7.941001346203295785e-01,-7.914589793734435608e-01,-1.237020262811112348e-05,3.274354074015571088e-05
4.000000000000000222e-01,3.324877609621782470e-01,7.941000830777541486e-01,-7.914588429418460969e-01,-1.237021811377756324e-05,3.274358338456206827e-05
4.041666666666666741e-01,3.324877509179581248e-01,7.941000315351141037e-01,-7.914587065100708863e-01,-1.237023360586600690e-05,3.274362604597417739e-05
4.083333333333333259e-01,3.324877408852561222e-01,7.940999799924095548e-01,-7.914585700781179289e-01,-1.237024910378882536e-05,3.274366872283662148e-05
4.124999999999999778e-01,3.324877308631496442e-01,7.940999284496403909e-01,-7.914584336459870029e-01,-1.237026460717824030e-05,3.274371141417559724e-05
4.166666666666666852e-01,3.324877208507898141e-01,7.940998769068066121e-01,-7.914582972136782191e-01,-1.237028011560485684e-05,3.274375411885444069e-05
4.208333333333333370e-01,3.324877108473958121e-01,7.940998253639081073e-01,-7.914581607811913555e-01,-1.237029562863508898e-05,3.274379683572583552e-05
4.249999999999999889e-01,3.324877008522490462e-01,7.940997738209449874e-01,-7.914580243485265232e-01,-1.237031114603472025e-05,3.274383956416924540e-05
4.291666666666666408e-01,3.324876908646886564e-01,7.940997222779172526e-01,-7.914578879156836111e-01,-1.237032666721297736e-05,3.274388230262165059e-05
4.333333333333333481e-01,3.324876808841065734e-01,7.940996707348247918e-01,-7.914577514826626192e-01,-1.237034219209638188e-05,3.274392505088794214e-05
4.375000000000000000e-01,3.324876709099432448e-01,7.940996191916676050e-01,-7.914576150494634366e-01,-1.237035772011333906e-05,3.274396780745575288e-05
4.416666666666666519e-01,3.324876609416840822e-01,7.940995676484456922e-01,-7.914574786160860631e-01,-1.237037325128698644e-05,3.274401057238573716e-05
4.458333333333333592e-01,3.324876509788555201e-01,7.940995161051590534e-01,-7.914573421825304989e-01,-1.237038878523732809e-05,3.274405334467232455e-05
4.500000000000000111e-01,3.324876410210219624e-01,7.940994645618076886e-01,-7.914572057487966328e-01,-1.237040432186741094e-05,3.274409612405871500e-05
4.541666666666666630e-01,3.324876310677825630e-01,7.940994130183915978e-01,-7.914570693148844649e-01,-1.237041986088348227e-05,3.274413890976750845e-05
4.583333333333333148e-01,3.324876211187687280e-01,7.940993614749107810e-01,-7.914569328807939952e-01,-1.237043540203707681e-05,3.274418170114098042e-05
4.625000000000000222e-01,3.324876111736411177e-01,7.940993099313651271e-01,-7.914567964465252237e-01,-1.237045094528238195e-05,3.274422449805784935e-05
4.666666666666666741e-01,3.324876012320876484e-01,7.940992583877547473e-01,-7.914566600120781503e-01,-1.237046649028551085e-05,3.274426729963453113e-05
4.708333333333333259e-01,3.324875912938213274e-01,7.940992068440796414e-01,-7.914565235774526641e-01,-1.237048203712887303e-05,3.274431010608880131e-05
4.749999999999999778e-01,3.324875813585779216e-01,7.940991553003396985e-01,-7.914563871426488761e-01,-1.237049758550728253e-05,3.274435291661309191e-05
4.791666666666666852e-01,3.324875714261144033e-01,7.940991037565349187e-01,-7.914562507076666753e-01,-1.237051313532579034e-05,3.274439573095601710e-05
4.833333333333333370e-01,3.324875614962072845e-01,7.940990522126654128e-01,-7.914561142725060616e-01,-1.237052868642607246e-05,3.274443854869851919e-05
4.874999999999999889e-01,3.324875515686507854e-01,7.940990006687310698e-01,-7.914559778371670351e-01,-1.237054423885105481e-05,3.274448136995419546e-05
4.916666666666666408e-01,3.324875416432557240e-01,7.940989491247318899e-01,-7.914558414016495957e-01,-1.237055979245811229e-05,3.274452419434545895e-05
4.958333333333333481e-01,3.324875317198480174e-01,7.940988975806679839e-01,-7.914557049659536325e-01,-1.237057534712313087e-05,3.274456702154387094e-05
5.000000000000000000e-01,3.324875217982674602e-01,7.940988460365392410e-01,-7.914555685300792565e-01,-1.237059090267845901e-05,3.274460985110568104e-05
5.041666666666666519e-01,3.324875118783667260e-01,7.940987944923456610e-01,-7.914554320940263565e-01,-1.237060645917909962e-05,3.274465268317643661e-05
5.083333333333333037e-01,3.324875019600102566e-01,7.940987429480872439e-01,-7.914552956577950438e-01,-1.237062201653963285e-05,3.274469551752999340e-05
5.124999999999999556e-01,3.324874920430733183e-01,7.940986914037639899e-01,-7.914551592213852071e-01,-1.237063757460607147e-05,3.274473835375883371e-05
5.166666666666667185e-01,3.324874821274412251e-01,7.940986398593758988e-01,-7.914550227847969577e-01,-1.237065313339047554e-05,3.274478119189483985e-05
5.208333333333333703e-01,3.324874722130083393e-01,7.940985883149229707e-01,-7.914548863480301844e-01,-1.237066869286088652e-05,3.274482403185344405e-05
5.250000000000000222e-01,3.324874622996775719e-01,7.940985367704052056e-01,-7.914547499110848872e-01,-1.237068425290234339e-05,3.274486687333031754e-05
5.291666666666666741e-01,3.324874523873595500e-01,7.940984852258226034e-01,-7.914546134739610661e-01,-1.237069981348439871e-05,3.274490971624483633e-05
5.333333333333333259e-01,3.324874424759721725e-01,7.940984336811751643e-01,-7.914544770366587212e-01,-1.237071537470605031e-05,3.274495256085907242e-05
5.374999999999999778e-01,3.324874325654396667e-01,7.940983821364628881e-01,-7.914543405991778524e-01,-1.237073093621286741e-05,3.274499540623495376e-05
5.416666666666666297e-01,3.324874226556926438e-01,7.940983305916857748e-01,-7.914542041615184598e-01,-1.237074649832048836e-05,3.274503825320781070e-05
5.458333333333332815e-01,3.324874127466669327e-01,7.940982790468438246e-01,-7.914540677236805433e-01,-1.237076206070039822e-05,3.274508110090819439e-05
5.500000000000000444e-01,3.324874028383036917e-01,7.940982275019370373e-01,-7.914539312856641029e-01,-1.237077762365286677e-05,3.274512395013080471e-05
5.541666666666666963e-01,3.324873929305488529e-01,7.940981759569654130e-01,-7.914537948474691387e-01,-1.237079318680486241e-05,3.274516679988834006e-05
5.583333333333333481e-01,3.324873830233524008e-01,7.940981244119289517e-01,-7.914536584090955396e-01,-1.237080875034581558e-05,3.274520965068217616e-05
5.625000000000000000e-01,3.324873731166685942e-01,7.940980728668276534e-01,-7.914535219705434166e-01,-1.237082431423883121e-05,3.274525250241461965e-05
5.666666666666666519e-01,3.324873632104552446e-01,7.940980213216615180e-01,-7.914533855318127697e-01,-1.237083987837714081e-05,3.274529535480309354e-05
5.708333333333333037e-01,3.324873533046734941e-01,7.940979697764305456e-01,-7.914532490929035990e-01,-1.237085544260551034e-05,3.274533820743673264e-05
5.749999999999999556e-01,3.324873433992876492e-01,7.940979182311347362e-01,-7.914531126538157935e-01,-1.237087100729446928e-05,3.274538106129621816e-05
5.791666666666667185e-01,3.324873334942648473e-01,7.940978666857739787e-01,-7.914529762145494640e-01,-1.237088657212114562e-05,3.274542391552700903e-05
5.833333333333333703e-01,3.324873235895749457e-01,7.940978151403483842e-01,-7.914528397751046107e-01,-1.237090213717573649e-05,3.274546677036781949e-05
5.875000000000000222e-01,3.324873136851900224e-01,7.940977635948579527e-01,-7.914527033354811225e-01,-1.237091770233289968e-05,3.274550962548689720e-05
5.916666666666666741e-01,3.324873037810845977e-01,7.940977120493026842e-01,-7.914525668956791105e-01,-1.237093326785568293e-05,3.274555248158046939e-05
5.958333333333333259e-01,3.324872938772351350e-01,7.940976605036825786e-01,-7.914524304556985745e-01,-1.237094883345795854e-05,3.274559533789117338e-05
5.999999999999999778e-01,3.324872839736199293e-01,7.940976089579976360e-01,-7.914522940155394037e-01,-1.237096439923677783e-05,3.274563819467594478e-05
6.041666666666666297e-01,3.324872740702190521e-01,7.940975574122477454e-01,-7.914521575752017091e-01,-1.237097996517980294e-05,3.274568105190208810e-05
6.083333333333332815e-01,3.324872641670142404e-01,7.940975058664330177e-01,-7.914520211346853795e-01,-1.237099553135400196e-05,3.274572390974692462e-05
6.125000000000000444e-01,3.324872542639886186e-01,7.940974543205534530e-01,-7.914518846939905261e-01,-1.237101109738013455e-05,3.274576676720655088e-05
6.166666666666666963e-01,3.324872443611265882e-01,7.940974027746090513e-01,-7.914517482531170378e-01,-1.237102666376369810e-05,3.274580962561900790e-05
6.208333333333333481e-01,3.324872344584139938e-01,7.940973512285998126e-01,-7.914516118120650257e-01,-1.237104223011514385e-05,3.274585248395319906e-05
6.250000000000000000e-01,3.324872245558376793e-01,7.940972996825256258e-01,-7.914514753708343786e-01,-1.237105779678069314e-05,3.274589534312553950e-05
6.291666666666666519e-01,3.324872146533855988e-01,7.940972481363866020e-01,-7.914513389294252077e-01,-1.237107336349102676e-05,3.274593820242317982e-05
6.333333333333333037e-01,3.324872047510465389e-01,7.940971965901827412e-01,-7.914512024878374019e-01,-1.237108893021115715e-05,3.274598106175349529e-05
6.374999999999999556e-01,3.324871948488103413e-01,7.940971450439140433e-01,-7.914510660460710723e-01,-1.237110449704851860e-05,3.274602392140083147e-05
6.416666666666667185e-01,3.324871849466676244e-01,7.940970934975803974e-01,-7.914509296041261077e-01,-1.237112006399003970e-05,3.274606678133062265e-05
6.458333333333333703e-01,3.324871750446097285e-01,7.940970419511819145e-01,-7.914507931620026193e-01,-1.237113563107159905e-05,3.274610964163787204e-05
6.500000000000000222e-01,3.324871651426286046e-01,7.940969904047185945e-01,-7.914506567197004960e-01,-1.237115119810969376e-05,3.274615250183675542e-05
6.541666666666666741e-01,3.324871552407170361e-01,7.940969388581904376e-01,-7.914505202772198489e-01,-1.237116676536553862e-05,3.274619536261876338e-05
6.583333333333333259e-01,3.324871453388682507e-01,7.940968873115973325e-01,-7.914503838345605669e-01,-1.237118233258550993e-05,3.274623822331257150e-05
6.624999999999999778e-01,3.324871354370760868e-01,7.940968357649393905e-01,-7.914502473917227610e-01,-1.237119789999526237e-05,3.274628108451545997e-05
6.666666666666666297e-01,3.324871255353347710e-01,7.940967842182166114e-01,-7.914501109487063202e-01,-1.237121346741384089e-05,3.274632394574844183e-05
6.708333333333332815e-01,3.324871156336390854e-01,7.940967326714289953e-01,-7.914499745055112445e-01,-1.237122903480705077e-05,3.274636680692103363e-05
6.750000000000000444e-01,3.324871057319842005e-01,7.940966811245764312e-01,-7.914498380621376450e-01,-1.237124460234959933e-05,3.274640966849564760e-05
6.791666666666666963e-01,3.324870958303656754e-01,7.940966295776590300e-01,-7.914497016185854106e-01,-1.237126016995998677e-05,3.274645253025654104e-05
6.833333333333333481e-01,3.324870859287794578e-01,7.940965780306767918e-01,-7.914495651748546523e-01,-1.237127573761508399e-05,3.274649539214257175e-05
6.875000000000000000e-01,3.324870760272217174e-01,7.940965264836297166e-01,-7.914494287309452591e-01,-1.237129130535005303e-05,3.274653825424673716e-05
6.916666666666666519e-01,3.324870661256891236e-01,7.940964749365176933e-01,-7.914492922868572311e-01,-1.237130687318720983e-05,3.274658111662811274e-05
6.958333333333333037e-01,3.324870562241783456e-01,7.940964233893408331e-01,-7.914491558425906792e-01,-1.237132244094820650e-05,3.274662397881465719e-05
6.999999999999999556e-01,3.324870463226865525e-01,7.940963718420991357e-01,-7.914490193981454924e-01,-1.237133800881663913e-05,3.274666684129228959e-05
7.041666666666667185e-01,3.324870364212110241e-01,7.940963202947926014e-01,-7.914488829535216707e-01,-1.237135357675897031e-05,3.274670970397228832e-05
7.083333333333333703e-01,3.324870265197492625e-01,7.940962687474211190e-01,-7.914487465087193252e-01,-1.237136914473498968e-05,3.274675256674822540e-05
7.125000000000000222e-01,3.324870166182990472e-01,7.940962171999847996e-01,-7.914486100637383448e-01,-1.237138471276548852e-05,3.274679542967506987e-05
7.166666666666666741e-01,3.324870067168582133e-01,7.940961656524836432e-01,-7.914484736185788405e-01,-1.237140028075643430e-05,3.274683829250397022e-05
7.208333333333333259e-01,3.324869968154248734e-01,7.940961141049176497e-01,-7.914483371732407013e-01,-1.237141584885605103e-05,3.274688115562727890e-05
7.249999999999999778e-01,3.324869869139972511e-01,7.940960625572867082e-01,-7.914482007277239273e-01,-1.237143141713470003e-05,3.274692401923118051e-05
7.291666666666666297e-01,3.324869770125736812e-01,7.940960110095909297e-01,-7.914480642820286294e-01,-1.237144698519257836e-05,3.274696688225746665e-05
7.333333333333332815e-01,3.324869671111526648e-01,7.940959594618303141e-01,-7.914479278361546966e-01,-1.237146255356393003e-05,3.274700974612025541e-05
7.375000000000000444e-01,3.324869572097329251e-01,7.940959079140048615e-01,-7.914477913901021289e-01,-1.237147812177219228e-05,3.274705260955810469e-05
7.416666666666666963e-01,3.324869473083130744e-01,7.940958563661144609e-01,-7.914476549438710373e-01,-1.237149369014521430e-05,3.274709547343876247e-05
7.458333333333333481e-01,3.324869374068919470e-01,7.940958048181592233e-01,-7.914475184974613109e-01,-1.237150925853490932e-05,3.274713833737033031e-05
7.500000000000000000e-01,3.324869275054684881e-01,7.940957532701391486e-01,-7.914473820508729496e-01,-1.237152482690063500e-05,3.274718120124516050e-05
7.541666666666666519e-01,3.324869176040417540e-01,7.940957017220541259e-01,-7.914472456041060644e-01,-1.237154039542172685e-05,3.274722406553802516e-05
7.583333333333333037e-01,3.324869077026107456e-01,7.940956501739042661e-01,-7.914471091571605443e-01,-1.237155596384540991e-05,3.274726692957973439e-05
7.624999999999999556e-01,3.324868978011747411e-01,7.940955986256895693e-01,-7.914469727100363894e-01,-1.237157153248743434e-05,3.274730979420618774e-05
7.666666666666667185e-01,3.324868878997328525e-01,7.940955470774100355e-01,-7.914468362627335996e-01,-1.237158710098820248e-05,3.274735265846543536e-05
7.708333333333333703e-01,3.324868779982844691e-01,7.940954955290655537e-01,-7.914466998152522859e-01,-1.237160266961896647e-05,3.274739552307552403e-05
7.750000000000000222e-01,3.324868680968288137e-01,7.940954439806562348e-01,-7.914465633675923373e-01,-1.237161823824616783e-05,3.274743838768294285e-05
7.791666666666666741e-01,3.324868581953654423e-01,7.940953924321820789e-01,-7.914464269197537538e-01,-1.237163380701596041e-05,3.274748125267456904e-05
7.833333333333333259e-01,3.324868482938936887e-01,7.940953408836429750e-01,-7.914462904717366465e-01,-1.237164937570694335e-05,3.274752411746424224e-05
7.874999999999999778e-01,3.324868383924130533e-01,7.940952893350390340e-01,-7.914461540235409043e-01,-1.237166494456809352e-05,3.274756698271110995e-05
7.916666666666666297e-01,3.324868284909231475e-01,7.940952377863702560e-01,-7.914460175751665272e-01,-1.237168051317061573e-05,3.274760984728018189e-05
7.958333333333332815e-01,3.324868185894234163e-01,7.940951862376365300e-01,-7.914458811266135152e-01,-1.237169608217821281e-05,3.274765271292814342e-05
8.000000000000000444e-01,3.324868086879136375e-01,7.940951346888379669e-01,-7.914457446778819794e-01,-1.237171165098228820e-05,3.274769557804419536e-05
8.041666666666666963e-01,3.324867987863932561e-01,7.940950831399745669e-01,-7.914456082289718086e-01,-1.237172721999502508e-05,3.274773844371928227e-05
8.083333333333333481e-01,3.324867888848620501e-01,7.940950315910463297e-01,-7.914454717798830030e-01,-1.237174278890592149e-05,3.274778130913153147e-05
8.125000000000000000e-01,3.324867789833197418e-01,7.940949800420531446e-01,-7.914453353306155625e-01,-1.237175835796836226e-05,3.274782417495169140e-05
8.166666666666666519e-01,3.324867690817659427e-01,7.940949284929951224e-01,-7.914451988811695982e-01,-1.237177392692871184e-05,3.274786704050832245e-05
8.208333333333333037e-01,3.324867591802004307e-01,7.940948769438722632e-01,-7.914450624315449989e-01,-1.237178949594068978e-05,3.274790990620837989e-05
8.249999999999999556e-01,3.324867492786229839e-01,7.940948253946844559e-01,-7.914449259817417648e-01,-1.237180506510136266e-05,3.274795277230872477e-05
8.291666666666667185e-01,3.324867393770334356e-01,7.940947738454318117e-01,-7.914447895317598958e-01,-1.237182063423440701e-05,3.274799563834273003e-05
8.333333333333333703e-01,3.324867294754314528e-01,7.940947222961143304e-01,-7.914446530815995029e-01,-1.237183620340922025e-05,3.274803850449399176e-05
8.375000000000000222e-01,3.324867195738169801e-01,7.940946707467319010e-01,-7.914445166312604751e-01,-1.237185177252315385e-05,3.274808137049086310e-05
8.416666666666666741e-01,3.324867096721897397e-01,7.940946191972846346e-01,-7.914443801807428125e-01,-1.237186734182762074e-05,3.274812423699883412e-05
8.458333333333333259e-01,3.324866997705496208e-01,7.940945676477725312e-01,-7.914442437300465150e-01,-1.237188291113556892e-05,3.274816710352272258e-05
8.499999999999999778e-01,3.324866898688965122e-01,7.940945160981954798e-01,-7.914441072791716936e-01,-1.237189848045950909e-05,3.274820997009571862e-05
8.541666666666666297e-01,3.324866799672301920e-01,7.940944645485535913e-01,-7.914439708281182373e-01,-1.237191404973066048e-05,3.274825283653568983e-05
8.583333333333332815e-01,3.324866700655506047e-01,7.940944129988468658e-01,-7.914438343768861461e-01,-1.237192961912958509e-05,3.274829570332064062e-05
8.625000000000000444e-01,3.324866601638576391e-01,7.940943614490751923e-01,-7.914436979254754201e-01,-1.237194518849127243e-05,3.274833857001375949e-05
8.666666666666666963e-01,3.324866502621511843e-01,7.940943098992386817e-01,-7.914435614738860592e-01,-1.237196075798280146e-05,3.274838143705733994e-05
8.708333333333333481e-01,3.324866403604310738e-01,7.940942583493373341e-01,-7.914434250221181744e-01,-1.237197632751963828e-05,3.274842430422750098e-05
8.750000000000000000e-01,3.324866304586973631e-01,7.940942067993711495e-01,-7.914432885701716547e-01,-1.237199189693871041e-05,3.274846717109275728e-05
8.791666666666666519e-01,3.324866205569498301e-01,7.940941552493400168e-01,-7.914431521180465001e-01,-1.237200746664069833e-05,3.274851003871359406e-05
8.833333333333333037e-01,3.324866106551884748e-01,7.940941036992440472e-01,-7.914430156657427107e-01,-1.237202303613340812e-05,3.274855290578719335e-05
8.874999999999999556e-01,3.324866007534131862e-01,7.940940521490832404e-01,-7.914428792132602863e-01,-1.237203860575987119e-05,3.274859577322164901e-05
8.916666666666667185e-01,3.324865908516239643e-01,7.940940005988574857e-01,-7.914427427605993381e-01,-1.237205417541773716e-05,3.274863864074590371e-05
8.958333333333333703e-01,3.324865809498206981e-01,7.940939490485668939e-01,-7.914426063077597551e-01,-1.237206974517711833e-05,3.274868150854562708e-05
9.000000000000000222e-01,3.324865710480033321e-01,7.940938974982114651e-01,-7.914424698547415371e-01,-1.237208531486252812e-05,3.274872437615629269e-05
9.041666666666666741e-01,3.324865611461718107e-01,7.940938459477910882e-01,-7.914423334015446843e-01,-1.237210088464837568e-05,3.274876724403956061e-05
9.083333333333333259e-01,3.324865512443261895e-01,7.940937943973058744e-01,-7.914421969481691965e-01,-1.237211645449127261e-05,3.274881011208057995e-05
9.124999999999999778e-01,3.324865413424662464e-01,7.940937428467558235e-01,-7.914420604946150739e-01,-1.237213202436533188e-05,3.274885298021080202e-05
9.166666666666666297e-01,3.324865314405921479e-01,7.940936912961408245e-01,-7.914419240408824274e-01,-1.237214759417628042e-05,3.274889584818073158e-05
9.208333333333332815e-01,3.324865215387036721e-01,7.940936397454609885e-01,-7.914417875869711461e-01,-1.237216316417039475e-05,3.274893871664223162e-05
9.250000000000000444e-01,3.324865116368009299e-01,7.940935881947163155e-01,-7.914416511328812298e-01,-1.237217873404478775e-05,3.274898158479358208e-05
9.291666666666666963e-01,3.324865017348838103e-01,7.940935366439066945e-01,-7.914415146786126787e-01,-1.237219430401904594e-05,3.274902445321601019e-05
9.333333333333333481e-01,3.324864918329522578e-01,7.940934850930322364e-01,-7.914413782241654927e-01,-1.237220987403271826e-05,3.274906732174950804e-05
9.375000000000000000e-01,3.324864819310063835e-01,7.940934335420929413e-01,-7.914412417695396718e-01,-1.237222544410684333e-05,3.274911019044975618e-05
9.416666666666666519e-01,3.324864720290460207e-01,7.940933819910886982e-01,-7.914411053147352160e-01,-1.237224101426557174e-05,3.274915305938071576e-05
9.458333333333333037e-01,3.324864621270712250e-01,7.940933304400196180e-01,-7.914409688597522363e-01,-1.237225658425637756e-05,3.274919592787390161e-05
9.499999999999999556e-01,3.324864522250819410e-01,7.940932788888855898e-01,-7.914408324045906218e-01,-1.237227215445170796e-05,3.274923879691517877e-05
9.541666666666667185e-01,3.324864423230781685e-01,7.940932273376867245e-01,-7.914406959492503724e-01,-1.237228772466181061e-05,3.274928166600233123e-05
9.583333333333333703e-01,3.324864324210599076e-01,7.940931757864230223e-01,-7.914405594937314881e-01,-1.237230329492042114e-05,3.274932453522462272e-05
9.625000000000000222e-01,3.324864225190270473e-01,7.940931242350943720e-01,-7.914404230380339689e-01,-1.237231886517166418e-05,3.274936740443414772e-05
9.666666666666666741e-01,3.324864126169797540e-01,7.940930726837008846e-01,-7.914402865821578148e-01,-1.237233443556441424e-05,3.274941027402497308e-05
9.708333333333333259e-01,3.324864027149178614e-01,7.940930211322425603e-01,-7.914401501261030258e-01,-1.237235000589859028e-05,3.274945314346748636e-05
9.749999999999999778e-01,3.324863928128414248e-01,7.940929695807192878e-01,-7.914400136698696020e-01,-1.237236557609336841e-05,3.274949601254775413e-05
9.791666666666666297e-01,3.324863829107503888e-01,7.940929180291311784e-01,-7.914398772134575433e-01,-1.237238114659163167e-05,3.274953888243813100e-05
9.833333333333332815e-01,3.324863730086447533e-01,7.940928664774782320e-01,-7.914397407568669607e-01,-1.237239671703075170e-05,3.274958175217868467e-05
9.875000000000000444e-01,3.324863631065245739e-01,7.940928149257603375e-01,-7.914396043000977432e-01,-1.237241228754892363e-05,3.274962462213520465e-05
9.916666666666666963e-01,3.324863532043897396e-01,7.940927633739776059e-01,-7.914394678431498908e-01,-1.237242785796630371e-05,3.274966749183166518e-05
9.958333333333333481e-01,3.324863433022403614e-01,7.940927118221300374e-01,-7.914393313860234036e-01,-1.237244342851628342e-05,3.274971036188589209e-05
1.000000000000000000e+00,3.324863334000763282e-01,7.940926602702175208e-01,-7.914391949287182815e-01,-1.237245899912531487e-05,3.274975323210314236e-05
1.004166666666666652e+00,3.324863234978976401e-01,7.940926087182401671e-01,-7.914390584712345245e-01,-1.237247456970963668e-05,3.274979610226174407e-05
1.008333333333333304e+00,3.324863135957043525e-01,7.940925571661978655e-01,-7.914389220135721326e-01,-1.237249014036005416e-05,3.274983897260201062e-05
1.012499999999999956e+00,3.324863036934964655e-01,7.940925056140907268e-01,-7.914387855557311058e-01,-1.237250571107398556e-05,3.274988184311716576e-05
1.016666666666666607e+00,3.324862937912739236e-01,7.940924540619187511e-01,-7.914386490977114441e-01,-1.237252128178734098e-05,3.274992471363749797e-05
1.020833333333333259e+00,3.324862838890367267e-01,7.940924025096818273e-01,-7.914385126395131476e-01,-1.237253685248927670e-05,3.274996758413439786e-05
1.024999999999999911e+00,3.324862739867848749e-01,7.940923509573800665e-01,-7.914383761811362161e-01,-1.237255242329495363e-05,3.275001045491263466e-05
1.029166666666666563e+00,3.324862640845183126e-01,7.940922994050134687e-01,-7.914382397225806498e-01,-1.237256799415023958e-05,3.275005332582889717e-05
1.033333333333333437e+00,3.324862541822371509e-01,7.940922478525819228e-01,-7.914381032638464486e-01,-1.237258356494263164e-05,3.275009619658541605e-05
1.037500000000000089e+00,3.324862442799413342e-01,7.940921963000855399e-01,-7.914379668049336125e-01,-1.237259913586942751e-05,3.275013906770447180e-05
1.041666666666666741e+00,3.324862343776308626e-01,7.940921447475242090e-01,-7.914378303458422526e-01,-1.237261470682684700e-05,3.275018193891134793e-05
1.045833333333333393e+00,3.324862244753056806e-01,7.940920931948980410e-01,-7.914376938865722577e-01,-1.237263027772380867e-05,3.275022480996489754e-05
1.050000000000000044e+00,3.324862145729658436e-01,7.940920416422070360e-01,-7.914375574271236280e-01,-1.237264584875792022e-05,3.275026768138820075e-05
1.054166666666666696e+00,3.324862046706113516e-01,7.940919900894510830e-01,-7.914374209674963634e-01,-1.237266141971958842e-05,3.275031055262651874e-05
1.058333333333333348e+00,3.324861947682421492e-01,7.940919385366302929e-01,-7.914372845076904639e-01,-1.237267699080393750e-05,3.275035342419629089e-05
1.062500000000000000e+00,3.324861848658582919e-01,7.940918869837446659e-01,-7.914371480477059295e-01,-1.237269256195182251e-05,3.275039629594101939e-05
1.066666666666666652e+00,3.324861749634597796e-01,7.940918354307940907e-01,-7.914370115875427603e-01,-1.237270813303863137e-05,3.275043916753081540e-05
1.070833333333333304e+00,3.324861650610465569e-01,7.940917838777786786e-01,-7.914368751272009561e-01,-1.237272370426507869e-05,3.275048203949694475e-05
1.074999999999999956e+00,3.324861551586186792e-01,7.940917323246983184e-01,-7.914367386666805171e-01,-1.237273927541942995e-05,3.275052491127903079e-05
1.079166666666666607e+00,3.324861452561760911e-01,7.940916807715531212e-01,-7.914366022059814432e-01,-1.237275484670626903e-05,3.275056778341850375e-05
1.083333333333333259e+00,3.324861353537188480e-01,7.940916292183430869e-01,-7.914364657451037344e-01,-1.237277041800974383e-05,3.275061065560873770e-05
1.087499999999999911e+00,3.324861254512468944e-01,7.940915776650681046e-01,-7.914363292840473907e-01,-1.237278598935027802e-05,3.275065352790384787e-05
1.091666666666666563e+00,3.324861155487602860e-01,7.940915261117282853e-01,-7.914361928228124121e-01,-1.237280156061644102e-05,3.275069640000884320e-05
1.095833333333333437e+00,3.324861056462589115e-01,7.940914745583235179e-01,-7.914360563613987987e-01,-1.237281713194562158e-05,3.275073927228737186e-05
1.100000000000000089e+00,3.324860957437429376e-01,7.940914230048539135e-01,-7.914359198998065503e-01,-1.237283270344391735e-05,3.275078214502029643e-05
1.104166666666666741e+00,3.324860858412121978e-01,7.940913714513194721e-01,-7.914357834380356671e-01,-1.237284827488663590e-05,3.275082501761282359e-05
1.108333333333333393e+00,3.324860759386668030e-01,7.940913198977200826e-01,-7.914356469760861490e-01,-1.237286384630067052e-05,3.275086789013619221e-05
1.112500000000000044e+00,3.324860660361067533e-01,7.940912683440558562e-01,-7.914355105139579960e-01,-1.237287941783688288e-05,3.275091076298972071e-05
1.116666666666666696e+00,3.324860561335319376e-01,7.940912167903266816e-01,-7.914353740516512081e-01,-1.237289498940517914e-05,3.275095363593489141e-05
1.120833333333333348e+00,3.324860462309424669e-01,7.940911652365326701e-01,-7.914352375891657854e-01,-1.237291056100501214e-05,3.275099650897028128e-05
1.125000000000000000e+00,3.324860363283382858e-01,7.940911136826738215e-01,-7.914351011265017277e-01,-1.237292613251193748e-05,3.275103938176650292e-05
1.129166666666666652e+00,3.324860264257194498e-01,7.940910621287500248e-01,-7.914349646636590352e-01,-1.237294170424671807e-05,3.275108225517258829e-05
1.133333333333333304e+00,3.324860165230859033e-01,7.940910105747613912e-01,-7.914348282006377078e-01,-1.237295727591441365e-05,3.275112512840781695e-05
1.137499999999999956e+00,3.324860066204376463e-01,7.940909590207078095e-01,-7.914346917374377455e-01,-1.237297284759397447e-05,3.275116800168122985e-05
1.141666666666666607e+00,3.324859967177746789e-01,7.940909074665893908e-01,-7.914345552740591483e-01,-1.237298841935206371e-05,3.275121087516923347e-05
1.145833333333333259e+00,3.324859868150970565e-01,7.940908559124061350e-01,-7.914344188105019162e-01,-1.237300399122638113e-05,3.275125374897162184e-05
1.149999999999999911e+00,3.324859769124047237e-01,7.940908043581579312e-01,-7.914342823467659382e-01,-1.237301956301411991e-05,3.275129662255159968e-05
1.154166666666666563e+00,3.324859670096976805e-01,7.940907528038448904e-01,-7.914341458828513254e-01,-1.237303513493497162e-05,3.275133949649067206e-05
1.158333333333333437e+00,3.324859571069759268e-01,7.940907012494669015e-01,-7.914340094187580776e-01,-1.237305070679339530e-05,3.275138237027121375e-05
1.162500000000000089e+00,3.324859472042394626e-01,7.940906496950240756e-01,-7.914338729544861950e-01,-1.237306627874512814e-05,3.275142524430553329e-05
1.166666666666666741e+00,3.324859373014883435e-01,7.940905981405164127e-01,-7.914337364900356775e-01,-1.237308185076693601e-05,3.275146811853205477e-05
1.170833333333333393e+00,3.324859273987225139e-01,7.940905465859438017e-01,-7.914336000254065251e-01,-1.237309742271044415e-05,3.275151099255803951e-05
1.175000000000000044e+00,3.324859174959419739e-01,7.940904950313063537e-01,-7.914334635605987378e-01,-1.237311299472955676e-05,3.275155386679089680e-05
1.179166666666666696e+00,3.324859075931467234e-01,7.940904434766039577e-01,-7.914333270956123156e-01,-1.237312856677002646e-05,3.275159674108705794e-05
1.183333333333333348e+00,3.324858976903367624e-01,7.940903919218367246e-01,-7.914331906304472586e-01,-1.237314413895248429e-05,3.275163961576578659e-05
1.187500000000000000e+00,3.324858877875121466e-01,7.940903403670045435e-01,-7.914330541651035666e-01,-1.237315971106284099e-05,3.275168249026040417e-05
1.191666666666666652e+00,3.324858778846728202e-01,7.940902888121075254e-01,-7.914329176995812398e-01,-1.237317528316545411e-05,3.275172536474125915e-05
1.195833333333333304e+00,3.324858679818187834e-01,7.940902372571456702e-01,-7.914327812338802781e-01,-1.237319085540988426e-05,3.275176823960426829e-05
1.199999999999999956e+00,3.324858580789500362e-01,7.940901857021188670e-01,-7.914326447680006815e-01,-1.237320642771057095e-05,3.275181111462292143e-05
1.204166666666666607e+00,3.324858481760666340e-01,7.940901341470272268e-01,-7.914325083019423390e-01,-1.237322199998107447e-05,3.275185398956839770e-05
1.208333333333333259e+00,3.324858382731684658e-01,7.940900825918706385e-01,-7.914323718357053616e-01,-1.237323757227360254e-05,3.275189686457893288e-05
1.212499999999999911e+00,3.324858283702556427e-01,7.940900310366492132e-01,-7.914322353692897494e-01,-1.237325314464445575e-05,3.275193973980355055e-05
1.216666666666666563e+00,3.324858184673281092e-01,7.940899794813628398e-01,-7.914320989026955022e-01,-1.237326871700093989e-05,3.275198261499684833e-05
1.220833333333333437e+00,3.324858085643859207e-01,7.940899279260116295e-01,-7.914319624359226202e-01,-1.237328428942679941e-05,3.275202549038055912e-05
1.225000000000000089e+00,3.324857986614289662e-01,7.940898763705955821e-01,-7.914318259689711033e-01,-1.237329986198908715e-05,3.275206836613209904e-05
1.229166666666666741e+00,3.324857887584573013e-01,7.940898248151145866e-01,-7.914316895018409515e-01,-1.237331543442728625e-05,3.275211124156196974e-05
1.233333333333333393e+00,3.324857788554709814e-01,7.940897732595687541e-01,-7.914315530345321648e-01,-1.237333100694340053e-05,3.275215411720476419e-05
1.237500000000000044e+00,3.324857689524698956e-01,7.940897217039579736e-01,-7.914314165670447432e-01,-1.237334657947461570e-05,3.275219699289432163e-05
1.241666666666666696e+00,3.324857590494541548e-01,7.940896701482823561e-01,-7.914312800993785757e-01,-1.237336215207835046e-05,3.275223986878253880e-05
1.245833333333333348e+00,3.324857491464237036e-01,7.940896185925417905e-01,-7.914311436315337733e-01,-1.237337772466356398e-05,3.275228274462849240e-05
1.250000000000000000e+00,3.324857392433785974e-01,7.940895670367363879e-01,-7.914310071635103361e-01,-1.237339329738325924e-05,3.275232562083715907e-05
1.254166666666666652e+00,3.324857293403187253e-01,7.940895154808661482e-01,-7.914308706953082639e-01,-1.237340887008361335e-05,3.275236849700140056e-05
1.258333333333333304e+00,3.324857194372441427e-01,7.940894639249309606e-01,-7.914307342269275569e-01,-1.237342444281909052e-05,3.275241137326530733e-05
1.262499999999999956e+00,3.324857095341549051e-01,7.940894123689309358e-01,-7.914305977583682150e-01,-1.237344001555426954e-05,3.275245424953522464e-05
1.266666666666666607e+00,3.324856996310509571e-01,7.940893608128659631e-01,-7.914304612896302382e-01,-1.237345558837807361e-05,3.275249712604642437e-05
1.270833333333333259e+00,3.324856897279322987e-01,7.940893092567361533e-01,-7.914303248207135155e-01,-1.237347116125413962e-05,3.275254000270272424e-05
1.274999999999999911e+00,3.324856798247989298e-01,7.940892577005413955e-01,-7.914301883516181579e-01,-1.237348673411896720e-05,3.275258287933598481e-05
1.279166666666666563e+00,3.324856699216509059e-01,7.940892061442818006e-01,-7.914300518823441655e-01,-1.237350230702324110e-05,3.275262575608045064e-05
1.283333333333333437e+00,3.324856600184881161e-01,7.940891545879572577e-01,-7.914299154128915381e-01,-1.237351787995043062e-05,3.275266863289231318e-05
1.287500000000000089e+00,3.324856501153106714e-01,7.940891030315678778e-01,-7.914297789432602759e-01,-1.237353345300040944e-05,3.275271151003592804e-05
1.291666666666666741e+00,3.324856402121184606e-01,7.940890514751135498e-01,-7.914296424734503788e-01,-1.237354902595345549e-05,3.275275438692966818e-05
1.295833333333333393e+00,3.324856303089116505e-01,7.940889999185943848e-01,-7.914295060034617357e-01,-1.237356459898613620e-05,3.275279726404098737e-05
1.300000000000000044e+00,3.324856204056900744e-01,7.940889483620103828e-01,-7.914293695332944578e-01,-1.237358017206106352e-05,3.275284014127085729e-05
1.304166666666666696e+00,3.324856105024537878e-01,7.940888968053614327e-01,-7.914292330629485450e-01,-1.237359574513328881e-05,3.275288301850034773e-05
1.308333333333333348e+00,3.324856005992027908e-01,7.940888452486476456e-01,-7.914290965924239973e-01,-1.237361131835083784e-05,3.275292589612124872e-05
1.312500000000000000e+00,3.324855906959371388e-01,7.940887936918689105e-01,-7.914289601217208148e-01,-1.237362689160789758e-05,3.275296877385344306e-05
1.316666666666666652e+00,3.324855807926567208e-01,7.940887421350253383e-01,-7.914288236508388863e-01,-1.237364246477492448e-05,3.275301165135407214e-05
1.320833333333333304e+00,3.324855708893616479e-01,7.940886905781168181e-01,-7.914286871797783229e-01,-1.237365803796104351e-05,3.275305452891200808e-05
1.324999999999999956e+00,3.324855609860518646e-01,7.940886390211434609e-01,-7.914285507085391247e-01,-1.237367361131262365e-05,3.275309740691463632e-05
1.329166666666666607e+00,3.324855510827273708e-01,7.940885874641051556e-01,-7.914284142371212916e-01,-1.237368918470962170e-05,3.275314028504422464e-05
1.333333333333333259e+00,3.324855411793881665e-01,7.940885359070020133e-01,-7.914282777655248236e-01,-1.237370475792329133e-05,3.275318316269531388e-05
1.337499999999999911e+00,3.324855312760343073e-01,7.940884843498339229e-01,-7.914281412937496096e-01,-1.237372033138435386e-05,3.275322604100799006e-05
1.341666666666666563e+00,3.324855213726656822e-01,7.940884327926009956e-01,-7.914280048217957608e-01,-1.237373590486250105e-05,3.275326891937259275e-05
1.345833333333333437e+00,3.324855114692824021e-01,7.940883812353031201e-01,-7.914278683496632771e-01,-1.237375147831915902e-05,3.275331179768713240e-05
1.350000000000000089e+00,3.324855015658843560e-01,7.940883296779404077e-01,-7.914277318773521586e-01,-1.237376705181415878e-05,3.275335467610981444e-05
1.354166666666666741e+00,3.324854916624716550e-01,7.940882781205127472e-01,-7.914275954048622941e-01,-1.237378262544221047e-05,3.275339755489148938e-05
1.358333333333333393e+00,3.324854817590442435e-01,7.940882265630202497e-01,-7.914274589321937947e-01,-1.237379819892267853e-05,3.275344043328923477e-05
1.362500000000000044e+00,3.324854718556021216e-01,7.940881750054629151e-01,-7.914273224593466605e-01,-1.237381377243213884e-05,3.275348331177045696e-05
1.366666666666666696e+00,3.324854619521453447e-01,7.940881234478406325e-01,-7.914271859863208913e-01,-1.237382934616759939e-05,3.275352619085667751e-05
1.370833333333333348e+00,3.324854520486738019e-01,7.940880718901535129e-01,-7.914270495131164873e-01,-1.237384491987821478e-05,3.275356906988384292e-05
1.375000000000000000e+00,3.324854421451876041e-01,7.940880203324014452e-01,-7.914269130397333374e-01,-1.237386049346997111e-05,3.275361194860314235e-05
1.379166666666666652e+00,3.324854322416866403e-01,7.940879687745845406e-01,-7.914267765661715526e-01,-1.237387606733432975e-05,3.275365482805076136e-05
1.383333333333333304e+00,3.324854223381710217e-01,7.940879172167026878e-01,-7.914266400924311329e-01,-1.237389164106386785e-05,3.275369770714826439e-05
1.387499999999999956e+00,3.324854124346406925e-01,7.940878656587559981e-01,-7.914265036185120783e-01,-1.237390721473992260e-05,3.275374058611094688e-05
1.391666666666666607e+00,3.324854025310956529e-01,7.940878141007443602e-01,-7.914263671444142778e-01,-1.237392278885350205e-05,3.275378346623846907e-05
1.395833333333333259e+00,3.324853926275359028e-01,7.940877625426678854e-01,-7.914262306701378424e-01,-1.237393836252677175e-05,3.275382634520724342e-05
1.399999999999999911e+00,3.324853827239614423e-01,7.940877109845264625e-01,-7.914260941956827722e-01,-1.237395393647044994e-05,3.275386922489854365e-05
1.404166666666666563e+00,3.324853728203723269e-01,7.940876594263202026e-01,-7.914259577210489560e-01,-1.237396951045408437e-05,3.275391210470235696e-05
1.408333333333333437e+00,3.324853629167684455e-01,7.940876078680489947e-01,-7.914258212462365050e-01,-1.237398508442228078e-05,3.275395498447204501e-05
1.412500000000000089e+00,3.324853530131499091e-01,7.940875563097129497e-01,-7.914256847712454190e-01,-1.237400065842427042e-05,3.275399786433792212e-05
1.416666666666666741e+00,3.324853431095166623e-01,7.940875047513119567e-01,-7.914255482960756982e-01,-1.237401623254666240e-05,3.275404074452924961e-05
1.420833333333333393e+00,3.324853332058687050e-01,7.940874531928461266e-01,-7.914254118207272315e-01,-1.237403180662148162e-05,3.275408362460142329e-05
1.425000000000000044e+00,3.324853233022060373e-01,7.940874016343153485e-01,-7.914252753452001299e-01,-1.237404738073098007e-05,3.275412650477209673e-05
1.429166666666666696e+00,3.324853133985286591e-01,7.940873500757197334e-01,-7.914251388694943934e-01,-1.237406295494971019e-05,3.275416938523866250e-05
1.433333333333333348e+00,3.324853034948365704e-01,7.940872985170591702e-01,-7.914250023936099110e-01,-1.237407852914946846e-05,3.275421226566175176e-05
1.437500000000000000e+00,3.324852935911297713e-01,7.940872469583337701e-01,-7.914248659175467937e-01,-1.237409410332972296e-05,3.275425514603995505e-05
1.441666666666666652e+00,3.324852836874083173e-01,7.940871953995434218e-01,-7.914247294413050415e-01,-1.237410967762129791e-05,3.275429802671959366e-05
1.445833333333333304e+00,3.324852737836720973e-01,7.940871438406882366e-01,-7.914245929648845435e-01,-1.237412525203384950e-05,3.275434090772615987e-05
1.449999999999999956e+00,3.324852638799212223e-01,7.940870922817681032e-01,-7.914244564882854105e-01,-1.237414082625837332e-05,3.275438378824177223e-05
1.454166666666666607e+00,3.324852539761556369e-01,7.940870407227831329e-01,-7.914243200115076426e-01,-1.237415640059650460e-05,3.275442666906487111e-05
1.458333333333333259e+00,3.324852440723753411e-01,7.940869891637332145e-01,-7.914241835345511289e-01,-1.237417197500067733e-05,3.275446955006950609e-05
1.462499999999999911e+00,3.324852341685803347e-01,7.940869376046184591e-01,-7.914240470574159803e-01,-1.237418754951579275e-05,3.275451243137456671e-05
1.466666666666666563e+00,3.324852242647706180e-01,7.940868860454387557e-01,-7.914239105801021967e-01,-1.237420312387951628e-05,3.275455531228562149e-05
1.470833333333333437e+00,3.324852143609461907e-01,7.940868344861942152e-01,-7.914237741026096673e-01,-1.237421869854875612e-05,3.275459819401213183e-05
1.475000000000000089e+00,3.324852044571070531e-01,7.940867829268847267e-01,-7.914236376249385030e-01,-1.237423427296231567e-05,3.275464107506857812e-05
1.479166666666666741e+00,3.324851945532532604e-01,7.940867313675104011e-01,-7.914235011470887038e-01,-1.237424984756712680e-05,3.275468395663800789e-05
1.483333333333333393e+00,3.324851846493847018e-01,7.940866798080711275e-01,-7.914233646690601587e-01,-1.237426542214721473e-05,3.275472683814879588e-05
1.487500000000000044e+00,3.324851747455014883e-01,7.940866282485670169e-01,-7.914232281908529787e-01,-1.237428099690727344e-05,3.275476972014267047e-05
1.491666666666666696e+00,3.324851648416035643e-01,7.940865766889979582e-01,-7.914230917124671638e-01,-1.237429657151826282e-05,3.275481260174871917e-05
1.495833333333333348e+00,3.324851549376909299e-01,7.940865251293640625e-01,-7.914229552339026030e-01,-1.237431214628378998e-05,3.275485548377052552e-05
1.500000000000000000e+00,3.324851450337635850e-01,7.940864735696652188e-01,-7.914228187551594074e-01,-1.237432772102020462e-05,3.275489836572207557e-05
1.504166666666666652e+00,3.324851351298215296e-01,7.940864220099015380e-01,-7.914226822762375768e-01,-1.237434329581611823e-05,3.275494124783782127e-05
1.508333333333333304e+00,3.324851252258647638e-01,7.940863704500729092e-01,-7.914225457971370004e-01,-1.237435887062018878e-05,3.275498412998193240e-05
1.512499999999999956e+00,3.324851153218933431e-01,7.940863188901793324e-01,-7.914224093178577890e-01,-1.237437444541958031e-05,3.275502701212038535e-05
1.516666666666666607e+00,3.324851054179071563e-01,7.940862673302209185e-01,-7.914222728383999428e-01,-1.237439002032690248e-05,3.275506989455126796e-05
1.520833333333333259e+00,3.324850955139063147e-01,7.940862157701975566e-01,-7.914221363587633506e-01,-1.237440559531134361e-05,3.275511277719305499e-05
1.524999999999999911e+00,3.324850856098907070e-01,7.940861642101093576e-01,-7.914219998789481236e-01,-1.237442117025779192e-05,3.275515565974097045e-05
1.529166666666666563e+00,3.324850757058604445e-01,7.940861126499562106e-01,-7.914218633989541507e-01,-1.237443674518826350e-05,3.275519854225340539e-05
1.533333333333333437e+00,3.324850658018154714e-01,7.940860610897382266e-01,-7.914217269187815429e-01,-1.237445232018877962e-05,3.275524142495793385e-05
1.537500000000000089e+00,3.324850558977557879e-01,7.940860095294552945e-01,-7.914215904384303002e-01,-1.237446789537949529e-05,3.275528430817271496e-05
1.541666666666666741e+00,3.324850459936813940e-01,7.940859579691075254e-01,-7.914214539579003116e-01,-1.237448347042971700e-05,3.275532719102233677e-05
1.545833333333333393e+00,3.324850360895923451e-01,7.940859064086948083e-01,-7.914213174771916881e-01,-1.237449904559657175e-05,3.275537007418742754e-05
1.550000000000000044e+00,3.324850261854885303e-01,7.940858548482172541e-01,-7.914211809963043187e-01,-1.237451462073899469e-05,3.275541295729458125e-05
1.554166666666666696e+00,3.324850162813700050e-01,7.940858032876747519e-01,-7.914210445152383144e-01,-1.237453019592153311e-05,3.275545584051465462e-05
1.558333333333333348e+00,3.324850063772368247e-01,7.940857517270674126e-01,-7.914209080339936753e-01,-1.237454577121404689e-05,3.275549872403259898e-05
1.562500000000000000e+00,3.324849964730888785e-01,7.940857001663951253e-01,-7.914207715525702902e-01,-1.237456134653103316e-05,3.275554160762205326e-05
1.566666666666666652e+00,3.324849865689262773e-01,7.940856486056580010e-01,-7.914206350709682702e-01,-1.237457692178286056e-05,3.275558449104579400e-05
1.570833333333333304e+00,3.324849766647489657e-01,7.940855970448559287e-01,-7.914204985891875044e-01,-1.237459249712191204e-05,3.275562737470715798e-05
1.574999999999999956e+00,3.324849667605569437e-01,7.940855454839889083e-01,-7.914203621072281036e-01,-1.237460807253203804e-05,3.275567025856340053e-05
1.579166666666666607e+00,3.324849568563502111e-01,7.940854939230570508e-01,-7.914202256250899570e-01,-1.237462364792544870e-05,3.275571314238213646e-05
1.583333333333333259e+00,3.324849469521287681e-01,7.940854423620602454e-01,-7.914200891427731754e-01,-1.237463922336070448e-05,3.275575602631836602e-05
1.587499999999999911e+00,3.324849370478926147e-01,7.940853908009986029e-01,-7.914199526602777590e-01,-1.237465479885043464e-05,3.275579891040556396e-05
1.591666666666666563e+00,3.324849271436417508e-01,7.940853392398720123e-01,-7.914198161776035967e-01,-1.237467037433613801e-05,3.275584179448885877e-05
1.595833333333333437e+00,3.324849172393762320e-01,7.940852876786805847e-01,-7.914196796947507995e-01,-1.237468594991278222e-05,3.275588467881958206e-05
1.600000000000000089e+00,3.324849073350959472e-01,7.940852361174242091e-01,-7.914195432117192563e-01,-1.237470152547638043e-05,3.275592756312252946e-05
1.604166666666666741e+00,3.324848974308010074e-01,7.940851845561029965e-01,-7.914194067285090783e-01,-1.237471710114588995e-05,3.275597044771256681e-05
1.608333333333333393e+00,3.324848875264913572e-01,7.940851329947168358e-01,-7.914192702451201544e-01,-1.237473267680638704e-05,3.275601333228548055e-05
1.612500000000000044e+00,3.324848776221669411e-01,7.940850814332658381e-01,-7.914191337615525956e-01,-1.237474825260787445e-05,3.275605621723837326e-05
1.616666666666666696e+00,3.324848677178278700e-01,7.940850298717498923e-01,-7.914189972778062909e-01,-1.237476382820208613e-05,3.275609910164933430e-05
1.620833333333333348e+00,3.324848578134740884e-01,7.940849783101689985e-01,-7.914188607938813513e-01,-1.237477940402396841e-05,3.275614198666969149e-05
1.625000000000000000e+00,3.324848479091055964e-01,7.940849267485232676e-01,-7.914187243097776658e-01,-1.237479497981077166e-05,3.275618487160394270e-05
1.629166666666666652e+00,3.324848380047223939e-01,7.940848751868125888e-01,-7.914185878254953455e-01,-1.237481055572445875e-05,3.275622775688079503e-05
1.633333333333333304e+00,3.324848281003244810e-01,7.940848236250370729e-01,-7.914184513410343902e-01,-1.237482613146061451e-05,3.275627064169444230e-05
1.637499999999999956e+00,3.324848181959119131e-01,7.940847720631966089e-01,-7.914183148563946890e-01,-1.237484170740529285e-05,3.275631352706681284e-05
1.641666666666666607e+00,3.324848082914845793e-01,7.940847205012913079e-01,-7.914181783715763530e-01,-1.237485728332520733e-05,3.275635641238038573e-05
1.645833333333333259e+00,3.324847983870425905e-01,7.940846689393210589e-01,-7.914180418865792710e-01,-1.237487285918855695e-05,3.275639929755096592e-05
1.649999999999999911e+00,3.324847884825858357e-01,7.940846173772858618e-01,-7.914179054014035541e-01,-1.237488843527209448e-05,3.275644218331112169e-05
1.654166666666666563e+00,3.324847785781144260e-01,7.940845658151858277e-01,-7.914177689160490914e-01,-1.237490401131041061e-05,3.275648506895835780e-05
1.658333333333333437e+00,3.324847686736283059e-01,7.940845142530208456e-01,-7.914176324305159937e-01,-1.237491958734762390e-05,3.275652795460941573e-05
1.662500000000000089e+00,3.324847587691274198e-01,7.940844626907910264e-01,-7.914174959448041502e-01,-1.237493516354025758e-05,3.275657084067856912e-05
1.666666666666666741e+00,3.324847488646118787e-01,7.940844111284962592e-01,-7.914173594589136718e-01,-1.237495073963944489e-05,3.275661372650717193e-05
1.670833333333333393e+00,3.324847389600816272e-01,7.940843595661366550e-01,-7.914172229728444474e-01,-1.237496631584440629e-05,3.275665661262245812e-05
1.675000000000000044e+00,3.324847290555367207e-01,7.940843080037121027e-01,-7.914170864865965882e-01,-1.237498189206157851e-05,3.275669949877682303e-05
1.679166666666666696e+00,3.324847191509770483e-01,7.940842564412226023e-01,-7.914169500001699831e-01,-1.237499746833369606e-05,3.275674238508340314e-05
1.683333333333333348e+00,3.324847092464026654e-01,7.940842048786682650e-01,-7.914168135135646320e-01,-1.237501304470466575e-05,3.275678527165837750e-05
1.687500000000000000e+00,3.324846993418135721e-01,7.940841533160489796e-01,-7.914166770267806461e-01,-1.237502862102177939e-05,3.275682815809753521e-05
1.691666666666666652e+00,3.324846894372098238e-01,7.940841017533648571e-01,-7.914165405398179143e-01,-1.237504419732409537e-05,3.275687104450425495e-05
1.695833333333333304e+00,3.324846795325913096e-01,7.940840501906157867e-01,-7.914164040526765476e-01,-1.237505977370242916e-05,3.275691393111893144e-05
1.699999999999999956e+00,3.324846696279581404e-01,7.940839986278018792e-01,-7.914162675653564349e-01,-1.237507535009294837e-05,3.275695681777264598e-05
1.704166666666666607e+00,3.324846597233102052e-01,7.940839470649230236e-01,-7.914161310778576874e-01,-1.237509092655651231e-05,3.275699970462643649e-05
1.708333333333333259e+00,3.324846498186476151e-01,7.940838955019792200e-01,-7.914159945901801940e-01,-1.237510650302242084e-05,3.275704259149318320e-05
1.712499999999999911e+00,3.324846399139703146e-01,7.940838439389705794e-01,-7.914158581023240657e-01,-1.237512207957899239e-05,3.275708547860661980e-05
1.716666666666666563e+00,3.324846300092783036e-01,7.940837923758969907e-01,-7.914157216142891915e-01,-1.237513765615579955e-05,3.275712836578043290e-05
1.720833333333333437e+00,3.324846201045715266e-01,7.940837408127585650e-01,-7.914155851260756824e-01,-1.237515323277562582e-05,3.275717125307482284e-05
1.725000000000000089e+00,3.324846101998500947e-01,7.940836892495551913e-01,-7.914154486376834274e-01,-1.237516880943639767e-05,3.275721414048435504e-05
1.729166666666666741e+00,3.324846002951139523e-01,7.940836376862868695e-01,-7.914153121491124265e-01,-1.237518438601555620e-05,3.275725702768461590e-05
1.733333333333333393e+00,3.324845903903631550e-01,7.940835861229537107e-01,-7.914151756603627907e-01,-1.237519996271067184e-05,3.275729991519851612e-05
1.737500000000000044e+00,3.324845804855975917e-01,7.940835345595556038e-01,-7.914150391714344090e-01,-1.237521553947717204e-05,3.275734280290814194e-05
1.741666666666666696e+00,3.324845705808173180e-01,7.940834829960926600e-01,-7.914149026823273925e-01,-1.237523111621740574e-05,3.275738569055501955e-05
1.745833333333333348e+00,3.324845606760223893e-01,7.940834314325647680e-01,-7.914147661930416300e-01,-1.237524669310444719e-05,3.275742857859720406e-05
1.750000000000000000e+00,3.324845507712126946e-01,7.940833798689719281e-01,-7.914146297035772326e-01,-1.237526226993704137e-05,3.275747146650203370e-05
1.754166666666666652e+00,3.324845408663883450e-01,7.940833283053142511e-01,-7.914144932139340893e-01,-1.237527784681656794e-05,3.275751435453782141e-05
1.758333333333333304e+00,3.324845309615492295e-01,7.940832767415916260e-01,-7.914143567241122001e-01,-1.237529342384178418e-05,3.275755724296601577e-05
1.762499999999999956e+00,3.324845210566954590e-01,7.940832251778041639e-01,-7.914142202341116761e-01,-1.237530900072728065e-05,3.275760013103106339e-05
1.766666666666666607e+00,3.324845111518269225e-01,7.940831736139517538e-01,-7.914140837439324061e-01,-1.237532457762555037e-05,3.275764301913674148e-05
1.770833333333333259e+00,3.324845012469437311e-01,7.940831220500343957e-01,-7.914139472535745012e-01,-1.237534015463148475e-05,3.275768590753411061e-05
1.774999999999999911e+00,3.324844913420458292e-01,7.940830704860522005e-01,-7.914138107630378505e-01,-1.237535573175452822e-05,3.275772879624820231e-05
1.779166666666666563e+00,3.324844814371332169e-01,7.940830189220050572e-01,-7.914136742723224538e-01,-1.237537130871050968e-05,3.275777168452689197e-05
1.783333333333333437e+00,3.324844715322058941e-01,7.940829673578930770e-01,-7.914135377814284222e-01,-1.237538688591340464e-05,3.275781457346584041e-05
1.787500000000000089e+00,3.324844616272638609e-01,7.940829157937161487e-01,-7.914134012903556448e-01,-1.237540246305651770e-05,3.275785746225331904e-05
1.791666666666666741e+00,3.324844517223071172e-01,7.940828642294742723e-01,-7.914132647991042324e-01,-1.237541804022242612e-05,3.275790035110788946e-05
1.795833333333333393e+00,3.324844418173356630e-01,7.940828126651675589e-01,-7.914131283076740742e-01,-1.237543361742893621e-05,3.275794324007666702e-05
1.800000000000000044e+00,3.324844319123494985e-01,7.940827611007958975e-01,-7.914129918160651700e-01,-1.237544919469178755e-05,3.275798612920134608e-05
1.804166666666666696e+00,3.324844220073486789e-01,7.940827095363593990e-01,-7.914128553242776309e-01,-1.237546477199534051e-05,3.275802901844049656e-05
1.808333333333333348e+00,3.324844121023330934e-01,7.940826579718579525e-01,-7.914127188323113460e-01,-1.237548034944159989e-05,3.275807190806412545e-05
1.812500000000000000e+00,3.324844021973027974e-01,7.940826064072915580e-01,-7.914125823401663151e-01,-1.237549592680255628e-05,3.275811479746869130e-05
1.816666666666666652e+00,3.324843922922578465e-01,7.940825548426603264e-01,-7.914124458478426494e-01,-1.237551150411372237e-05,3.275815768674824187e-05
1.820833333333333304e+00,3.324843823871981296e-01,7.940825032779641468e-01,-7.914123093553402377e-01,-1.237552708162995176e-05,3.275820057657735418e-05
1.824999999999999956e+00,3.324843724821237578e-01,7.940824517132030191e-01,-7.914121728626590802e-01,-1.237554265900837227e-05,3.275824346604838162e-05
1.829166666666666607e+00,3.324843625770346200e-01,7.940824001483770544e-01,-7.914120363697992877e-01,-1.237555823649817084e-05,3.275828635582102056e-05
1.833333333333333259e+00,3.324843526719308273e-01,7.940823485834861417e-01,-7.914118998767607494e-01,-1.237557381405843238e-05,3.275832924578690497e-05
1.837499999999999911e+00,3.324843427668122686e-01,7.940822970185303920e-01,-7.914117633835434651e-01,-1.237558939175997224e-05,3.275837213613349343e-05
1.841666666666666563e+00,3.324843328616790550e-01,7.940822454535096941e-01,-7.914116268901475459e-01,-1.237560496927972190e-05,3.275841502600562824e-05
1.845833333333333437e+00,3.324843229565311309e-01,7.940821938884240483e-01,-7.914114903965728809e-01,-1.237562054687378683e-05,3.275845791608123392e-05
1.850000000000000089e+00,3.324843130513684963e-01,7.940821423232735654e-01,-7.914113539028194699e-01,-1.237563612454723739e-05,3.275850080637370714e-05
1.854166666666666741e+00,3.324843031461911513e-01,7.940820907580581345e-01,-7.914112174088874241e-01,-1.237565170236251006e-05,3.275854369704833452e-05
1.858333333333333393e+00,3.324842932409990959e-01,7.940820391927777555e-01,-7.914110809147766323e-01,-1.237566727999467623e-05,3.275858658724499815e-05
1.862500000000000044e+00,3.324842833357923300e-01,7.940819876274325395e-01,-7.914109444204870947e-01,-1.237568285780581538e-05,3.275862947792222083e-05
1.866666666666666696e+00,3.324842734305708536e-01,7.940819360620223755e-01,-7.914108079260189221e-01,-1.237569843568323317e-05,3.275867236878156916e-05
1.870833333333333348e+00,3.324842635253346668e-01,7.940818844965473744e-01,-7.914106714313720037e-01,-1.237571401353502313e-05,3.275871525957986335e-05
1.875000000000000000e+00,3.324842536200837695e-01,7.940818329310074253e-01,-7.914105349365463393e-01,-1.237572959137130730e-05,3.275875815034382898e-05
1.879166666666666652e+00,3.324842437148181618e-01,7.940817813654025281e-01,-7.914103984415420401e-01,-1.237574516927636885e-05,3.275880104129660165e-05
1.883333333333333304e+00,3.324842338095378991e-01,7.940817297997327939e-01,-7.914102619463589949e-01,-1.237576074730408755e-05,3.275884393258082170e-05
1.887499999999999956e+00,3.324842239042428704e-01,7.940816782339981117e-01,-7.914101254509972039e-01,-1.237577632522198673e-05,3.275888682358107565e-05
1.891666666666666607e+00,3.324842139989331313e-01,7.940816266681984814e-01,-7.914099889554567779e-01,-1.237579190328648191e-05,3.275892971497612149e-05
1.895833333333333259e+00,3.324842040936087373e-01,7.940815751023340141e-01,-7.914098524597376061e-01,-1.237580748131400410e-05,3.275897260628002659e-05
1.899999999999999911e+00,3.324841941882695773e-01,7.940815235364045988e-01,-7.914097159638396883e-01,-1.237582305948855765e-05,3.275901549797990942e-05
1.904166666666666563e+00,3.324841842829157623e-01,7.940814719704102354e-01,-7.914095794677630247e-01,-1.237583863762464575e-05,3.275905838958469417e-05
1.908333333333333437e+00,3.324841743775471814e-01,7.940814204043510349e-01,-7.914094429715077261e-01,-1.237585421566835304e-05,3.275910128095168628e-05
1.912500000000000089e+00,3.324841644721639455e-01,7.940813688382268865e-01,-7.914093064750736817e-01,-1.237586979381419556e-05,3.275914417259580047e-05
1.916666666666666741e+00,3.324841545667659992e-01,7.940813172720377899e-01,-7.914091699784608913e-01,-1.237588537218163038e-05,3.275918706483321041e-05
1.920833333333333393e+00,3.324841446613532869e-01,7.940812657057838564e-01,-7.914090334816693550e-01,-1.237590095049704382e-05,3.275922995693965551e-05
1.925000000000000044e+00,3.324841347559259197e-01,7.940812141394649748e-01,-7.914088969846991839e-01,-1.237591652878252142e-05,3.275927284897360814e-05
1.929166666666666696e+00,3.324841248504838420e-01,7.940811625730811452e-01,-7.914087604875502668e-01,-1.237593210713732189e-05,3.275931574119781792e-05
1.933333333333333348e+00,3.324841149450270539e-01,7.940811110066324785e-01,-7.914086239902226039e-01,-1.237594768548504456e-05,3.275935863341006759e-05
1.937500000000000000e+00,3.324841050395555553e-01,7.940810594401188638e-01,-7.914084874927161950e-01,-1.237596326387399740e-05,3.275940152573815749e-05
1.941666666666666652e+00,3.324840951340692907e-01,7.940810078735403010e-01,-7.914083509950311512e-01,-1.237597884237238181e-05,3.275944441836266827e-05
1.945833333333333304e+00,3.324840852285684267e-01,7.940809563068969013e-01,-7.914082144971673616e-01,-1.237599442092606562e-05,3.275948731114031583e-05
1.949999999999999956e+00,3.324840753230527413e-01,7.940809047401885534e-01,-7.914080779991248260e-01,-1.237600999935018219e-05,3.275953020358174551e-05
1.954166666666666607e+00,3.324840654175224008e-01,7.940808531734152576e-01,-7.914079415009035445e-01,-1.237602557792970558e-05,3.275957309644128421e-05
1.958333333333333259e+00,3.324840555119773500e-01,7.940808016065771247e-01,-7.914078050025036282e-01,-1.237604115646844603e-05,3.275961598919958554e-05
1.962499999999999911e+00,3.324840456064176442e-01,7.940807500396740437e-01,-7.914076685039249659e-01,-1.237605673506377845e-05,3.275965888211449987e-05
1.966666666666666563e+00,3.324840357008431724e-01,7.940806984727060147e-01,-7.914075320051675577e-01,-1.237607231372833040e-05,3.275970177521932576e-05
1.970833333333333437e+00,3.324840257952539901e-01,7.940806469056731487e-01,-7.914073955062314036e-01,-1.237608789243626230e-05,3.275974466844573137e-05
1.975000000000000089e+00,3.324840158896500975e-01,7.940805953385753346e-01,-7.914072590071166147e-01,-1.237610347123170456e-05,3.275978756191055304e-05
1.979166666666666741e+00,3.324840059840314943e-01,7.940805437714125725e-01,-7.914071225078230798e-01,-1.237611904988664607e-05,3.275983045501017476e-05
1.983333333333333393e+00,3.324839960783982362e-01,7.940804922041849734e-01,-7.914069860083507990e-01,-1.237613462860851843e-05,3.275987334829375848e-05
1.987500000000000044e+00,3.324839861727502122e-01,7.940804406368924262e-01,-7.914068495086997723e-01,-1.237615020753287402e-05,3.275991624212003960e-05
1.991666666666666696e+00,3.324839762670874777e-01,7.940803890695349310e-01,-7.914067130088699997e-01,-1.237616578638090686e-05,3.275995913575103558e-05
1.995833333333333348e+00,3.324839663614100882e-01,7.940803375021125987e-01,-7.914065765088615922e-01,-1.237618136532556075e-05,3.276000202964454402e-05
2.000000000000000000e+00,3.324839564557179328e-01,7.940802859346253184e-01,-7.914064400086744389e-01,-1.237619694416381544e-05,3.276004492326317332e-05
