# Time, SliderHeight, Motor1Pos, Motor2Pos, Motor1Vel, Motor2Vel
0.000000000000000000e+00,2.874645000000566331e-01,0.000000000000000000e+00,0.000000000000000000e+00,0.000000000000000000e+00,0.000000000000000000e+00
4.166666666666666609e-03,2.874645000000566331e-01,2.083333333333332871e-02,-2.082932178698215786e-02,4.999999999999999112e+00,-4.999037228875717886e+00
8.333333333333333218e-03,2.889190873339552712e-01,4.166666666666665741e-02,-4.166327809417118277e-02,5.000000000000000000e+00,-5.000149513725366646e+00
1.250000000000000069e-02,2.901669564371004428e-01,6.249999999999998612e-02,-6.249729024226230445e-02,5.000000000000000000e+00,-5.000162915541868536e+00
1.666666666666666644e-02,2.912074040544458398e-01,8.333333333333331483e-02,-8.333135765752024138e-02,5.000000000000000000e+00,-5.000176179661903753e+00
2.083333333333333218e-02,2.920398114459002437e-01,1.041666666666666435e-01,-1.041654819482218941e-01,5.000000000000000000e+00,-5.000189829768395100e+00
2.500000000000000139e-02,2.926635751251513984e-01,1.249999999999999722e-01,-1.249996645329828071e-01,5.000000000000000000e+00,-5.000203820342617789e+00
2.916666666666666713e-02,2.930781071513775538e-01,1.458333333333333148e-01,-1.458339066208623191e-01,5.000000000000000000e+00,-5.000218101091082445e+00
3.333333333333333287e-02,2.932828354395903281e-01,1.666915970834633443e-01,-1.666732261070798804e-01,5.005983300031205729e+00,-5.001436676692216032e+00
3.749999999999999861e-02,2.950634598222334759e-01,1.875285597766384593e-01,-1.875117507867141153e-01,5.000871046362028061e+00,-5.001245923112215053e+00
4.166666666666666435e-02,2.974908137165399036e-01,2.083623929802017050e-01,-2.083461985406309669e-01,5.000119968855178954e+00,-5.000267460940046149e+00
4.583333333333333010e-02,2.998456423452096620e-01,2.291963749436283226e-01,-2.291808672000612557e-01,5.000155671222385578e+00,-5.000320478263271085e+00
5.000000000000000278e-02,3.021250451055451647e-01,2.500305932725394586e-01,-2.500158253637403960e-01,5.000212398938668201e+00,-5.000389959282999897e+00
5.416666666666666852e-02,3.043293243701792328e-01,2.708651168490206484e-01,-2.708511078562503283e-01,5.000285658355487328e+00,-5.000467798202390846e+00
5.833333333333333426e-02,3.064575340088666611e-01,2.917000474257047116e-01,-2.916867657964061222e-01,5.000383338404178701e+00,-5.000557905637389666e+00
6.250000000000000000e-02,3.085087457445161441e-01,3.125355168684703644e-01,-3.125228555408464670e-01,5.000512666263751349e+00,-5.000661538665680972e+00
6.666666666666666574e-02,3.104820664205483749e-01,3.333716945515389218e-01,-3.333594379986084544e-01,5.000682643936460892e+00,-5.000779789862872526e+00
7.083333333333333148e-02,3.123766343226618836e-01,3.542087968009806076e-01,-3.541965777985544572e-01,5.000904539866003695e+00,-5.000913551987037131e+00
7.499999999999999722e-02,3.141916184479134899e-01,3.750470984235546590e-01,-3.750343418063204481e-01,5.001192389417774109e+00,-5.001063361863835155e+00
7.916666666666666297e-02,3.159262175310145748e-01,3.958869467923251673e-01,-3.958727967955590898e-01,5.001563608504922875e+00,-5.001229197417281114e+00
8.333333333333332871e-02,3.175796586296231183e-01,4.167287790070871578e-01,-4.167120059655068376e-01,5.002039731542882173e+00,-5.001410200787458571e+00
8.749999999999999445e-02,3.191511951689564031e-01,4.375731427274346941e-01,-4.375520238918202964e-01,5.002647292883413144e+00,-5.001604302315226569e+00
9.166666666666666019e-02,3.206401043097105164e-01,4.584207213554321036e-01,-4.583928893623333556e-01,5.003418870719376521e+00,-5.001807712923132421e+00
9.583333333333333981e-02,3.220456834716958205e-01,4.792723643047127058e-01,-4.792346153727292668e-01,5.004394307827350730e+00,-5.002014242495023133e+00
1.000000000000000056e-01,3.233672458105199543e-01,5.001291231041690155e-01,-5.000771753300459199e-01,5.005622111869524105e+00,-5.002214389755997637e+00
1.041666666666666713e-01,3.246041144062580264e-01,5.209922939957006838e-01,-5.209204842269767877e-01,5.007161013967611041e+00,-5.002394135263396713e+00
1.083333333333333370e-01,3.257556148854257039e-01,5.418634674092247527e-01,-5.417643732058488037e-01,5.009081619245788097e+00,-5.002533354929287412e+00
1.125000000000000028e-01,3.268210661682672824e-01,5.627445840909115482e-01,-5.626085555423000484e-01,5.011468003604831800e+00,-5.002603760748286277e+00
1.166666666666666685e-01,3.277997690268482089e-01,5.836379964964660827e-01,-5.834525816924628350e-01,5.014418977333076732e+00,-5.002566276039067894e+00
1.208333333333333343e-01,3.286909921821454805e-01,6.045465319997506137e-01,-6.042957807747334487e-01,5.018048520788288336e+00,-5.002367779744958831e+00
1.250000000000000000e-01,3.294939558036053540e-01,6.254735510299538337e-01,-6.251371859223576744e-01,5.022484567248773679e+00,-5.001937235429807060e+00
1.291666666666666796e-01,3.302078125728434843e-01,6.464229878355352010e-01,-6.459754417570578999e-01,5.027864833339517503e+00,-5.001181400328050586e+00
1.333333333333333315e-01,3.308316270374569434e-01,6.673993535834341628e-01,-6.668086944845498243e-01,5.034327779495749056e+00,-4.999980654598068064e+00
1.375000000000000111e-01,3.313643549515837838e-01,6.884076707212396506e-01,-6.876344698293803681e-01,5.041996113073318853e+00,-4.998186082759321636e+00
1.416666666666666630e-01,3.318048258312196741e-01,7.094532949849262637e-01,-7.084495525030194418e-01,5.050949823284784479e+00,-4.995619841673386574e+00
1.458333333333333426e-01,3.321517341501299403e-01,7.305415709516386302e-01,-7.292498942142960905e-01,5.061186232010960850e+00,-4.992082010706394790e+00
1.499999999999999944e-01,3.324036473569877415e-01,7.516772674746586835e-01,-7.500305949455505772e-01,5.072567165524812793e+00,-4.987368175501064371e+00
1.541666666666666741e-01,3.325590415988682880e-01,7.728632803155360831e-01,-7.707821477609562155e-01,5.084643081810582110e+00,-4.980372675697356755e+00
1.583333333333333259e-01,3.326171975771054501e-01,7.941028668718441708e-01,-7.914622693923510921e-01,5.097500773513946370e+00,-4.963229191534773932e+00
1.625000000000000056e-01,3.325823568247277540e-01,7.941026815730570787e-01,-7.914617789123815639e-01,-4.447170889498863744e-05,1.177151926858854836e-04
1.666666666666666574e-01,3.324879906523823814e-01,7.941026011517442473e-01,-7.914615660396975283e-01,-1.930111507929709841e-05,5.108944417938212983e-05
1.708333333333333370e-01,3.324879457236741831e-01,7.941025496033206066e-01,-7.914614295926317711e-01,-1.237162167055021852e-05,3.274729578968947098e-05
1.749999999999999889e-01,3.324879216758531708e-01,7.941024980604829420e-01,-7.914612931603449697e-01,-1.237028104069531728e-05,3.274374883887734225e-05
1.791666666666666685e-01,3.324878987633756999e-01,7.941024465176091951e-01,-7.914611567279556947e-01,-1.237028970434479989e-05,3.274377342563588824e-05
1.833333333333333204e-01,3.324878768918932415e-01,7.941023949746960353e-01,-7.914610202954551754e-01,-1.237029916171638043e-05,3.274380011336034020e-05
1.875000000000000000e-01,3.324878559781234144e-01,7.941023434317414642e-01,-7.914608838628380827e-01,-1.237030910779899354e-05,3.274382809470615725e-05
1.916666666666666796e-01,3.324878359454470633e-01,7.941022918887434834e-01,-7.914607474300994205e-01,-1.237031950352243307e-05,3.274385726622825485e-05
1.958333333333333315e-01,3.324878167233747406e-01,7.941022403457005385e-01,-7.914606109972347481e-01,-1.237033031290489526e-05,3.274388753268720387e-05
2.000000000000000111e-01,3.324877982470561544e-01,7.941021888026109643e-01,-7.914604745642397354e-01,-1.237034150271365231e-05,3.274391880615481798e-05
2.041666666666666630e-01,3.324877804568290851e-01,7.941021372594733174e-01,-7.914603381311104968e-01,-1.237035304274423945e-05,3.274395100662405805e-05
2.083333333333333426e-01,3.324877632978044395e-01,7.941020857162862656e-01,-7.914602016978435906e-01,-1.237036490483519474e-05,3.274398405959459522e-05
2.124999999999999944e-01,3.324877467194841674e-01,7.941020341730484766e-01,-7.914600652644356860e-01,-1.237037706326486348e-05,3.274401789697402006e-05
2.166666666666666741e-01,3.324877306754102646e-01,7.941019826297589512e-01,-7.914599288308837854e-01,-1.237038949418361512e-05,3.274405245564752920e-05
2.208333333333333259e-01,3.324877151228413097e-01,7.941019310864165792e-01,-7.914597923971851134e-01,-1.237040217614367926e-05,3.274408767878954568e-05
2.250000000000000056e-01,3.324877000224552570e-01,7.941018795430203614e-01,-7.914596559633371164e-01,-1.237041508873335251e-05,3.274412351242506335e-05
2.291666666666666574e-01,3.324876853380758779e-01,7.941018279995695206e-01,-7.914595195293374630e-01,-1.237042821370532765e-05,3.274415990822711206e-05
2.333333333333333370e-01,3.324876710364210175e-01,7.941017764560631687e-01,-7.914593830951840436e-01,-1.237044153390682327e-05,3.274419682081277782e-05
2.374999999999999889e-01,3.324876570868712244e-01,7.941017249125005284e-01,-7.914592466608748600e-01,-1.237045503386667756e-05,3.274423420921168004e-05
2.416666666666666685e-01,3.324876434612565879e-01,7.941016733688809337e-01,-7.914591102264080247e-01,-1.237046869909169432e-05,3.274427203507765464e-05
2.458333333333333204e-01,3.324876301336607831e-01,7.941016218252038295e-01,-7.914589737917818724e-01,-1.237048251658238436e-05,3.274431026397462460e-05
2.500000000000000000e-01,3.324876170802408826e-01,7.941015702814685495e-01,-7.914588373569949598e-01,-1.237049647380562806e-05,3.274434886276493984e-05
2.541666666666666519e-01,3.324876042790612662e-01,7.941015187376745388e-01,-7.914587009220457325e-01,-1.237051055980072423e-05,3.274438780241315796e-05
2.583333333333333592e-01,3.324875917099414102e-01,7.941014671938213532e-01,-7.914585644869329695e-01,-1.237052476431715626e-05,3.274442705578276246e-05
2.625000000000000111e-01,3.324875793543151103e-01,7.941014156499085486e-01,-7.914584280516554493e-01,-1.237053907785517352e-05,3.274446659773620072e-05
2.666666666666666630e-01,3.324875671951014744e-01,7.941013641059356809e-01,-7.914582916162120618e-01,-1.237055349145000800e-05,3.274450640455450377e-05
2.708333333333333148e-01,3.324875552165861281e-01,7.941013125619023061e-01,-7.914581551806018078e-01,-1.237056799747531216e-05,3.274454645602703181e-05
2.750000000000000222e-01,3.324875434043118583e-01,7.941012610178082021e-01,-7.914580187448237991e-01,-1.237058258823491583e-05,3.274458673180347270e-05
2.791666666666666741e-01,3.324875317449781376e-01,7.941012094736529248e-01,-7.914578823088770365e-01,-1.237059725724305217e-05,3.274462721470037396e-05
2.833333333333333259e-01,3.324875202263482543e-01,7.941011579294362521e-01,-7.914577458727608539e-01,-1.237061199798051516e-05,3.274466788747363557e-05
2.874999999999999778e-01,3.324875088371646581e-01,7.941011063851578511e-01,-7.914576094364744741e-01,-1.237062680473623258e-05,3.274470873500531863e-05
2.916666666666666852e-01,3.324874975670703559e-01,7.941010548408174996e-01,-7.914574730000172309e-01,-1.237064167247651295e-05,3.274474974395963475e-05
2.958333333333333370e-01,3.324874864065369140e-01,7.941010032964149756e-01,-7.914573365633884583e-01,-1.237065659598620319e-05,3.274479090054632514e-05
2.999999999999999889e-01,3.324874753467981781e-01,7.941009517519500571e-01,-7.914572001265876011e-01,-1.237067157098030933e-05,3.274483219341890912e-05
3.041666666666666408e-01,3.324874643797893214e-01,7.941009002074226331e-01,-7.914570636896142153e-01,-1.237068659339493838e-05,3.274487361181588053e-05
3.083333333333333481e-01,3.324874534980906127e-01,7.941008486628323704e-01,-7.914569272524677457e-01,-1.237070165938843001e-05,3.274491514557146843e-05
3.125000000000000000e-01,3.324874426948760675e-01,7.941007971181791580e-01,-7.914567908151478592e-01,-1.237071676554427852e-05,3.274495678563942871e-05
3.166666666666666519e-01,3.324874319638656539e-01,7.941007455734628850e-01,-7.914566543776540009e-01,-1.237073190848658836e-05,3.274499852309118705e-05
3.208333333333333592e-01,3.324874212992818268e-01,7.941006940286833293e-01,-7.914565179399858375e-01,-1.237074708535778207e-05,3.274504035035691844e-05
3.250000000000000111e-01,3.324874106958092268e-01,7.941006424838404909e-01,-7.914563815021430360e-01,-1.237076229342496544e-05,3.274508226020477077e-05
3.291666666666666630e-01,3.324874001485576547e-01,7.941005909389341477e-01,-7.914562450641253744e-01,-1.237077753027188383e-05,3.274512424623840523e-05
3.333333333333333148e-01,3.324873896530282646e-01,7.941005393939641888e-01,-7.914561086259324085e-01,-1.237079279351434954e-05,3.274516630214737892e-05
3.375000000000000222e-01,3.324873792050820343e-01,7.941004878489305030e-01,-7.914559721875640275e-01,-1.237080808115415426e-05,3.274520842264018217e-05
3.416666666666666741e-01,3.324873688009111206e-01,7.941004363038330904e-01,-7.914558357490198981e-01,-1.237082339116075334e-05,3.274525060234449156e-05
3.458333333333333259e-01,3.324873584370122148e-01,7.941003847586717290e-01,-7.914556993102997984e-01,-1.237083872158440060e-05,3.274529283610118526e-05
3.499999999999999778e-01,3.324873481101623951e-01,7.941003332134464188e-01,-7.914555628714035063e-01,-1.237085407124028668e-05,3.274533512076838767e-05
3.541666666666666852e-01,3.324873378173964777e-01,7.941002816681570486e-01,-7.914554264323307997e-01,-1.237086943818465223e-05,3.274537745120563204e-05
3.583333333333333370e-01,3.324873275559865893e-01,7.941002301228036186e-01,-7.914552899930815677e-01,-1.237088482108506360e-05,3.274541982388629328e-05
3.624999999999999889e-01,3.324873173234230705e-01,7.941001785773860178e-01,-7.914551535536555882e-01,-1.237090021881533121e-05,3.274546223582687742e-05
3.666666666666666408e-01,3.324873071173969352e-01,7.941001270319042460e-01,-7.914550171140527501e-01,-1.237091563023746627e-05,3.274550468401494227e-05
3.708333333333333481e-01,3.324872969357839936e-01,7.941000754863581923e-01,-7.914548806742729425e-01,-1.237093105408601344e-05,3.274554716510290521e-05
3.750000000000000000e-01,3.324872867766300311e-01,7.941000239407478567e-01,-7.914547442343159434e-01,-1.237094648938416584e-05,3.274558967650507957e-05
3.791666666666666519e-01,3.324872766381370970e-01,7.940999723950731282e-01,-7.914546077941817526e-01,-1.237096193532156875e-05,3.274563221607510420e-05
3.833333333333333592e-01,3.324872665186511811e-01,7.940999208493340067e-01,-7.914544713538701481e-01,-1.237097739095627579e-05,3.274567478132092008e-05
3.875000000000000111e-01,3.324872564166504452e-01,7.940998693035304923e-01,-7.914543349133811301e-01,-1.237099285555895602e-05,3.274571737031122432e-05
3.916666666666666630e-01,3.324872463307348980e-01,7.940998177576624739e-01,-7.914541984727145874e-01,-1.237100832840433239e-05,3.274575998112628789e-05
3.958333333333333148e-01,3.324872362596166253e-01,7.940997662117299516e-01,-7.914540620318704089e-01,-1.237102380886653395e-05,3.274580261210975482e-05
4.000000000000000222e-01,3.324872262021105196e-01,7.940997146657329253e-01,-7.914539255908484838e-01,-1.237103929636960711e-05,3.274584526173654567e-05
4.041666666666666741e-01,3.324872161571265083e-01,7.940996631196712841e-01,-7.914537891496488120e-01,-1.237105479023608643e-05,3.274588792821420997e-05
4.083333333333333259e-01,3.324872061236616161e-01,7.940996115735450278e-01,-7.914536527082712825e-01,-1.237107029003715302e-05,3.274593061040718148e-05
4.124999999999999778e-01,3.324871961007931365e-01,7.940995600273542676e-01,-7.914535162667157842e-01,-1.237108579535312068e-05,3.274597330720441723e-05
4.166666666666666852e-01,3.324871860876721374e-01,7.940995084810987814e-01,-7.914533798249824281e-01,-1.237110130554552987e-05,3.274601601691683867e-05
4.208333333333333370e-01,3.324871760835176326e-01,7.940994569347786802e-01,-7.914532433830709923e-01,-1.237111682044876022e-05,3.274605873910494411e-05
4.249999999999999889e-01,3.324871660876111412e-01,7.940994053883939641e-01,-7.914531069409814767e-01,-1.237113233958916278e-05,3.274610147251555170e-05
4.291666666666666408e-01,3.324871560992916919e-01,7.940993538419445219e-01,-7.914529704987138814e-01,-1.237114786256941303e-05,3.274614421609705310e-05
4.333333333333333481e-01,3.324871461179509935e-01,7.940993022954303537e-01,-7.914528340562682063e-01,-1.237116338923565758e-05,3.274618696944181539e-05
4.375000000000000000e-01,3.324871361430297156e-01,7.940992507488515706e-01,-7.914526976136443404e-01,-1.237117891924214607e-05,3.274622973163481937e-05
4.416666666666666519e-01,3.324871261740130479e-01,7.940991992022080614e-01,-7.914525611708422836e-01,-1.237119445220500147e-05,3.274627250166017438e-05
4.458333333333333592e-01,3.324871162104274247e-01,7.940991476554998263e-01,-7.914524247278619251e-01,-1.237120998812414755e-05,3.274631527951721635e-05
4.500000000000000111e-01,3.324871062518372500e-01,7.940990961087267541e-01,-7.914522882847033758e-01,-1.237122552656281684e-05,3.274635806405022643e-05
4.541666666666666630e-01,3.324870962978416222e-01,7.940990445618889559e-01,-7.914521518413665246e-01,-1.237124106726454642e-05,3.274640085458044661e-05
4.583333333333333148e-01,3.324870863480718364e-01,7.940989930149864318e-01,-7.914520153978512607e-01,-1.237125661031793252e-05,3.274644365134190871e-05
4.625000000000000222e-01,3.324870764021886638e-01,7.940989414680190706e-01,-7.914518789541576949e-01,-1.237127215533688060e-05,3.274648645331300968e-05
4.666666666666666741e-01,3.324870664598800207e-01,7.940988899209869833e-01,-7.914517425102858272e-01,-1.237128770235752001e-05,3.274652926058911189e-05
4.708333333333333259e-01,3.324870565208586926e-01,7.940988383738900591e-01,-7.914516060662355468e-01,-1.237130325091755539e-05,3.274657207194689646e-05
4.749999999999999778e-01,3.324870465848605572e-01,7.940987868267284089e-01,-7.914514696220068535e-01,-1.237131880106088510e-05,3.274661488750237981e-05
4.791666666666666852e-01,3.324870366516425868e-01,7.940987352795019216e-01,-7.914513331775997473e-01,-1.237133435288241746e-05,3.274665770750651407e-05
4.833333333333333370e-01,3.324870267209811270e-01,7.940986837322105973e-01,-7.914511967330142284e-01,-1.237134990585185057e-05,3.274670053055606382e-05
4.874999999999999889e-01,3.324870167926705644e-01,7.940986321848545471e-01,-7.914510602882501855e-01,-1.237136546012368661e-05,3.274674335705973262e-05
4.916666666666666408e-01,3.324870068665216061e-01,7.940985806374336597e-01,-7.914509238433077298e-01,-1.237138101550349936e-05,3.274678618650290389e-05
4.958333333333333481e-01,3.324869969423601690e-01,7.940985290899479354e-01,-7.914507873981868613e-01,-1.237139657199120239e-05,3.274682901888538114e-05
5.000000000000000000e-01,3.324869870200259925e-01,7.940984775423973741e-01,-7.914506509528874689e-01,-1.237141212937270815e-05,3.274687185364050609e-05
5.041666666666666519e-01,3.324869770993718610e-01,7.940984259947819757e-01,-7.914505145074095527e-01,-1.237142768765561112e-05,3.274691469078835681e-05
5.083333333333333037e-01,3.324869671802620497e-01,7.940983744471017403e-01,-7.914503780617532236e-01,-1.237144324687095337e-05,3.274695753041103452e-05
5.124999999999999556e-01,3.324869572625719361e-01,7.940983228993566678e-01,-7.914502416159183706e-01,-1.237145880684430710e-05,3.274700037204685205e-05
5.166666666666667185e-01,3.324869473461867786e-01,7.940982713515467584e-01,-7.914501051699049938e-01,-1.237147436745159723e-05,3.274704321536748587e-05
5.208333333333333703e-01,3.324869374310008840e-01,7.940982198036720119e-01,-7.914499687237130932e-01,-1.237148992876786071e-05,3.274708606057150084e-05
5.250000000000000222e-01,3.324869275169172189e-01,7.940981682557324284e-01,-7.914498322773426686e-01,-1.237150549072118106e-05,3.274712890746849073e-05
5.291666666666666741e-01,3.324869176038464103e-01,7.940981167077280078e-01,-7.914496958307937202e-01,-1.237152105312781820e-05,3.274717175557217053e-05
5.333333333333333259e-01,3.324869076917063015e-01,7.940980651596587503e-01,-7.914495593840662480e-01,-1.237153661607933469e-05,3.274721460512485265e-05
5.374999999999999778e-01,3.324868977804211756e-01,7.940980136115246557e-01,-7.914494229371601408e-01,-1.237155217962713527e-05,3.274725745626261801e-05
5.416666666666666297e-01,3.324868878699215324e-01,7.940979620633257241e-01,-7.914492864900755098e-01,-1.237156774345128543e-05,3.274730030813866407e-05
5.458333333333332815e-01,3.324868779601432567e-01,7.940979105150619555e-01,-7.914491500428123549e-01,-1.237158330776339433e-05,3.274734316131299480e-05
5.500000000000000444e-01,3.324868680510275620e-01,7.940978589667333498e-01,-7.914490135953706762e-01,-1.237159887243626812e-05,3.274738601544903318e-05
5.541666666666666963e-01,3.324868581425202696e-01,7.940978074183399071e-01,-7.914488771477503626e-01,-1.237161443754435929e-05,3.274742887074383975e-05
5.583333333333333481e-01,3.324868482345714749e-01,7.940977558698815164e-01,-7.914487406999515251e-01,-1.237163000297288642e-05,3.274747172689353972e-05
5.625000000000000000e-01,3.324868383271353256e-01,7.940977043213582887e-01,-7.914486042519740527e-01,-1.237164556855986292e-05,3.274751458346941924e-05
5.666666666666666519e-01,3.324868284201696333e-01,7.940976527727702239e-01,-7.914484678038180565e-01,-1.237166113444912853e-05,3.274755744085218234e-05
5.708333333333333037e-01,3.324868185136355958e-01,7.940976012241173221e-01,-7.914483313554834254e-01,-1.237167670070771237e-05,3.274760029921925872e-05
5.749999999999999556e-01,3.324868086074975748e-01,7.940975496753995833e-01,-7.914481949069702704e-01,-1.237169226720669432e-05,3.274764315822942284e-05
5.791666666666667185e-01,3.324867987017225968e-01,7.940974981266168964e-01,-7.914480584582784806e-01,-1.237170783387187769e-05,3.274768601768623759e-05
5.833333333333333703e-01,3.324867887962804636e-01,7.940974465777693725e-01,-7.914479220094081668e-01,-1.237172340075714733e-05,3.274772887773232978e-05
5.875000000000000222e-01,3.324867788911434197e-01,7.940973950288570116e-01,-7.914477855603592182e-01,-1.237173896785606916e-05,3.274777173835073164e-05
5.916666666666666741e-01,3.324867689862858744e-01,7.940973434798798136e-01,-7.914476491111317458e-01,-1.237175453517781657e-05,3.274781459956568186e-05
5.958333333333333259e-01,3.324867590816842911e-01,7.940972919308376676e-01,-7.914475126617256384e-01,-1.237177010257224618e-05,3.274785746097975259e-05
5.999999999999999778e-01,3.324867491773169648e-01,7.940972403817306846e-01,-7.914473762121410072e-01,-1.237178567025407237e-05,3.274790032316129615e-05
6.041666666666666297e-01,3.324867392731640225e-01,7.940971888325588646e-01,-7.914472397623777411e-01,-1.237180123798083706e-05,3.274794318546855296e-05
6.083333333333332815e-01,3.324867293692071457e-01,7.940971372833222075e-01,-7.914471033124358401e-01,-1.237181680598242327e-05,3.274798604850995016e-05
6.125000000000000444e-01,3.324867194654294589e-01,7.940970857340206024e-01,-7.914469668623154153e-01,-1.237183237402983227e-05,3.274802891167938486e-05
6.166666666666666963e-01,3.324867095618154744e-01,7.940970341846541602e-01,-7.914468304120163555e-01,-1.237184794223498253e-05,3.274807177527314241e-05
6.208333333333333481e-01,3.324866996583508705e-01,7.940969826352228811e-01,-7.914466939615386609e-01,-1.237186351051803779e-05,3.274811463907980339e-05
6.250000000000000000e-01,3.324866897550225464e-01,7.940969310857267649e-01,-7.914465575108824424e-01,-1.237187907884733427e-05,3.274815750301565383e-05
6.291666666666666519e-01,3.324866798518184563e-01,7.940968795361657007e-01,-7.914464210600475891e-01,-1.237189464736266122e-05,3.274820036745064385e-05
6.333333333333333037e-01,3.324866699487273869e-01,7.940968279865397994e-01,-7.914462846090341008e-01,-1.237191021598439583e-05,3.274824323217402487e-05
6.374999999999999556e-01,3.324866600457392352e-01,7.940967764368490611e-01,-7.914461481578419777e-01,-1.237192578472873846e-05,3.274828609722863642e-05
6.416666666666667185e-01,3.324866501428445642e-01,7.940967248870933748e-01,-7.914460117064713307e-01,-1.237194135352017104e-05,3.274832896241475493e-05
6.458333333333333703e-01,3.324866402400346588e-01,7.940966733372728514e-01,-7.914458752549220488e-01,-1.237195692239969843e-05,3.274837182784071251e-05
6.500000000000000222e-01,3.324866303373016363e-01,7.940966217873874911e-01,-7.914457388031941321e-01,-1.237197249128854996e-05,3.274841469329811873e-05
6.541666666666666741e-01,3.324866204346381138e-01,7.940965702374372936e-01,-7.914456023512875804e-01,-1.237198806032427362e-05,3.274845755915100802e-05
6.583333333333333259e-01,3.324866105320373744e-01,7.940965186874221482e-01,-7.914454658992025049e-01,-1.237200362954197384e-05,3.274850042549235749e-05
6.624999999999999778e-01,3.324866006294932008e-01,7.940964671373421657e-01,-7.914453294469387945e-01,-1.237201919866537218e-05,3.274854329159079146e-05
6.666666666666666297e-01,3.324865907269999865e-01,7.940964155871973462e-01,-7.914451929944964492e-01,-1.237203476788610986e-05,3.274858615795366235e-05
6.708333333333332815e-01,3.324865808245523469e-01,7.940963640369875787e-01,-7.914450565418754691e-01,-1.237205033724425999e-05,3.274862902468698479e-05
6.750000000000000444e-01,3.324865709221455079e-01,7.940963124867129741e-01,-7.914449200890759650e-01,-1.237206590667553618e-05,3.274867189162062036e-05
6.791666666666666963e-01,3.324865610197750843e-01,7.940962609363735325e-01,-7.914447836360978261e-01,-1.237208147604987481e-05,3.274871475841025355e-05
6.833333333333333481e-01,3.324865511174369126e-01,7.940962093859691429e-01,-7.914446471829410523e-01,-1.237209704557379946e-05,3.274875762560260008e-05
6.875000000000000000e-01,3.324865412151272737e-01,7.940961578354999162e-01,-7.914445107296056436e-01,-1.237211261506893176e-05,3.274880049272548991e-05
6.916666666666666519e-01,3.324865313128427258e-01,7.940961062849658525e-01,-7.914443742760916001e-01,-1.237212818483378308e-05,3.274884336056905571e-05
6.958333333333333037e-01,3.324865214105799938e-01,7.940960547343668408e-01,-7.914442378223990326e-01,-1.237214375443553650e-05,3.274888622798764135e-05
6.999999999999999556e-01,3.324865115083363021e-01,7.940960031837029920e-01,-7.914441013685278303e-01,-1.237215932412390074e-05,3.274892909564221038e-05
7.041666666666667185e-01,3.324865016061088197e-01,7.940959516329743062e-01,-7.914439649144779931e-01,-1.237217489392374806e-05,3.274897196359861451e-05
7.083333333333333703e-01,3.324864917038951595e-01,7.940959000821806724e-01,-7.914438284602495211e-01,-1.237219046375881841e-05,3.274901483165501597e-05
7.125000000000000222e-01,3.324864818016929902e-01,7.940958485313222015e-01,-7.914436920058424141e-01,-1.237220603357383101e-05,3.274905769966504745e-05
7.166666666666666741e-01,3.324864718995002577e-01,7.940957969803988936e-01,-7.914435555512566722e-01,-1.237222160346321311e-05,3.274910056787867178e-05
7.208333333333333259e-01,3.324864619973149638e-01,7.940957454294106377e-01,-7.914434190964924065e-01,-1.237223717352187982e-05,3.274914343654715279e-05
7.249999999999999778e-01,3.324864520951354430e-01,7.940956938783575447e-01,-7.914432826415495059e-01,-1.237225274354163045e-05,3.274918630511933633e-05
7.291666666666666297e-01,3.324864421929599745e-01,7.940956423272396147e-01,-7.914431461864279704e-01,-1.237226831352215329e-05,3.274922917359444988e-05
7.333333333333332815e-01,3.324864322907870595e-01,7.940955907760567367e-01,-7.914430097311278001e-01,-1.237228388359602594e-05,3.274927204232335484e-05
7.375000000000000444e-01,3.324864223886153658e-01,7.940955392248090217e-01,-7.914428732756489948e-01,-1.237229945386336430e-05,3.274931491157115896e-05
7.416666666666666963e-01,3.324864124864435611e-01,7.940954876734964696e-01,-7.914427368199915547e-01,-1.237231502390058753e-05,3.274935778021656002e-05
7.458333333333333481e-01,3.324864025842704796e-01,7.940954361221189695e-01,-7.914426003641554797e-01,-1.237233059415605049e-05,3.274940064944639349e-05
7.500000000000000000e-01,3.324863926820951221e-01,7.940953845706766323e-01,-7.914424639081407697e-01,-1.237234616448096338e-05,3.274944351886679582e-05
7.541666666666666519e-01,3.324863827799164340e-01,7.940953330191694581e-01,-7.914423274519475360e-01,-1.237236173479503085e-05,3.274948638826524305e-05
7.583333333333333037e-01,3.324863728777335270e-01,7.940952814675973359e-01,-7.914421909955756673e-01,-1.237237730507531865e-05,3.274952925758097921e-05
7.624999999999999556e-01,3.324863629755455685e-01,7.940952299159603767e-01,-7.914420545390251638e-01,-1.237239287551416255e-05,3.274957212732319307e-05
7.666666666666667185e-01,3.324863530733517814e-01,7.940951783642584694e-01,-7.914419180822960254e-01,-1.237240844594312666e-05,3.274961499704596583e-05
7.708333333333333703e-01,3.324863431711514439e-01,7.940951268124917251e-01,-7.914417816253882521e-01,-1.237242401623731258e-05,3.274965786641875136e-05
7.750000000000000222e-01,3.324863332689438900e-01,7.940950752606601437e-01,-7.914416451683018439e-01,-1.237243958680093798e-05,3.274970073651147423e-05
7.791666666666666741e-01,3.324863233667285090e-01,7.940950237087636143e-01,-7.914415087110368008e-01,-1.237245515730516097e-05,3.274974360645369629e-05
7.833333333333333259e-01,3.324863134645048568e-01,7.940949721568022479e-01,-7.914413722535931228e-01,-1.237247072798165520e-05,3.274978647685864905e-05
7.874999999999999778e-01,3.324863035622722673e-01,7.940949206047760445e-01,-7.914412357959708100e-01,-1.237248629852226672e-05,3.274982934691066013e-05
7.916666666666666297e-01,3.324862936600304075e-01,7.940948690526848930e-01,-7.914410993381698622e-01,-1.237250186928538533e-05,3.274987221755841320e-05
7.958333333333332815e-01,3.324862837577787777e-01,7.940948175005289045e-01,-7.914409628801902796e-01,-1.237251743994671429e-05,3.274991508794341665e-05
8.000000000000000444e-01,3.324862738555169894e-01,7.940947659483080789e-01,-7.914408264220321731e-01,-1.237253301064835694e-05,3.274995795844192929e-05
8.041666666666666963e-01,3.324862639532447095e-01,7.940947143960223054e-01,-7.914406899636954318e-01,-1.237254858135534436e-05,3.275000082896130604e-05
8.083333333333333481e-01,3.324862540509615494e-01,7.940946628436716948e-01,-7.914405535051800555e-01,-1.237256415225467603e-05,3.275004369999657330e-05
8.125000000000000000e-01,3.324862441486672315e-01,7.940946112912561361e-01,-7.914404170464860444e-01,-1.237257972306235873e-05,3.275008657079597914e-05
8.166666666666666519e-01,3.324862342463614784e-01,7.940945597387757404e-01,-7.914402805876133984e-01,-1.237259529392449210e-05,3.275012944174622462e-05
8.208333333333333037e-01,3.324862243440440679e-01,7.940945081862305077e-01,-7.914401441285621175e-01,-1.237261086481131986e-05,3.275017231276861697e-05
8.249999999999999556e-01,3.324862144417146670e-01,7.940944566336203270e-01,-7.914400076693322017e-01,-1.237262643572368737e-05,3.275021518386533816e-05
8.291666666666667185e-01,3.324862045393731647e-01,7.940944050809453092e-01,-7.914398712099236510e-01,-1.237264200671148485e-05,3.275025805516845078e-05
8.333333333333333703e-01,3.324861946370192278e-01,7.940943535282054544e-01,-7.914397347503364655e-01,-1.237265757778324193e-05,3.275030092670056046e-05
8.375000000000000222e-01,3.324861847346527455e-01,7.940943019754006515e-01,-7.914395982905706450e-01,-1.237267314884477532e-05,3.275034379821236167e-05
8.416666666666666741e-01,3.324861748322736066e-01,7.940942504225310117e-01,-7.914394618306261897e-01,-1.237268871996962613e-05,3.275038666989846871e-05
8.458333333333333259e-01,3.324861649298815336e-01,7.940941988695964238e-01,-7.914393253705030995e-01,-1.237270429094720331e-05,3.275042954120152713e-05
8.499999999999999778e-01,3.324861550274764155e-01,7.940941473165969988e-01,-7.914391889102013744e-01,-1.237271986212265247e-05,3.275047241303507211e-05
8.541666666666666297e-01,3.324861451250581412e-01,7.940940957635327369e-01,-7.914390524497210144e-01,-1.237273543338103632e-05,3.275051528509489009e-05
8.583333333333332815e-01,3.324861352226265998e-01,7.940940442104035268e-01,-7.914389159890620196e-01,-1.237275100454939073e-05,3.275055815692314959e-05
8.625000000000000444e-01,3.324861253201816802e-01,7.940939926572094798e-01,-7.914387795282243898e-01,-1.237276657585371426e-05,3.275060102911805238e-05
8.666666666666666963e-01,3.324861154177232159e-01,7.940939411039504847e-01,-7.914386430672081252e-01,-1.237278214723462990e-05,3.275064390152241625e-05
8.708333333333333481e-01,3.324861055152511513e-01,7.940938895506266526e-01,-7.914385066060132257e-01,-1.237279771853888905e-05,3.275068677373063440e-05
8.750000000000000000e-01,3.324860956127654310e-01,7.940938379972379835e-01,-7.914383701446396913e-01,-1.237281328987681946e-05,3.275072964603472991e-05
8.791666666666666519e-01,3.324860857102659439e-01,7.940937864437843663e-01,-7.914382336830875220e-01,-1.237282886138013306e-05,3.275077251878333475e-05
8.833333333333333037e-01,3.324860758077525791e-01,7.940937348902659121e-01,-7.914380972213567178e-01,-1.237284443286206584e-05,3.275081539148204596e-05
8.874999999999999556e-01,3.324860659052253364e-01,7.940936833366825098e-01,-7.914379607594472787e-01,-1.237286000425159580e-05,3.275085826394291710e-05
8.916666666666667185e-01,3.324860560026841050e-01,7.940936317830342706e-01,-7.914378242973592048e-01,-1.237287557572780942e-05,3.275090113664002234e-05
8.958333333333333703e-01,3.324860461001288847e-01,7.940935802293211943e-01,-7.914376878350924960e-01,-1.237289114725325937e-05,3.275094400947417751e-05
9.000000000000000222e-01,3.324860361975595091e-01,7.940935286755431699e-01,-7.914375513726471523e-01,-1.237290671889684162e-05,3.275098688262776574e-05
9.041666666666666741e-01,3.324860262949760337e-01,7.940934771217003085e-01,-7.914374149100231737e-01,-1.237292229046748756e-05,3.275102975559504738e-05
9.083333333333333259e-01,3.324860163923783474e-01,7.940934255677924991e-01,-7.914372784472205602e-01,-1.237293786205924155e-05,3.275107262862493493e-05
9.124999999999999778e-01,3.324860064897665057e-01,7.940933740138198527e-01,-7.914371419842393118e-01,-1.237295343384526086e-05,3.275111550217574096e-05
9.166666666666666297e-01,3.324859965871403422e-01,7.940933224597823692e-01,-7.914370055210794286e-01,-1.237296900552151317e-05,3.275115837544279772e-05
9.208333333333332815e-01,3.324859866844999123e-01,7.940932709056799377e-01,-7.914368690577409104e-01,-1.237298457725303099e-05,3.275120124886286930e-05
9.250000000000000444e-01,3.324859767818451606e-01,7.940932193515126691e-01,-7.914367325942237574e-01,-1.237300014911993178e-05,3.275124412264802563e-05
9.291666666666666963e-01,3.324859668791760314e-01,7.940931677972804525e-01,-7.914365961305279695e-01,-1.237301572091494658e-05,3.275128699624964008e-05
9.333333333333333481e-01,3.324859569764925249e-01,7.940931162429833989e-01,-7.914364596666535467e-01,-1.237303129287184123e-05,3.275132987028650750e-05
9.375000000000000000e-01,3.324859470737945855e-01,7.940930646886215083e-01,-7.914363232026004891e-01,-1.237304686470900608e-05,3.275137274401318467e-05
9.416666666666666519e-01,3.324859371710822131e-01,7.940930131341946696e-01,-7.914361867383687965e-01,-1.237306243667997504e-05,3.275141561810077919e-05
9.458333333333333037e-01,3.324859272683554079e-01,7.940929615797029939e-01,-7.914360502739583580e-01,-1.237307800860862961e-05,3.275145849208312479e-05
9.499999999999999556e-01,3.324859173656141142e-01,7.940929100251463701e-01,-7.914359138093692847e-01,-1.237309358060493671e-05,3.275150136625126199e-05
9.541666666666667185e-01,3.324859074628583322e-01,7.940928584705249094e-01,-7.914357773446015765e-01,-1.237310915262368001e-05,3.275154424048553551e-05
9.583333333333333703e-01,3.324858975600880617e-01,7.940928069158386116e-01,-7.914356408796552333e-01,-1.237312472469376029e-05,3.275158711486247649e-05
9.625000000000000222e-01,3.324858876573032473e-01,7.940927553610873657e-01,-7.914355044145302553e-01,-1.237314029680931777e-05,3.275162998936650629e-05
9.666666666666666741e-01,3.324858777545038890e-01,7.940927038062712828e-01,-7.914353679492266425e-01,-1.237315586893406724e-05,3.275167286390159849e-05
9.708333333333333259e-01,3.324858678516899868e-01,7.940926522513902519e-01,-7.914352314837443947e-01,-1.237317144117615789e-05,3.275171573875405699e-05
9.749999999999999778e-01,3.324858579488615407e-01,7.940926006964443840e-01,-7.914350950180835120e-01,-1.237318701333071954e-05,3.275175861338157064e-05
9.791666666666666297e-01,3.324858480460184396e-01,7.940925491414335680e-01,-7.914349585522439945e-01,-1.237320258574795966e-05,3.275180148871108487e-05
9.833333333333332815e-01,3.324858381431608501e-01,7.940924975863579149e-01,-7.914348220862258421e-01,-1.237321815800750596e-05,3.275184436362999819e-05
9.875000000000000444e-01,3.324858282402886056e-01,7.940924460312174249e-01,-7.914346856200290548e-01,-1.237323373022005210e-05,3.275188723843119426e-05
9.916666666666666963e-01,3.324858183374017617e-01,7.940923944760119868e-01,-7.914345491536536326e-01,-1.237324930259209793e-05,3.275193011366136846e-05
9.958333333333333481e-01,3.324858084345003184e-01,7.940923429207417117e-01,-7.914344126870994645e-01,-1.237326487491581375e-05,3.275197298877032887e-05
1.000000000000000000e+00,3.324857985315842757e-01,7.940922913654064885e-01,-7.914342762203666615e-01,-1.237328044738077571e-05,3.275201586425993233e-05
1.004166666666666652e+00,3.324857886286535780e-01,7.940922398100064283e-01,-7.914341397534552236e-01,-1.237329601982014541e-05,3.275205873968852909e-05
1.008333333333333304e+00,3.324857787257082253e-01,7.940921882545414201e-01,-7.914340032863651508e-01,-1.237331159229084347e-05,3.275210161520677581e-05
1.012499999999999956e+00,3.324857688227482733e-01,7.940921366990115748e-01,-7.914338668190964432e-01,-1.237332716480787085e-05,3.275214449085439496e-05
1.016666666666666607e+00,3.324857589197736663e-01,7.940920851434167815e-01,-7.914337303516491007e-01,-1.237334273733480004e-05,3.275218736653497386e-05
1.020833333333333259e+00,3.324857490167844598e-01,7.940920335877571512e-01,-7.914335938840231233e-01,-1.237335830998189779e-05,3.275223024254037295e-05
1.024999999999999911e+00,3.324857391137805429e-01,7.940919820320326838e-01,-7.914334574162185110e-01,-1.237337388266639036e-05,3.275227311865151563e-05
1.029166666666666563e+00,3.324857292107619711e-01,7.940919304762432684e-01,-7.914333209482351528e-01,-1.237338945533018652e-05,3.275231599471462816e-05
1.033333333333333437e+00,3.324857193077287443e-01,7.940918789203890160e-01,-7.914331844800731597e-01,-1.237340502800800278e-05,3.275235887082158988e-05
1.037500000000000089e+00,3.324857094046809181e-01,7.940918273644698155e-01,-7.914330480117325317e-01,-1.237342060065373512e-05,3.275240174685033320e-05
1.041666666666666741e+00,3.324856995016183259e-01,7.940917758084857780e-01,-7.914329115432132689e-01,-1.237343617354536281e-05,3.275244462353671968e-05
1.045833333333333393e+00,3.324856895985411342e-01,7.940917242524367925e-01,-7.914327750745153711e-01,-1.237345174635232279e-05,3.275248750000575750e-05
1.050000000000000044e+00,3.324856796954492322e-01,7.940916726963229699e-01,-7.914326386056388385e-01,-1.237346731919838859e-05,3.275253037658501124e-05
1.054166666666666696e+00,3.324856697923426752e-01,7.940916211401441993e-01,-7.914325021365836710e-01,-1.237348289205432062e-05,3.275257325319715020e-05
1.058333333333333348e+00,3.324856598892214632e-01,7.940915695839005917e-01,-7.914323656673497576e-01,-1.237349846493639209e-05,3.275261612988522396e-05
1.062500000000000000e+00,3.324856499860855408e-01,7.940915180275921470e-01,-7.914322291979372093e-01,-1.237351403801708263e-05,3.275265900710577652e-05
1.066666666666666652e+00,3.324856400829349634e-01,7.940914664712187543e-01,-7.914320927283460261e-01,-1.237352961098632734e-05,3.275270188403809393e-05
1.070833333333333304e+00,3.324856301797696756e-01,7.940914149147805245e-01,-7.914319562585762080e-01,-1.237354518382568972e-05,3.275274476063332610e-05
1.074999999999999956e+00,3.324856202765897328e-01,7.940913633582773468e-01,-7.914318197886277551e-01,-1.237356075692138290e-05,3.275278763791383504e-05
1.079166666666666607e+00,3.324856103733950796e-01,7.940913118017093320e-01,-7.914316833185005562e-01,-1.237357632999577998e-05,3.275283051514466719e-05
1.083333333333333259e+00,3.324856004701857159e-01,7.940912602450763691e-01,-7.914315468481947224e-01,-1.237359190315480751e-05,3.275287339260629887e-05
1.087499999999999911e+00,3.324855905669616973e-01,7.940912086883785692e-01,-7.914314103777102538e-01,-1.237360747632671332e-05,3.275291627010876432e-05
1.091666666666666563e+00,3.324855806637230238e-01,7.940911571316158213e-01,-7.914312739070471503e-01,-1.237362304947811417e-05,3.275295914756370784e-05
1.095833333333333437e+00,3.324855707604695843e-01,7.940911055747882363e-01,-7.914311374362054119e-01,-1.237363862272222954e-05,3.275300202527078256e-05
1.100000000000000089e+00,3.324855608572014898e-01,7.940910540178957033e-01,-7.914310009651849276e-01,-1.237365419598439519e-05,3.275304490303238589e-05
1.104166666666666741e+00,3.324855509539187404e-01,7.940910024609383333e-01,-7.914308644939858084e-01,-1.237366976919854932e-05,3.275308778067364277e-05
1.108333333333333393e+00,3.324855410506212250e-01,7.940909509039161263e-01,-7.914307280226080543e-01,-1.237368534260125806e-05,3.275313065882074772e-05
1.112500000000000044e+00,3.324855311473090547e-01,7.940908993468289712e-01,-7.914305915510516654e-01,-1.237370091590568896e-05,3.275317353671447463e-05
1.116666666666666696e+00,3.324855212439822294e-01,7.940908477896769790e-01,-7.914304550793166415e-01,-1.237371648933970743e-05,3.275321641495795838e-05
1.120833333333333348e+00,3.324855113406406382e-01,7.940907962324600389e-01,-7.914303186074028718e-01,-1.237373206281928950e-05,3.275325929332877491e-05
1.125000000000000000e+00,3.324855014372843920e-01,7.940907446751782617e-01,-7.914301821353104671e-01,-1.237374763622288254e-05,3.275330217150521431e-05
1.129166666666666652e+00,3.324854915339133798e-01,7.940906931178315364e-01,-7.914300456630394276e-01,-1.237376320979529942e-05,3.275334505013522969e-05
1.133333333333333304e+00,3.324854816305277683e-01,7.940906415604199742e-01,-7.914299091905897532e-01,-1.237377878325399704e-05,3.275338792847099937e-05
1.137499999999999956e+00,3.324854717271273907e-01,7.940905900029434639e-01,-7.914297727179614439e-01,-1.237379435687124906e-05,3.275343080723321966e-05
1.141666666666666607e+00,3.324854618237123582e-01,7.940905384454021165e-01,-7.914296362451543887e-01,-1.237380993044291208e-05,3.275347368588147674e-05
1.145833333333333259e+00,3.324854519202825598e-01,7.940904868877958211e-01,-7.914294997721686986e-01,-1.237382550412162481e-05,3.275351656481986632e-05
1.149999999999999911e+00,3.324854420168381619e-01,7.940904353301246887e-01,-7.914293632990043736e-01,-1.237384107779493517e-05,3.275355944375067327e-05
1.154166666666666563e+00,3.324854321133789981e-01,7.940903837723886083e-01,-7.914292268256614138e-01,-1.237385665150018206e-05,3.275360232277279036e-05
1.158333333333333437e+00,3.324854222099051793e-01,7.940903322145876908e-01,-7.914290903521397080e-01,-1.237387222522345720e-05,3.275364520184936151e-05
1.162500000000000089e+00,3.324854123064165945e-01,7.940902806567218253e-01,-7.914289538784393674e-01,-1.237388779902530142e-05,3.275368808114063857e-05
1.166666666666666741e+00,3.324854024029133548e-01,7.940902290987911227e-01,-7.914288174045603919e-01,-1.237390337281182620e-05,3.275373096039810886e-05
1.170833333333333393e+00,3.324853924993954046e-01,7.940901775407954721e-01,-7.914286809305026704e-01,-1.237391894667865479e-05,3.275377383987487258e-05
1.175000000000000044e+00,3.324853825958627440e-01,7.940901259827349845e-01,-7.914285444562663141e-01,-1.237393452052688423e-05,3.275381671930917624e-05
1.179166666666666696e+00,3.324853726923154285e-01,7.940900744246095488e-01,-7.914284079818513229e-01,-1.237395009448652561e-05,3.275385959904509139e-05
1.183333333333333348e+00,3.324853627887533469e-01,7.940900228664192761e-01,-7.914282715072576968e-01,-1.237396566847100199e-05,3.275390247885353288e-05
1.187500000000000000e+00,3.324853528851766105e-01,7.940899713081640554e-01,-7.914281350324853248e-01,-1.237398124241633867e-05,3.275394535856511447e-05
1.191666666666666652e+00,3.324853429815851635e-01,7.940899197498439976e-01,-7.914279985575343179e-01,-1.237399681650707195e-05,3.275398823866829633e-05
1.195833333333333304e+00,3.324853330779790062e-01,7.940898681914589918e-01,-7.914278620824046762e-01,-1.237401239056935170e-05,3.275403111870287529e-05
1.199999999999999956e+00,3.324853231743581383e-01,7.940898166330091490e-01,-7.914277256070963995e-01,-1.237402796473434774e-05,3.275407399901614165e-05
1.204166666666666607e+00,3.324853132707225600e-01,7.940897650744943581e-01,-7.914275891316093769e-01,-1.237404353877966311e-05,3.275411687901931264e-05
1.208333333333333259e+00,3.324853033670723268e-01,7.940897135159147302e-01,-7.914274526559437195e-01,-1.237405911292690873e-05,3.275415975929905682e-05
1.212499999999999911e+00,3.324852934634073831e-01,7.940896619572701542e-01,-7.914273161800994272e-01,-1.237407468705902635e-05,3.275420263954548211e-05
1.216666666666666563e+00,3.324852835597276735e-01,7.940896103985607413e-01,-7.914271797040763889e-01,-1.237409026133241720e-05,3.275424552017261822e-05
1.220833333333333437e+00,3.324852736560333089e-01,7.940895588397863802e-01,-7.914270432278747158e-01,-1.237410583559392079e-05,3.275428840077503453e-05
1.225000000000000089e+00,3.324852637523242338e-01,7.940895072809471822e-01,-7.914269067514944078e-01,-1.237412140983529887e-05,3.275433128133092500e-05
1.229166666666666741e+00,3.324852538486004483e-01,7.940894557220430361e-01,-7.914267702749353539e-01,-1.237413698428519445e-05,3.275437416244546420e-05
1.233333333333333393e+00,3.324852439448620078e-01,7.940894041630740530e-01,-7.914266337981976651e-01,-1.237415255869145936e-05,3.275441704345130535e-05
1.237500000000000044e+00,3.324852340411088014e-01,7.940893526040401218e-01,-7.914264973212813414e-01,-1.237416813309012977e-05,3.275445992444377016e-05
1.241666666666666696e+00,3.324852241373409401e-01,7.940893010449413536e-01,-7.914263608441862718e-01,-1.237418370744027197e-05,3.275450280531454005e-05
1.245833333333333348e+00,3.324852142335583127e-01,7.940892494857776374e-01,-7.914262243669125674e-01,-1.237419928196098966e-05,3.275454568664352766e-05
1.250000000000000000e+00,3.324852043297610305e-01,7.940891979265490841e-01,-7.914260878894602280e-01,-1.237421485655086082e-05,3.275458856816233197e-05
1.254166666666666652e+00,3.324851944259490377e-01,7.940891463672555828e-01,-7.914259514118291428e-01,-1.237423043106398233e-05,3.275463144948473983e-05
1.258333333333333304e+00,3.324851845221223345e-01,7.940890948078972444e-01,-7.914258149340194226e-01,-1.237424600554998353e-05,3.275467433074208878e-05
1.262499999999999956e+00,3.324851746182809209e-01,7.940890432484739581e-01,-7.914256784560310676e-01,-1.237426158020137469e-05,3.275471721244395385e-05
1.266666666666666607e+00,3.324851647144247968e-01,7.940889916889858346e-01,-7.914255419778639666e-01,-1.237427715487651327e-05,3.275476009421544502e-05
1.270833333333333259e+00,3.324851548105540178e-01,7.940889401294327632e-01,-7.914254054995182308e-01,-1.237429272963015994e-05,3.275480297620149303e-05
1.274999999999999911e+00,3.324851449066684728e-01,7.940888885698148547e-01,-7.914252690209938601e-01,-1.237430830433605937e-05,3.275484585806787900e-05
1.279166666666666563e+00,3.324851350027682728e-01,7.940888370101319982e-01,-7.914251325422907435e-01,-1.237432387903954136e-05,3.275488873993464444e-05
1.283333333333333437e+00,3.324851250988533069e-01,7.940887854503843046e-01,-7.914249960634089920e-01,-1.237433945377512082e-05,3.275493162189308595e-05
1.287500000000000089e+00,3.324851151949236860e-01,7.940887338905716630e-01,-7.914248595843486056e-01,-1.237435502870987669e-05,3.275497450438550381e-05
1.291666666666666741e+00,3.324851052909793547e-01,7.940886823306941844e-01,-7.914247231051094733e-01,-1.237437060344421101e-05,3.275501738635414360e-05
1.295833333333333393e+00,3.324850953870203130e-01,7.940886307707517577e-01,-7.914245866256917061e-01,-1.237438617832945780e-05,3.275506026872899328e-05
1.300000000000000044e+00,3.324850854830465607e-01,7.940885792107444940e-01,-7.914244501460951930e-01,-1.237440175332476806e-05,3.275510315140192402e-05
1.304166666666666696e+00,3.324850755790581536e-01,7.940885276506722823e-01,-7.914243136663200451e-01,-1.237441732828564134e-05,3.275514603399046996e-05
1.308333333333333348e+00,3.324850656750549804e-01,7.940884760905352335e-01,-7.914241771863662622e-01,-1.237443290334158222e-05,3.275518891683735416e-05
1.312500000000000000e+00,3.324850557710370969e-01,7.940884245303332367e-01,-7.914240407062337335e-01,-1.237444847828858110e-05,3.275523179940264396e-05
1.316666666666666652e+00,3.324850458670045583e-01,7.940883729700664029e-01,-7.914239042259225698e-01,-1.237446405343179855e-05,3.275527468249406996e-05
1.320833333333333304e+00,3.324850359629573093e-01,7.940883214097346210e-01,-7.914237677454326603e-01,-1.237447962850605736e-05,3.275531756540969936e-05
1.324999999999999956e+00,3.324850260588952944e-01,7.940882698493378911e-01,-7.914236312647641158e-01,-1.237449520364583586e-05,3.275536044850550961e-05
1.329166666666666607e+00,3.324850161548186245e-01,7.940882182888763241e-01,-7.914234947839169365e-01,-1.237451077881719514e-05,3.275540333169164745e-05
1.333333333333333259e+00,3.324850062507272441e-01,7.940881667283498091e-01,-7.914233583028910113e-01,-1.237452635414390703e-05,3.275544621529575878e-05
1.337499999999999911e+00,3.324849963466212088e-01,7.940881151677584571e-01,-7.914232218216864512e-01,-1.237454192934152772e-05,3.275548909856489907e-05
1.341666666666666563e+00,3.324849864425004076e-01,7.940880636071021570e-01,-7.914230853403031452e-01,-1.237455750460800372e-05,3.275553198202304969e-05
1.345833333333333437e+00,3.324849765383648958e-01,7.940880120463810199e-01,-7.914229488587412042e-01,-1.237457307986816423e-05,3.275557486547125274e-05
1.350000000000000089e+00,3.324849666342146737e-01,7.940879604855949347e-01,-7.914228123770006285e-01,-1.237458865533665081e-05,3.275561774947764374e-05
1.354166666666666741e+00,3.324849567300497966e-01,7.940879089247440126e-01,-7.914226758950813068e-01,-1.237460423060357404e-05,3.275566063295720735e-05
1.358333333333333393e+00,3.324849468258701535e-01,7.940878573638281424e-01,-7.914225394129833502e-01,-1.237461980599417763e-05,3.275570351677090173e-05
1.362500000000000044e+00,3.324849369216758554e-01,7.940878058028474351e-01,-7.914224029307066477e-01,-1.237463538151142281e-05,3.275574640092655349e-05
1.366666666666666696e+00,3.324849270174668470e-01,7.940877542418017798e-01,-7.914222664482513103e-01,-1.237465095698297226e-05,3.275578928496800487e-05
1.370833333333333348e+00,3.324849171132431280e-01,7.940877026806911765e-01,-7.914221299656172270e-01,-1.237466653247756269e-05,3.275583216907720533e-05
1.375000000000000000e+00,3.324849072090046986e-01,7.940876511195157361e-01,-7.914219934828045089e-01,-1.237468210792696223e-05,3.275587505307352680e-05
1.379166666666666652e+00,3.324848973047515033e-01,7.940875995582753477e-01,-7.914218569998131558e-01,-1.237469768364741061e-05,3.275591793779402078e-05
1.383333333333333304e+00,3.324848874004837085e-01,7.940875479969701223e-01,-7.914217205166430569e-01,-1.237471325925154443e-05,3.275596082221340471e-05
1.387499999999999956e+00,3.324848774962011477e-01,7.940874964355999488e-01,-7.914215840332943230e-01,-1.237472883497011749e-05,3.275600370694245711e-05
1.391666666666666607e+00,3.324848675919038765e-01,7.940874448741649383e-01,-7.914214475497668433e-01,-1.237474441065700812e-05,3.275604659159439563e-05
1.395833333333333259e+00,3.324848576875919504e-01,7.940873933126649797e-01,-7.914213110660607287e-01,-1.237475998626147398e-05,3.275608947603488085e-05
1.399999999999999911e+00,3.324848477832652582e-01,7.940873417511001842e-01,-7.914211745821758681e-01,-1.237477556210678518e-05,3.275613236111963287e-05
1.404166666666666563e+00,3.324848378789239112e-01,7.940872901894704405e-01,-7.914210380981123727e-01,-1.237479113788616673e-05,3.275617524603663850e-05
1.408333333333333437e+00,3.324848279745678536e-01,7.940872386277757489e-01,-7.914209016138701314e-01,-1.237480671376700758e-05,3.275621813122892305e-05
1.412500000000000089e+00,3.324848180701970857e-01,7.940871870660162202e-01,-7.914207651294492551e-01,-1.237482228962353859e-05,3.275626101636361614e-05
1.416666666666666741e+00,3.324848081658116072e-01,7.940871355041917434e-01,-7.914206286448496330e-01,-1.237483786555401557e-05,3.275630390170081109e-05
1.420833333333333393e+00,3.324847982614114184e-01,7.940870839423024297e-01,-7.914204921600713760e-01,-1.237485344153328165e-05,3.275634678717387013e-05
1.425000000000000044e+00,3.324847883569965190e-01,7.940870323803481678e-01,-7.914203556751143731e-01,-1.237486901743769203e-05,3.275638967245555393e-05
1.429166666666666696e+00,3.324847784525669092e-01,7.940869808183290690e-01,-7.914202191899787353e-01,-1.237488459348302160e-05,3.275643255811696599e-05
1.433333333333333348e+00,3.324847685481225890e-01,7.940869292562450221e-01,-7.914200827046643516e-01,-1.237490016944726640e-05,3.275647544357048905e-05
1.437500000000000000e+00,3.324847586436635583e-01,7.940868776940960272e-01,-7.914199462191713330e-01,-1.237491574551728020e-05,3.275651832931073616e-05
1.441666666666666652e+00,3.324847487391898726e-01,7.940868261318821952e-01,-7.914198097334995685e-01,-1.237493132164920533e-05,3.275656121522161636e-05
1.445833333333333304e+00,3.324847388347014210e-01,7.940867745696034152e-01,-7.914196732476491691e-01,-1.237494689780241640e-05,3.275660410119560391e-05
1.449999999999999956e+00,3.324847289301983144e-01,7.940867230072597982e-01,-7.914195367616200238e-01,-1.237496247395391138e-05,3.275664698717174631e-05
1.454166666666666607e+00,3.324847190256804974e-01,7.940866714448512331e-01,-7.914194002754122437e-01,-1.237497805029033737e-05,3.275668987364418902e-05
1.458333333333333259e+00,3.324847091211479699e-01,7.940866198823778310e-01,-7.914192637890257176e-01,-1.237499362645947266e-05,3.275673275968055885e-05
1.462499999999999911e+00,3.324846992166006765e-01,7.940865683198394809e-01,-7.914191273024605566e-01,-1.237500920280995432e-05,3.275677564620366091e-05
1.466666666666666563e+00,3.324846893120387281e-01,7.940865167572361827e-01,-7.914189908157166498e-01,-1.237502477908079793e-05,3.275681853252275679e-05
1.470833333333333437e+00,3.324846794074620693e-01,7.940864651945680475e-01,-7.914188543287941080e-01,-1.237504035537308843e-05,3.275686141890532592e-05
1.475000000000000089e+00,3.324846695028707000e-01,7.940864136318349642e-01,-7.914187178416928203e-01,-1.237505593190211446e-05,3.275690430592130629e-05
1.479166666666666741e+00,3.324846595982646758e-01,7.940863620690370439e-01,-7.914185813544128978e-01,-1.237507150830651146e-05,3.275694719261414020e-05
1.483333333333333393e+00,3.324846496936438855e-01,7.940863105061741756e-01,-7.914184448669542293e-01,-1.237508708468412527e-05,3.275699007924278935e-05
1.487500000000000044e+00,3.324846397890083849e-01,7.940862589432464702e-01,-7.914183083793168150e-01,-1.237510266126981273e-05,3.275703296642897591e-05
1.491666666666666696e+00,3.324846298843581738e-01,7.940862073802538168e-01,-7.914181718915007657e-01,-1.237511823772683927e-05,3.275707585328136372e-05
1.495833333333333348e+00,3.324846199796933077e-01,7.940861558171962153e-01,-7.914180354035059706e-01,-1.237513381428208945e-05,3.275711874040046528e-05
1.500000000000000000e+00,3.324846100750136757e-01,7.940861042540737769e-01,-7.914178989153325405e-01,-1.237514939090595776e-05,3.275716162770797406e-05
1.504166666666666652e+00,3.324846001703193887e-01,7.940860526908863903e-01,-7.914177624269803646e-01,-1.237516496755413931e-05,3.275720451508653874e-05
1.508333333333333304e+00,3.324845902656103913e-01,7.940860011276341668e-01,-7.914176259384495538e-01,-1.237518054417670489e-05,3.275724740240409672e-05
1.512499999999999956e+00,3.324845803608866279e-01,7.940859495643169952e-01,-7.914174894497399970e-01,-1.237519612099171127e-05,3.275729029023776882e-05
1.516666666666666607e+00,3.324845704561482096e-01,7.940858980009348755e-01,-7.914173529608518054e-01,-1.237521169760932002e-05,3.275733317755565206e-05
1.520833333333333259e+00,3.324845605513950808e-01,7.940858464374879189e-01,-7.914172164717848679e-01,-1.237522727444592405e-05,3.275737606546002092e-05
1.524999999999999911e+00,3.324845506466272416e-01,7.940857948739760142e-01,-7.914170799825391844e-01,-1.237524285126219420e-05,3.275741895331726764e-05
1.529166666666666563e+00,3.324845407418446919e-01,7.940857433103992724e-01,-7.914169434931148661e-01,-1.237525842812884418e-05,3.275746184131462038e-05
1.533333333333333437e+00,3.324845308370474317e-01,7.940856917467575826e-01,-7.914168070035118019e-01,-1.237527400501701558e-05,3.275750472937569033e-05
1.537500000000000089e+00,3.324845209322354611e-01,7.940856401830509448e-01,-7.914166705137301028e-01,-1.237528958184861872e-05,3.275754761729376757e-05
1.541666666666666741e+00,3.324845110274087800e-01,7.940855886192794699e-01,-7.914165340237696578e-01,-1.237530515872064567e-05,3.275759050532559116e-05
1.545833333333333393e+00,3.324845011225674440e-01,7.940855370554430470e-01,-7.914163975336304668e-01,-1.237532073578706329e-05,3.275763339387871272e-05
1.550000000000000044e+00,3.324844912177113421e-01,7.940854854915417871e-01,-7.914162610433126410e-01,-1.237533631284669787e-05,3.275767628242061955e-05
1.554166666666666696e+00,3.324844813128405852e-01,7.940854339275755791e-01,-7.914161245528160693e-01,-1.237535188987428919e-05,3.275771917088448416e-05
1.558333333333333348e+00,3.324844714079550623e-01,7.940853823635444231e-01,-7.914159880621408627e-01,-1.237536746696467615e-05,3.275776205952130613e-05
1.562500000000000000e+00,3.324844615030548844e-01,7.940853307994484300e-01,-7.914158515712869102e-01,-1.237538304411275960e-05,3.275780494831758035e-05
1.566666666666666652e+00,3.324844515981399962e-01,7.940852792352874889e-01,-7.914157150802542118e-01,-1.237539862120564531e-05,3.275784783697448038e-05
1.570833333333333304e+00,3.324844416932103419e-01,7.940852276710617108e-01,-7.914155785890428785e-01,-1.237541419844875230e-05,3.275789072603576749e-05
1.574999999999999956e+00,3.324844317882660327e-01,7.940851761067709846e-01,-7.914154420976527993e-01,-1.237542977573560178e-05,3.275793361521962366e-05
1.579166666666666607e+00,3.324844218833070131e-01,7.940851245424153104e-01,-7.914153056060840852e-01,-1.237544535292306210e-05,3.275797650414712022e-05
1.583333333333333259e+00,3.324844119783332830e-01,7.940850729779947992e-01,-7.914151691143366252e-01,-1.237546093024747410e-05,3.275801939344386894e-05
1.587499999999999911e+00,3.324844020733448424e-01,7.940850214135093399e-01,-7.914150326224104193e-01,-1.237547650756557061e-05,3.275806228273065655e-05
1.591666666666666563e+00,3.324843921683416914e-01,7.940849698489589326e-01,-7.914148961303055785e-01,-1.237549208491906125e-05,3.275810517211786839e-05
1.595833333333333437e+00,3.324843822633238299e-01,7.940849182843436882e-01,-7.914147596380219918e-01,-1.237550766233360433e-05,3.275814806167344327e-05
1.600000000000000089e+00,3.324843723582912580e-01,7.940848667196634958e-01,-7.914146231455596592e-01,-1.237552323975640259e-05,3.275819095125761398e-05
1.604166666666666741e+00,3.324843624532439756e-01,7.940848151549184664e-01,-7.914144866529186917e-01,-1.237553881724765128e-05,3.275823384102972437e-05
1.608333333333333393e+00,3.324843525481819828e-01,7.940847635901084889e-01,-7.914143501600989783e-01,-1.237555439470474082e-05,3.275827673071814112e-05
1.612500000000000044e+00,3.324843426431052795e-01,7.940847120252335634e-01,-7.914142136671005190e-01,-1.237556997230062857e-05,3.275831962078074315e-05
1.616666666666666696e+00,3.324843327380139213e-01,7.940846604602938008e-01,-7.914140771739234248e-01,-1.237558554985880981e-05,3.275836251075023254e-05
1.620833333333333348e+00,3.324843228329077971e-01,7.940846088952890902e-01,-7.914139406805675847e-01,-1.237560112759810362e-05,3.275840540120591885e-05
1.625000000000000000e+00,3.324843129277869624e-01,7.940845573302194316e-01,-7.914138041870329987e-01,-1.237561670510153603e-05,3.275844829104398938e-05
1.629166666666666652e+00,3.324843030226514728e-01,7.940845057650849359e-01,-7.914136676933197778e-01,-1.237563228275732256e-05,3.275849118129211873e-05
1.633333333333333304e+00,3.324842931175012728e-01,7.940844541998854922e-01,-7.914135311994278110e-01,-1.237564786056835499e-05,3.275853407195790986e-05
1.637499999999999956e+00,3.324842832123363068e-01,7.940844026346212114e-01,-7.914133947053570983e-01,-1.237566343833875694e-05,3.275857696252289729e-05
1.641666666666666607e+00,3.324842733071566858e-01,7.940843510692919827e-01,-7.914132582111077507e-01,-1.237567901610375990e-05,3.275861985308034275e-05
1.645833333333333259e+00,3.324842634019623544e-01,7.940842995038978058e-01,-7.914131217166796572e-01,-1.237569459385305548e-05,3.275866274360297176e-05
1.649999999999999911e+00,3.324842534967532570e-01,7.940842479384387920e-01,-7.914129852220728178e-01,-1.237571017180029080e-05,3.275870563465627030e-05
1.654166666666666563e+00,3.324842435915295047e-01,7.940841963729148301e-01,-7.914128487272873436e-01,-1.237572574966438984e-05,3.275874852549627239e-05
1.658333333333333437e+00,3.324842336862910419e-01,7.940841448073259201e-01,-7.914127122323231234e-01,-1.237574132745817159e-05,3.275879141615690001e-05
1.662500000000000089e+00,3.324842237810378687e-01,7.940840932416721731e-01,-7.914125757371801573e-01,-1.237575690557208267e-05,3.275883430767166209e-05
1.666666666666666741e+00,3.324842138757699850e-01,7.940840416759534781e-01,-7.914124392418584453e-01,-1.237577248349951775e-05,3.275887719869952932e-05
1.670833333333333393e+00,3.324842039704873908e-01,7.940839901101698350e-01,-7.914123027463580984e-01,-1.237578806150629441e-05,3.275892008994418954e-05
1.675000000000000044e+00,3.324841940651900862e-01,7.940839385443213549e-01,-7.914121662506790056e-01,-1.237580363961548074e-05,3.275896298146666979e-05
1.679166666666666696e+00,3.324841841598780712e-01,7.940838869784079268e-01,-7.914120297548211669e-01,-1.237581921761489498e-05,3.275900587270532625e-05
1.683333333333333348e+00,3.324841742545514012e-01,7.940838354124296616e-01,-7.914118932587846933e-01,-1.237583479579303488e-05,3.275904876442382348e-05
1.687500000000000000e+00,3.324841643492099652e-01,7.940837838463864484e-01,-7.914117567625694738e-01,-1.237585037393768478e-05,3.275909165606044989e-05
1.691666666666666652e+00,3.324841544438538188e-01,7.940837322802782872e-01,-7.914116202661755084e-01,-1.237586595212216895e-05,3.275913454780920314e-05
1.695833333333333304e+00,3.324841445384829619e-01,7.940836807141052889e-01,-7.914114837696027971e-01,-1.237588153036250647e-05,3.275917743971258394e-05
1.699999999999999956e+00,3.324841346330973946e-01,7.940836291478673425e-01,-7.914113472728514509e-01,-1.237589710872510642e-05,3.275922033194633471e-05
1.704166666666666607e+00,3.324841247276971723e-01,7.940835775815644482e-01,-7.914112107759213588e-01,-1.237591268699249987e-05,3.275926322393480505e-05
1.708333333333333259e+00,3.324841148222821841e-01,7.940835260151967168e-01,-7.914110742788125208e-01,-1.237592826533925014e-05,3.275930611614011583e-05
1.712499999999999911e+00,3.324841049168525409e-01,7.940834744487640373e-01,-7.914109377815249369e-01,-1.237594384377324142e-05,3.275934900858307696e-05
1.716666666666666563e+00,3.324840950114081317e-01,7.940834228822664098e-01,-7.914108012840587181e-01,-1.237595942211138922e-05,3.275939190077909070e-05
1.720833333333333437e+00,3.324840851059490676e-01,7.940833713157039453e-01,-7.914106647864137534e-01,-1.237597500057601090e-05,3.275943479331660103e-05
1.725000000000000089e+00,3.324840752004752376e-01,7.940833197490765327e-01,-7.914105282885900428e-01,-1.237599057912555611e-05,3.275947768608568339e-05
1.729166666666666741e+00,3.324840652949867525e-01,7.940832681823841721e-01,-7.914103917905875862e-01,-1.237600615761296806e-05,3.275952057869706177e-05
1.733333333333333393e+00,3.324840553894835571e-01,7.940832166156269745e-01,-7.914102552924064948e-01,-1.237602173613849818e-05,3.275956347141606754e-05
1.737500000000000044e+00,3.324840454839655957e-01,7.940831650488048288e-01,-7.914101187940466575e-01,-1.237603731473675795e-05,3.275960636433432256e-05
1.741666666666666696e+00,3.324840355784329793e-01,7.940831134819177350e-01,-7.914099822955080743e-01,-1.237605289333229704e-05,3.275964925725214391e-05
1.745833333333333348e+00,3.324840256728856525e-01,7.940830619149658043e-01,-7.914098457967907452e-01,-1.237606847198386228e-05,3.275969215032498584e-05
1.750000000000000000e+00,3.324840157673236152e-01,7.940830103479489255e-01,-7.914097092978947812e-01,-1.237608405069584469e-05,3.275973504356453062e-05
1.754166666666666652e+00,3.324840058617468674e-01,7.940829587808670986e-01,-7.914095727988200712e-01,-1.237609962941125250e-05,3.275977793681988443e-05
1.758333333333333304e+00,3.324839959561553537e-01,7.940829072137204347e-01,-7.914094362995666154e-01,-1.237611520820091460e-05,3.275982083027854648e-05
1.762499999999999956e+00,3.324839860505491851e-01,7.940828556465088228e-01,-7.914092998001344137e-01,-1.237613078698815928e-05,3.275986372373754056e-05
1.766666666666666607e+00,3.324839761449283060e-01,7.940828040792322629e-01,-7.914091633005234661e-01,-1.237614636581844169e-05,3.275990661731718602e-05
1.770833333333333259e+00,3.324839662392927164e-01,7.940827525118908659e-01,-7.914090268007338835e-01,-1.237616194470763525e-05,3.275994951105956344e-05
1.774999999999999911e+00,3.324839563336424164e-01,7.940827009444845208e-01,-7.914088903007655551e-01,-1.237617752359875496e-05,3.275999240481375190e-05
1.779166666666666563e+00,3.324839464279774059e-01,7.940826493770132277e-01,-7.914087538006184808e-01,-1.237619310247615952e-05,3.276003529853838906e-05
1.783333333333333437e+00,3.324839365222976850e-01,7.940825978094770976e-01,-7.914086173002926605e-01,-1.237620868146618557e-05,3.276007819256789711e-05
1.787500000000000089e+00,3.324839266166032536e-01,7.940825462418760194e-01,-7.914084807997880944e-01,-1.237622426050795687e-05,3.276012108674109582e-05
1.791666666666666741e+00,3.324839167108941673e-01,7.940824946742099932e-01,-7.914083442991048933e-01,-1.237623983956180855e-05,3.276016398095305476e-05
1.795833333333333393e+00,3.324839068051703150e-01,7.940824431064791300e-01,-7.914082077982429464e-01,-1.237625541853253750e-05,3.276020687495171725e-05
1.800000000000000044e+00,3.324838968994317523e-01,7.940823915386833187e-01,-7.914080712972022535e-01,-1.237627099774190782e-05,3.276024976958881896e-05
1.804166666666666696e+00,3.324838869936784791e-01,7.940823399708225594e-01,-7.914079347959828148e-01,-1.237628657681006080e-05,3.276029266385886403e-05
1.808333333333333348e+00,3.324838770879104954e-01,7.940822884028969630e-01,-7.914077982945846301e-01,-1.237630215604014616e-05,3.276033555856427049e-05
1.812500000000000000e+00,3.324838671821278013e-01,7.940822368349064186e-01,-7.914076617930076996e-01,-1.237631773522490848e-05,3.276037845315648623e-05
1.816666666666666652e+00,3.324838572763303968e-01,7.940821852668509262e-01,-7.914075252912521341e-01,-1.237633331455147427e-05,3.276042134813078160e-05
1.820833333333333304e+00,3.324838473705183373e-01,7.940821336987304857e-01,-7.914073887893178227e-01,-1.237634889377256414e-05,3.276046424283263729e-05
1.824999999999999956e+00,3.324838374646915118e-01,7.940820821305452082e-01,-7.914072522872047655e-01,-1.237636447307617534e-05,3.276050713775968177e-05
1.829166666666666607e+00,3.324838275588499759e-01,7.940820305622949826e-01,-7.914071157849129623e-01,-1.237638005240227019e-05,3.276055003275295745e-05
1.833333333333333259e+00,3.324838176529937850e-01,7.940819789939798090e-01,-7.914069792824424132e-01,-1.237639563174566484e-05,3.276059292779881016e-05
1.837499999999999911e+00,3.324838077471228281e-01,7.940819274255997984e-01,-7.914068427797931182e-01,-1.237641121131335720e-05,3.276063582344512114e-05
1.841666666666666563e+00,3.324837978412371609e-01,7.940818758571548397e-01,-7.914067062769650773e-01,-1.237642679077814014e-05,3.276067871882576871e-05
1.845833333333333437e+00,3.324837879353368386e-01,7.940818242886449330e-01,-7.914065697739584015e-01,-1.237644237026989430e-05,3.276072161428457370e-05
1.850000000000000089e+00,3.324837780294217504e-01,7.940817727200701892e-01,-7.914064332707729799e-01,-1.237645794977485709e-05,3.276076450978505949e-05
1.854166666666666741e+00,3.324837681234920073e-01,7.940817211514304974e-01,-7.914062967674088123e-01,-1.237647352933109079e-05,3.276080740542803654e-05
1.858333333333333393e+00,3.324837582175474981e-01,7.940816695827258576e-01,-7.914061602638658988e-01,-1.237648910902253128e-05,3.276085030143564435e-05
1.862500000000000044e+00,3.324837483115883341e-01,7.940816180139562697e-01,-7.914060237601442394e-01,-1.237650468849853401e-05,3.276089319687975162e-05
1.866666666666666696e+00,3.324837384056144041e-01,7.940815664451218447e-01,-7.914058872562438340e-01,-1.237652026823732872e-05,3.276093609302620506e-05
1.870833333333333348e+00,3.324837284996258191e-01,7.940815148762224718e-01,-7.914057507521646828e-01,-1.237653584780559198e-05,3.276097898872800686e-05
1.875000000000000000e+00,3.324837185936224682e-01,7.940814633072581508e-01,-7.914056142479067857e-01,-1.237655142758685862e-05,3.276102188500038361e-05
1.879166666666666652e+00,3.324837086876044623e-01,7.940814117382289927e-01,-7.914054777434701426e-01,-1.237656700735832170e-05,3.276106478125356320e-05
1.883333333333333304e+00,3.324836987815716904e-01,7.940813601691348866e-01,-7.914053412388548647e-01,-1.237658258717926844e-05,3.276110767764447035e-05
1.887499999999999956e+00,3.324836888755242637e-01,7.940813085999758325e-01,-7.914052047340608409e-01,-1.237659816695222399e-05,3.276115057391507850e-05
1.891666666666666607e+00,3.324836789694620709e-01,7.940812570307519414e-01,-7.914050682290880712e-01,-1.237661374697600293e-05,3.276119347085636733e-05
1.895833333333333259e+00,3.324836690633852232e-01,7.940812054614631021e-01,-7.914049317239365555e-01,-1.237662932692671512e-05,3.276123636761101753e-05
1.899999999999999911e+00,3.324836591572936095e-01,7.940811538921093149e-01,-7.914047952186062940e-01,-1.237664490674750939e-05,3.276127926402848763e-05
1.904166666666666563e+00,3.324836492511873409e-01,7.940811023226905796e-01,-7.914046587130972865e-01,-1.237666048670781338e-05,3.276132216082205392e-05
1.908333333333333437e+00,3.324836393450663619e-01,7.940810507532070073e-01,-7.914045222074095332e-01,-1.237667606675365584e-05,3.276136505784874400e-05
1.912500000000000089e+00,3.324836294389306168e-01,7.940809991836584869e-01,-7.914043857015430339e-01,-1.237669164679387400e-05,3.276140795486728901e-05
1.916666666666666741e+00,3.324836195327802169e-01,7.940809476140450185e-01,-7.914042491954977887e-01,-1.237670722691356418e-05,3.276145085210297261e-05
1.920833333333333393e+00,3.324836096266151064e-01,7.940808960443666020e-01,-7.914041126892737976e-01,-1.237672280697382653e-05,3.276149374918805376e-05
1.925000000000000044e+00,3.324835997204352300e-01,7.940808444746233485e-01,-7.914039761828710606e-01,-1.237673838714335613e-05,3.276153664656914920e-05
1.929166666666666696e+00,3.324835898142406987e-01,7.940807929048151470e-01,-7.914038396762895777e-01,-1.237675396739018934e-05,3.276157954416162340e-05
1.933333333333333348e+00,3.324835799080314569e-01,7.940807413349419974e-01,-7.914037031695294599e-01,-1.237676954753335250e-05,3.276162244148642165e-05
1.937500000000000000e+00,3.324835700018075046e-01,7.940806897650040108e-01,-7.914035666625905963e-01,-1.237678512780710611e-05,3.276166533916363981e-05
1.941666666666666652e+00,3.324835600955687864e-01,7.940806381950010762e-01,-7.914034301554729867e-01,-1.237680070803606693e-05,3.276170823672904284e-05
1.945833333333333304e+00,3.324835501893154133e-01,7.940805866249331935e-01,-7.914032936481766312e-01,-1.237681628845487832e-05,3.276175113480373630e-05
1.949999999999999956e+00,3.324835402830472741e-01,7.940805350548003627e-01,-7.914031571407015297e-01,-1.237683186878939300e-05,3.276179403266202300e-05
1.954166666666666607e+00,3.324835303767644801e-01,7.940804834846026949e-01,-7.914030206330476824e-01,-1.237684744922856367e-05,3.276183693080410639e-05
1.958333333333333259e+00,3.324835204704669755e-01,7.940804319143400791e-01,-7.914028841252150892e-01,-1.237686302965278761e-05,3.276187982891335201e-05
1.962499999999999911e+00,3.324835105641547606e-01,7.940803803440125153e-01,-7.914027476172037501e-01,-1.237687861005584589e-05,3.276192272697334775e-05
1.966666666666666563e+00,3.324835006578277796e-01,7.940803287736200033e-01,-7.914026111090136650e-01,-1.237689419063298637e-05,3.276196562550089212e-05
1.970833333333333437e+00,3.324834907514861437e-01,7.940802772031626544e-01,-7.914024746006448341e-01,-1.237690977114752943e-05,3.276200852386946535e-05
1.975000000000000089e+00,3.324834808451297974e-01,7.940802256326403574e-01,-7.914023380920972572e-01,-1.237692535168445787e-05,3.276205142230403938e-05
1.979166666666666741e+00,3.324834709387586851e-01,7.940801740620531124e-01,-7.914022015833709345e-01,-1.237694093231875614e-05,3.276209432100310454e-05
1.983333333333333393e+00,3.324834610323729178e-01,7.940801224914010303e-01,-7.914020650744658658e-01,-1.237695651298548222e-05,3.276213721979478766e-05
1.987500000000000044e+00,3.324834511259724401e-01,7.940800709206840002e-01,-7.914019285653820512e-01,-1.237697209363664323e-05,3.276218011855194573e-05
1.991666666666666696e+00,3.324834412195571964e-01,7.940800193499020221e-01,-7.914017920561194908e-01,-1.237698767435392870e-05,3.276222301749095837e-05
1.995833333333333348e+00,3.324834313131272978e-01,7.940799677790550959e-01,-7.914016555466781844e-01,-1.237700325515350343e-05,3.276226591665451607e-05
2.000000000000000000e+00,3.324834214066826887e-01,7.940799162081433327e-01,-7.914015190370581321e-01,-1.237701883583960793e-05,3.276230881552447859e-05
