# Time, SliderHeight, Motor1Pos, Motor2Pos, Motor1Vel, Motor2Vel
0.000000000000000000e+00,2.874645000000566331e-01,0.000000000000000000e+00,0.000000000000000000e+00,0.000000000000000000e+00,0.000000000000000000e+00
4.166666666666666609e-03,2.874645000000566331e-01,2.083333333333333218e-02,2.083198625620850952e-02,5.000000000000000000e+00,4.999676701490042063e+00
8.333333333333333218e-03,2.882853511927129242e-01,4.166666666666666435e-02,-3.263060019964569847e-07,5.000000000000000000e+00,-4.999755014930521213e+00
1.250000000000000069e-02,2.895337181475950428e-01,6.250000000000000000e-02,-2.083542175205493202e-02,5.000000000000000000e+00,-5.000422907052704424e+00
1.666666666666666644e-02,2.905747066758379016e-01,8.333333333333332871e-02,-4.167064074279684671e-02,5.000000000000000000e+00,-5.000452557778059415e+00
2.083333333333333218e-02,2.914076559438331104e-01,1.041666666666666574e-01,-6.250598109341554132e-02,5.000000000000000000e+00,-5.000481684148486927e+00
2.500000000000000139e-02,2.920319624066575193e-01,1.249999999999999861e-01,-8.334144394751157037e-02,5.000000000000000000e+00,-5.000511084983047638e+00
2.916666666666666713e-02,2.924470381202740610e-01,1.458333333333333148e-01,-1.041754281601525722e-01,5.000000000000000000e+00,-5.000156211033840670e+00
3.333333333333333287e-02,2.926522856321822075e-01,1.666666666666666574e-01,-1.250094242032112613e-01,5.000000000000000000e+00,-5.000159050334088917e+00
3.749999999999999861e-02,2.926510992338871020e-01,1.875000000000000000e-01,-1.458434663428448130e-01,5.000000000000000000e+00,-5.000170113512054648e+00
4.166666666666666435e-02,2.924429391319407490e-01,2.083796576673748180e-01,-1.666624815498502499e-01,5.011117840169958093e+00,-4.996563649681302621e+00
4.583333333333333010e-02,2.948374957133882979e-01,2.292135633513726067e-01,-1.874958683619487310e-01,5.000137364159470188e+00,-5.000012834903637682e+00
5.000000000000000278e-02,2.971270033548066292e-01,2.500476901894846393e-01,-2.083292906151466284e-01,5.000190441146882492e+00,-5.000021340767494493e+00
5.416666666666666852e-02,2.993311154429982857e-01,2.708820721652723251e-01,-2.291627411641284362e-01,5.000251674189041040e+00,-5.000028131755631655e+00
5.833333333333333426e-02,3.014591367522563292e-01,2.917166767261363258e-01,-2.499962202532412803e-01,5.000305094607361056e+00,-5.000034981387082134e+00
6.250000000000000000e-02,3.035101385059146839e-01,3.125515524384961941e-01,-2.708297314757979191e-01,5.000370170966371042e+00,-5.000042693413591088e+00
6.666666666666666574e-02,3.054832258671921208e-01,3.333867587934248866e-01,-2.916632781173991718e-01,5.000449525182892430e+00,-5.000051193984304199e+00
7.083333333333333148e-02,3.073775378035007444e-01,3.542223684514490545e-01,-3.124968628530471748e-01,5.000546317925794071e+00,-5.000060336555525176e+00
7.499999999999999722e-02,3.091922460673597328e-01,3.750584700672283112e-01,-3.333304872989399925e-01,5.000664387787026044e+00,-5.000069867014276248e+00
7.916666666666666297e-02,3.109265551732726118e-01,3.958951716584160896e-01,-3.541641514028827098e-01,5.000808381885069487e+00,-5.000079384946247707e+00
8.333333333333332871e-02,3.125797022514175683e-01,4.167326046271574991e-01,-3.749978526276404045e-01,5.000983912497940942e+00,-5.000088293941842288e+00
8.749999999999999445e-02,3.141509567631660671e-01,4.375709285442220264e-01,-3.958315848688582772e-01,5.001197740095491007e+00,-5.000095737892287673e+00
9.166666666666666019e-02,3.156396200510275807e-01,4.584103368188326977e-01,-4.166653370343611495e-01,5.001457985906567316e+00,-5.000100519720696468e+00
9.583333333333333981e-02,3.170450246899265134e-01,4.792510633891986505e-01,-4.374990911934319993e-01,5.001774376887825113e+00,-5.000100998177005707e+00
1.000000000000000056e-01,3.183665336012947988e-01,5.000933905776880906e-01,-4.583328201824725667e-01,5.002158525237454079e+00,-5.000094957369733528e+00
1.041666666666666713e-01,3.196035388843382896e-01,5.209376582577781578e-01,-4.791664845267247785e-01,5.002624243221609035e+00,-5.000079442620537051e+00
1.083333333333333370e-01,3.207554603126365200e-01,5.417842744726273363e-01,-5.000000285060737237e-01,5.003187891563798395e+00,-5.000050555043753953e+00
1.125000000000000028e-01,3.218217434371807295e-01,5.626337276205929383e-01,-5.208333751563613001e-01,5.003868755511749811e+00,-5.000003196069013001e+00
1.166666666666666685e-01,3.228018572312674195e-01,5.834866002708466448e-01,-5.416664199568778093e-01,5.004689436060883345e+00,-4.999930752123968425e+00
1.208333333333333343e-01,3.236952912090092505e-01,6.043435845774214332e-01,-5.624990229119485319e-01,5.005676233577945666e+00,-4.999824709216973417e+00
1.250000000000000000e-01,3.245015519499760970e-01,6.252054991010803642e-01,-5.833309986943967518e-01,5.006859485678144317e+00,-4.999674187787563895e+00
1.291666666666666796e-01,3.252201589708154650e-01,6.460733065957044996e-01,-6.041621044897208526e-01,5.008273798709796942e+00,-4.999465390877785076e+00
1.333333333333333315e-01,3.258506399056719238e-01,6.669481319299981337e-01,-6.249920251768419366e-01,5.009958080230478394e+00,-4.999180964909068159e+00
1.375000000000000111e-01,3.263925249978024135e-01,6.878312787470948209e-01,-6.458203555282576724e-01,5.011955236103197819e+00,-4.998799284339771276e+00
1.416666666666666630e-01,3.268453409754851768e-01,7.087242426576175758e-01,-6.666465792463706075e-01,5.014311338525473616e+00,-4.998293692347113293e+00
1.458333333333333426e-01,3.272086044986719511e-01,7.296287176641931271e-01,-6.874700449271632374e-01,5.017074001578140319e+00,-4.997631763390233850e+00
1.499999999999999944e-01,3.274818155368484640e-01,7.505465910995530177e-01,-7.082899395295036982e-01,5.020289624486370172e+00,-4.996774704561713243e+00
1.541666666666666741e-01,3.276644512888926553e-01,7.714802008810975886e-01,-7.291047285128360311e-01,5.024066347570695257e+00,-4.995549355999757246e+00
1.583333333333333259e-01,3.277560828760750500e-01,7.924345086393351778e-01,-7.499030546363034677e-01,5.029033861977014297e+00,-4.991598269632175899e+00
1.625000000000000056e-01,3.277584884726566505e-01,7.927046883222351736e-01,-7.642797795678085704e-01,6.484312389599100612e-02,-3.450413983561217535e+00
1.666666666666666574e-01,3.298494766213647678e-01,7.927098874372856541e-01,-7.849686268239253195e-01,1.247787612112666311e-03,-4.965323341468022456e+00
1.708333333333333370e-01,3.319236241786456820e-01,7.927372291039410657e-01,-8.048095885159888274e-01,6.561999997289420100e-03,-4.761830806095241897e+00
1.749999999999999889e-01,3.342966018611635559e-01,7.927372290968598412e-01,-8.048095885159888274e-01,-1.699484365735859370e-09,0.000000000000000000e+00
1.791666666666666685e-01,3.361930097163702835e-01,7.927372290968598412e-01,-8.048084292867964118e-01,-1.825587611904532078e-21,2.782150061900620316e-04
1.833333333333333204e-01,3.379166644174858014e-01,7.927372290968598412e-01,-8.048070370858451117e-01,1.526179249433306799e-20,3.341282283151040698e-04
1.875000000000000000e-01,3.394676336853319487e-01,7.927372290968598412e-01,-8.048055980645519858e-01,-1.072232869021862124e-21,3.453651103617653376e-04
1.916666666666666796e-01,3.408459717164985525e-01,7.927372290968598412e-01,-8.048041496327725808e-01,1.446387339594910367e-20,3.476236270671797862e-04
1.958333333333333315e-01,3.420517280727016773e-01,7.927372290968598412e-01,-8.048026993086045966e-01,-3.427526265690039299e-21,3.480778003147113340e-04
2.000000000000000111e-01,3.430849494694812041e-01,7.927372290968598412e-01,-8.048012486029356705e-01,6.887829563152492320e-22,3.481693605545129020e-04
2.041666666666666630e-01,3.439456801377373529e-01,7.927372290968598412e-01,-8.047997978194056934e-01,2.908330844584646110e-20,3.481880471888250937e-04
2.083333333333333426e-01,3.446339618983530473e-01,7.927372290968598412e-01,-8.047983470190374078e-01,2.668949945190628357e-20,3.481920883911018274e-04
2.124999999999999944e-01,3.451498341790494861e-01,7.927372290968598412e-01,-8.047968962140950033e-01,-2.112112636335243952e-20,3.481931861871330990e-04
2.166666666666666741e-01,3.454933340195269764e-01,7.927372290968598412e-01,-8.047954454070436192e-01,4.686004019507044060e-21,3.481936923317075394e-04
2.208333333333333259e-01,3.456644960741452333e-01,7.927372290968598412e-01,-8.047945965940043189e-01,5.410278193979646636e-22,2.037151294212978807e-04
2.250000000000000056e-01,3.456645003041708963e-01,7.927372290968598412e-01,-8.047955852389571119e-01,5.941321684890154833e-21,-2.372747886661715595e-04
2.291666666666666574e-01,3.454961829549452745e-01,7.927372290968598412e-01,-8.047969431650875416e-01,2.106132999991731575e-20,-3.259022713030373659e-04
2.333333333333333370e-01,3.451595511556293516e-01,7.927372290968598412e-01,-8.047983753056896505e-01,1.198829630598835224e-20,-3.437137444991860899e-04
2.374999999999999889e-01,3.446546319255041069e-01,7.927372290968598412e-01,-8.047998223601952050e-01,2.671121294298580055e-21,-3.472930813264191066e-04
2.416666666666666685e-01,3.439814580867602833e-01,7.927372290968598412e-01,-8.048012724108271065e-01,-9.655498344572496074e-21,-3.480121516671298384e-04
2.458333333333333204e-01,3.431400654318647603e-01,7.927372290968598412e-01,-8.048027230624529293e-01,-5.459443741638267218e-21,-3.481563901916509812e-04
2.500000000000000000e-01,3.421304921527406062e-01,7.927372290968598412e-01,-8.048041738337219364e-01,2.039568896614343425e-20,-3.481851045699138050e-04
2.541666666666666519e-01,3.409527787244172603e-01,7.927372290968598412e-01,-8.048056246278978421e-01,1.088631724665725897e-20,-3.481906022210687064e-04
2.583333333333333592e-01,3.396069678799205627e-01,7.927372290968598412e-01,-8.048070754255401971e-01,-6.277318572300073332e-21,-3.481914341589738824e-04
2.625000000000000111e-01,3.380931046034030274e-01,7.927372290968598412e-01,-8.048085262227425707e-01,1.702286001845846391e-21,-3.481913285676133574e-04
2.666666666666666630e-01,3.364112361268443707e-01,7.927372290968598412e-01,-8.048099770187204793e-01,5.093364621795267908e-21,-3.481910346992654615e-04
2.708333333333333148e-01,3.345614119273733755e-01,7.927368198659499043e-01,-8.048089030227273399e-01,-9.821541838628006921e-05,2.577590383520893366e-04
2.750000000000000222e-01,3.342084427980313577e-01,7.927366917589548923e-01,-8.048085668153479588e-01,-3.074567880529371748e-05,8.068977105256660231e-05
2.791666666666666741e-01,3.342083765534987760e-01,7.927366503719984747e-01,-8.048084581983141472e-01,-9.932869532851286139e-06,2.606808811755099102e-05
2.833333333333333259e-01,3.342083683727232746e-01,7.927366089983078901e-01,-8.048083496160913786e-01,-9.929685727815178986e-06,2.605973346119896790e-05
2.874999999999999778e-01,3.342083602364872563e-01,7.927365676245763382e-01,-8.048082410337568104e-01,-9.929695567125265687e-06,2.605976029005486029e-05
2.916666666666666852e-01,3.342083521330354023e-01,7.927365262508017096e-01,-8.048081324513050028e-01,-9.929705909987645635e-06,2.605978844045069641e-05
2.958333333333333370e-01,3.342083440597429789e-01,7.927364848769838934e-01,-8.048080238687357335e-01,-9.929716265299803933e-06,2.605981662352330520e-05
2.999999999999999889e-01,3.342083360141964166e-01,7.927364435031228895e-01,-8.048079152860488916e-01,-9.929726632051447116e-06,2.605984483662076540e-05
3.041666666666666408e-01,3.342083279941753249e-01,7.927364021292186980e-01,-8.048078067032443661e-01,-9.929737009205229180e-06,2.605987307702192269e-05
3.083333333333333481e-01,3.342083199976368380e-01,7.927363607552712077e-01,-8.048076981203221569e-01,-9.929747396127865941e-06,2.605990134306313322e-05
3.125000000000000000e-01,3.342083120227015702e-01,7.927363193812804187e-01,-8.048075895372820421e-01,-9.929757791807510475e-06,2.605992963209070374e-05
3.166666666666666519e-01,3.342083040676404604e-01,7.927362780072462201e-01,-8.048074809541239105e-01,-9.929768195667363839e-06,2.605995794258995300e-05
3.208333333333333592e-01,3.342082961308628364e-01,7.927362366331687227e-01,-8.048073723708477623e-01,-9.929778607118499271e-06,2.605998627301495438e-05
3.250000000000000111e-01,3.342082882109052022e-01,7.927361952590478156e-01,-8.048072637874534863e-01,-9.929789025411589075e-06,2.606001462139988673e-05
3.291666666666666630e-01,3.342082803064211904e-01,7.927361538848833877e-01,-8.048071552039410825e-01,-9.929799450090612733e-06,2.606004298654755028e-05
3.333333333333333148e-01,3.342082724161721807e-01,7.927361125106755502e-01,-8.048070466203104401e-01,-9.929809880664995869e-06,2.606007136717030927e-05
3.375000000000000222e-01,3.342082645390185291e-01,7.927360711364241919e-01,-8.048069380365614478e-01,-9.929820316536589226e-06,2.606009976169910291e-05
3.416666666666666741e-01,3.342082566739118521e-01,7.927360297621294238e-01,-8.048068294526941058e-01,-9.929830757405402533e-06,2.606012816934586532e-05
3.458333333333333259e-01,3.342082488198876433e-01,7.927359883877910240e-01,-8.048067208687083030e-01,-9.929841202861808963e-06,2.606015658903583027e-05
3.499999999999999778e-01,3.342082409760585016e-01,7.927359470134091035e-01,-8.048066122846040393e-01,-9.929851652493955686e-06,2.606018501968821420e-05
3.541666666666666852e-01,3.342082331416080798e-01,7.927359056389836622e-01,-8.048065037003813149e-01,-9.929862105995123601e-06,2.606021346049792586e-05
3.583333333333333370e-01,3.342082253157852567e-01,7.927358642645147002e-01,-8.048063951160400187e-01,-9.929872562983839562e-06,2.606024191046421614e-05
3.624999999999999889e-01,3.342082174978990849e-01,7.927358228900021064e-01,-8.048062865315801506e-01,-9.929883023381956309e-06,2.606027036938112052e-05
3.666666666666666408e-01,3.342082096873139063e-01,7.927357815154458809e-01,-8.048061779470017107e-01,-9.929893486746704310e-06,2.606029883608732632e-05
3.708333333333333481e-01,3.342082018834447998e-01,7.927357401408460236e-01,-8.048060693623045880e-01,-9.929903952806062322e-06,2.606032730986897113e-05
3.750000000000000000e-01,3.342081940857537514e-01,7.927356987662026455e-01,-8.048059607774887825e-01,-9.929914421468601608e-06,2.606035579048577203e-05
3.791666666666666519e-01,3.342081862937457126e-01,7.927356573915156357e-01,-8.048058521925542941e-01,-9.929924892416547595e-06,2.606038427710394027e-05
3.833333333333333592e-01,3.342081785069652700e-01,7.927356160167849941e-01,-8.048057436075011228e-01,-9.929935365740082186e-06,2.606041276995978449e-05
3.875000000000000111e-01,3.342081707249934808e-01,7.927355746420106097e-01,-8.048056350223291577e-01,-9.929945840859729812e-06,2.606044126753315500e-05
3.916666666666666630e-01,3.342081629474448756e-01,7.927355332671925936e-01,-8.048055264370383988e-01,-9.929956317872026819e-06,2.606046977007697583e-05
3.958333333333333148e-01,3.342081551739648493e-01,7.927354918923309457e-01,-8.048054178516289570e-01,-9.929966796583931010e-06,2.606049827708459591e-05
4.000000000000000222e-01,3.342081474042271072e-01,7.927354505174256660e-01,-8.048053092661007213e-01,-9.929977276900386654e-06,2.606052678830669958e-05
4.041666666666666741e-01,3.342081396379315006e-01,7.927354091424766436e-01,-8.048052006804535807e-01,-9.929987758533768467e-06,2.606055530298853642e-05
4.083333333333333259e-01,3.342081318748019170e-01,7.927353677674839894e-01,-8.048050920946876463e-01,-9.929998241590543408e-06,2.606058382140927495e-05
4.124999999999999778e-01,3.342081241145843373e-01,7.927353263924475923e-01,-8.048049835088029180e-01,-9.930008725751918769e-06,2.606061234273248707e-05
4.166666666666666852e-01,3.342081163570449487e-01,7.927352850173675636e-01,-8.048048749227992849e-01,-9.930019211217142109e-06,2.606064086748077855e-05
4.208333333333333370e-01,3.342081086019687564e-01,7.927352436422437920e-01,-8.048047663366768578e-01,-9.930029697519981085e-06,2.606066939443099656e-05
4.249999999999999889e-01,3.342081008491579741e-01,7.927352022670763887e-01,-8.048046577504355259e-01,-9.930040184893061436e-06,2.606069792419323181e-05
4.291666666666666408e-01,3.342080930984305809e-01,7.927351608918652426e-01,-8.048045491640752891e-01,-9.930050673123184970e-06,2.606072645620816813e-05
4.333333333333333481e-01,3.342080853496190995e-01,7.927351195166103537e-01,-8.048044405775961474e-01,-9.930061162140696779e-06,2.606075499029299547e-05
4.375000000000000000e-01,3.342080776025695976e-01,7.927350781413118330e-01,-8.048043319909981008e-01,-9.930071651852316513e-06,2.606078352620292470e-05
4.416666666666666519e-01,3.342080698571402442e-01,7.927350367659695696e-01,-8.048042234042811494e-01,-9.930082142302755653e-06,2.606081206405522246e-05
4.458333333333333592e-01,3.342080621132006990e-01,7.927349953905835633e-01,-8.048041148174452930e-01,-9.930092633478126247e-06,2.606084060381344599e-05
4.500000000000000111e-01,3.342080543706310025e-01,7.927349540151539253e-01,-8.048040062304905318e-01,-9.930103125112072008e-06,2.606086914477863726e-05
4.541666666666666630e-01,3.342080466293207985e-01,7.927349126396805445e-01,-8.048038976434168656e-01,-9.930113617240586755e-06,2.606089768704522011e-05
4.583333333333333148e-01,3.342080388891686127e-01,7.927348712641634210e-01,-8.048037890562241836e-01,-9.930124109972407494e-06,2.606092623089851929e-05
4.625000000000000222e-01,3.342080311500809642e-01,7.927348298886025546e-01,-8.048036804689125967e-01,-9.930134603155673078e-06,2.606095477594003968e-05
4.666666666666666741e-01,3.342080234119719218e-01,7.927347885129979455e-01,-8.048035718814821049e-01,-9.930145096810951159e-06,2.606098332222371355e-05
4.708333333333333259e-01,3.342080156747625486e-01,7.927347471373497045e-01,-8.048034632939325972e-01,-9.930155590759424613e-06,2.606101186928034565e-05
4.749999999999999778e-01,3.342080079383799585e-01,7.927347057616577208e-01,-8.048033547062641846e-01,-9.930166085069184724e-06,2.606104041728851084e-05
4.791666666666666852e-01,3.342080002027573160e-01,7.927346643859219943e-01,-8.048032461184768671e-01,-9.930176579823820092e-06,2.606106896646765843e-05
4.833333333333333370e-01,3.342079924678330594e-01,7.927346230101425251e-01,-8.048031375305705337e-01,-9.930187074867835795e-06,2.606109751640969471e-05
4.874999999999999889e-01,3.342079847335505116e-01,7.927345816343193130e-01,-8.048030289425452954e-01,-9.930197570056013118e-06,2.606112606673353617e-05
4.916666666666666408e-01,3.342079769998576588e-01,7.927345402584523582e-01,-8.048029203544010413e-01,-9.930208065688991159e-06,2.606115461822807881e-05
4.958333333333333481e-01,3.342079692667064839e-01,7.927344988825416605e-01,-8.048028117661378822e-01,-9.930218561380607596e-06,2.606118316987999340e-05
5.000000000000000000e-01,3.342079615340528553e-01,7.927344575065872201e-01,-8.048027031777557072e-01,-9.930229057407123920e-06,2.606121172241425204e-05
5.041666666666666519e-01,3.342079538018563056e-01,7.927344161305890369e-01,-8.048025945892545163e-01,-9.930239553642791314e-06,2.606124027550082360e-05
5.083333333333333037e-01,3.342079460700794202e-01,7.927343747545471109e-01,-8.048024860006344205e-01,-9.930250050085112724e-06,2.606126882913314526e-05
5.124999999999999556e-01,3.342079383386878932e-01,7.927343333784615531e-01,-8.048023774118953089e-01,-9.930260546713506943e-06,2.606129738325724748e-05
5.166666666666667185e-01,3.342079306076501388e-01,7.927342920023322526e-01,-8.048022688230371813e-01,-9.930271043502774742e-06,2.606132593780698036e-05
5.208333333333333703e-01,3.342079228769370691e-01,7.927342506261592092e-01,-8.048021602340601488e-01,-9.930281540405749938e-06,2.606135449265853819e-05
5.250000000000000222e-01,3.342079151465219278e-01,7.927342092499424231e-01,-8.048020516449641004e-01,-9.930292037415073509e-06,2.606138304779263571e-05
5.291666666666666741e-01,3.342079074163801788e-01,7.927341678736818942e-01,-8.048019430557490361e-01,-9.930302534742911961e-06,2.606141160376607174e-05
5.333333333333333259e-01,3.342078996864891183e-01,7.927341264973776225e-01,-8.048018344664150669e-01,-9.930313032120213749e-06,2.606144015987276298e-05
5.374999999999999778e-01,3.342078919568279849e-01,7.927340851210296080e-01,-8.048017258769620819e-01,-9.930323529460268110e-06,2.606146871588508460e-05
5.416666666666666297e-01,3.342078842273775718e-01,7.927340437446378507e-01,-8.048016172873900809e-01,-9.930334027035179296e-06,2.606149727251724121e-05
5.458333333333332815e-01,3.342078764981202821e-01,7.927340023682023507e-01,-8.048015086976991750e-01,-9.930344524693386009e-06,2.606152582937139837e-05
5.500000000000000444e-01,3.342078687690398509e-01,7.927339609917231078e-01,-8.048014001078892532e-01,-9.930355022469186305e-06,2.606155438653761942e-05
5.541666666666666963e-01,3.342078610401214567e-01,7.927339196152001222e-01,-8.048012915179603155e-01,-9.930365520292725378e-06,2.606158294383252510e-05
5.583333333333333481e-01,3.342078533113512773e-01,7.927338782386333937e-01,-8.048011829279123619e-01,-9.930376018326311682e-06,2.606161150168210861e-05
5.625000000000000000e-01,3.342078455827167671e-01,7.927338368620229225e-01,-8.048010743377453924e-01,-9.930386516341120959e-06,2.606164005948586424e-05
5.666666666666666519e-01,3.342078378542062134e-01,7.927337954853687085e-01,-8.048009657474595180e-01,-9.930397014435803749e-06,2.606166861750266561e-05
5.708333333333333037e-01,3.342078301258090134e-01,7.927337541086707517e-01,-8.048008571570546277e-01,-9.930407512558011722e-06,2.606169717559512057e-05
5.749999999999999556e-01,3.342078223975153417e-01,7.927337127319290522e-01,-8.048007485665307215e-01,-9.930418010789358196e-06,2.606172573397740988e-05
5.791666666666667185e-01,3.342078146693160945e-01,7.927336713551436098e-01,-8.048006399758877993e-01,-9.930428509066264878e-06,2.606175429248270531e-05
5.833333333333333703e-01,3.342078069412029451e-01,7.927336299783144247e-01,-8.048005313851259723e-01,-9.930439007498956166e-06,2.606178285140027878e-05
5.875000000000000222e-01,3.342077992131683439e-01,7.927335886014414967e-01,-8.048004227942451294e-01,-9.930449505861733354e-06,2.606181141013775272e-05
5.916666666666666741e-01,3.342077914852051301e-01,7.927335472245248260e-01,-8.048003142032452706e-01,-9.930460004364804609e-06,2.606183996924690133e-05
5.958333333333333259e-01,3.342077837573068644e-01,7.927335058475644125e-01,-8.048002056121263958e-01,-9.930470502901918119e-06,2.606186852844876277e-05
5.999999999999999778e-01,3.342077760294676070e-01,7.927334644705602562e-01,-8.048000970208885052e-01,-9.930481001408853538e-06,2.606189708757489270e-05
6.041666666666666297e-01,3.342077683016818068e-01,7.927334230935123571e-01,-8.047999884295315987e-01,-9.930491500006509575e-06,2.606192564694253204e-05
6.083333333333332815e-01,3.342077605739445234e-01,7.927333817164207153e-01,-8.047998798380557872e-01,-9.930501998623586382e-06,2.606195420636455090e-05
6.125000000000000444e-01,3.342077528462510383e-01,7.927333403392853306e-01,-8.047997712464609599e-01,-9.930512497391751845e-06,2.606198276618649807e-05
6.166666666666666963e-01,3.342077451185970771e-01,7.927332989621062032e-01,-8.047996626547471166e-01,-9.930522996062457697e-06,2.606201132575612089e-05
6.208333333333333481e-01,3.342077373909787541e-01,7.927332575848833329e-01,-8.047995540629142575e-01,-9.930533494867706262e-06,2.606203988568224633e-05
6.250000000000000000e-01,3.342077296633924055e-01,7.927332162076167199e-01,-8.047994454709623824e-01,-9.930543993628444940e-06,2.606206844549498455e-05
6.291666666666666519e-01,3.342077219358348117e-01,7.927331748303063641e-01,-8.047993368788914914e-01,-9.930554492433529181e-06,2.606209700542754066e-05
6.333333333333333037e-01,3.342077142083027530e-01,7.927331334529522655e-01,-8.047992282867015845e-01,-9.930564991379756216e-06,2.606212556573396017e-05
6.374999999999999556e-01,3.342077064807935649e-01,7.927330920755544241e-01,-8.047991196943927728e-01,-9.930575490229797577e-06,2.606215412579133506e-05
6.416666666666667185e-01,3.342076987533045274e-01,7.927330506981128400e-01,-8.047990111019649451e-01,-9.930585989243719485e-06,2.606218268628225868e-05
6.458333333333333703e-01,3.342076910258333644e-01,7.927330093206275130e-01,-8.047989025094181015e-01,-9.930596488201893073e-06,2.606221124663029461e-05
6.500000000000000222e-01,3.342076832983778001e-01,7.927329679430984433e-01,-8.047987939167522420e-01,-9.930606987186851536e-06,2.606223980705201225e-05
6.541666666666666741e-01,3.342076755709358915e-01,7.927329265655256307e-01,-8.047986853239673666e-01,-9.930617486270538466e-06,2.606226836773630333e-05
6.583333333333333259e-01,3.342076678435056958e-01,7.927328851879090754e-01,-8.047985767310634753e-01,-9.930627985283225400e-06,2.606229692823767256e-05
6.624999999999999778e-01,3.342076601160856031e-01,7.927328438102487773e-01,-8.047984681380405680e-01,-9.930638484348597783e-06,2.606232548888071991e-05
6.666666666666666297e-01,3.342076523886740036e-01,7.927328024325446254e-01,-8.047983595448986449e-01,-9.930648983480858664e-06,2.606235404970275548e-05
6.708333333333332815e-01,3.342076446612694540e-01,7.927327610547967307e-01,-8.047982509516378169e-01,-9.930659482693035409e-06,2.606238261073794859e-05
6.750000000000000444e-01,3.342076369338706221e-01,7.927327196770050932e-01,-8.047981423582579730e-01,-9.930669981799426210e-06,2.606241117149893681e-05
6.791666666666666963e-01,3.342076292064762866e-01,7.927326782991697129e-01,-8.047980337647591131e-01,-9.930680481063217755e-06,2.606243973267643823e-05
6.833333333333333481e-01,3.342076214790852817e-01,7.927326369212905899e-01,-8.047979251711412374e-01,-9.930690980184497701e-06,2.606246829348331869e-05
6.875000000000000000e-01,3.342076137516966639e-01,7.927325955433677240e-01,-8.047978165774043458e-01,-9.930701479437394709e-06,2.606249685463908524e-05
6.916666666666666519e-01,3.342076060243093782e-01,7.927325541654011154e-01,-8.047977079835484382e-01,-9.930711978774795111e-06,2.606252541602002026e-05
6.958333333333333037e-01,3.342075982969226478e-01,7.927325127873907640e-01,-8.047975993895735147e-01,-9.930722478020719343e-06,2.606255397716432477e-05
6.999999999999999556e-01,3.342075905695355842e-01,7.927324714093366698e-01,-8.047974907954795754e-01,-9.930732977334038599e-06,2.606258253848894903e-05
7.041666666666667185e-01,3.342075828421474659e-01,7.927324300312388328e-01,-8.047973822012666201e-01,-9.930743476665511465e-06,2.606261109986460873e-05
7.083333333333333703e-01,3.342075751147576823e-01,7.927323886530972530e-01,-8.047972736069346489e-01,-9.930753976021155263e-06,2.606263966130714676e-05
7.125000000000000222e-01,3.342075673873655117e-01,7.927323472749119304e-01,-8.047971650124837728e-01,-9.930764475380442997e-06,2.606266822276266811e-05
7.166666666666666741e-01,3.342075596599703990e-01,7.927323058966828651e-01,-8.047970564179138808e-01,-9.930774974850305799e-06,2.606269678451180835e-05
7.208333333333333259e-01,3.342075519325718447e-01,7.927322645184100569e-01,-8.047969478232249729e-01,-9.930785474289543279e-06,2.606272534618398379e-05
7.249999999999999778e-01,3.342075442051693490e-01,7.927322231400935060e-01,-8.047968392284170491e-01,-9.930795973677323507e-06,2.606275390772454386e-05
7.291666666666666297e-01,3.342075364777624125e-01,7.927321817617332123e-01,-8.047967306334901094e-01,-9.930806473189209308e-06,2.606278246959425077e-05
7.333333333333332815e-01,3.342075287503507020e-01,7.927321403833291757e-01,-8.047966220384441538e-01,-9.930816972629156602e-06,2.606281103127856927e-05
7.375000000000000444e-01,3.342075210229338289e-01,7.927320990048813965e-01,-8.047965134432791823e-01,-9.930827472201049605e-06,2.606283959331263107e-05
7.416666666666666963e-01,3.342075132955113492e-01,7.927320576263898744e-01,-8.047964048479951948e-01,-9.930837971750863848e-06,2.606286815529213716e-05
7.458333333333333481e-01,3.342075055680830409e-01,7.927320162478546095e-01,-8.047962962525921915e-01,-9.930848471278738243e-06,2.606289671721750091e-05
7.500000000000000000e-01,3.342074978406485708e-01,7.927319748692756018e-01,-8.047961876570701722e-01,-9.930858970865601707e-06,2.606292527930111413e-05
7.541666666666666519e-01,3.342074901132076614e-01,7.927319334906528514e-01,-8.047960790614291371e-01,-9.930869470477764351e-06,2.606295384145450593e-05
7.583333333333333037e-01,3.342074823857600907e-01,7.927318921119863582e-01,-8.047959704656690860e-01,-9.930879970045235842e-06,2.606298240349406666e-05
7.624999999999999556e-01,3.342074746583055811e-01,7.927318507332761222e-01,-8.047958618697900190e-01,-9.930890469676693897e-06,2.606301096570498555e-05
7.666666666666667185e-01,3.342074669308439661e-01,7.927318093545220323e-01,-8.047957532737919362e-01,-9.930900969437124576e-06,2.606303952825781775e-05
7.708333333333333703e-01,3.342074592033749680e-01,7.927317679757241997e-01,-8.047956446776748374e-01,-9.930911469051852036e-06,2.606306809043164337e-05
7.750000000000000222e-01,3.342074514758985315e-01,7.927317265968826243e-01,-8.047955360814388337e-01,-9.930921968767693206e-06,2.606309665287430031e-05
7.791666666666666741e-01,3.342074437484144345e-01,7.927316852179973061e-01,-8.047954274850838141e-01,-9.930932468503448122e-06,2.606312521537260392e-05
7.833333333333333259e-01,3.342074360209224548e-01,7.927316438390682451e-01,-8.047953188886097786e-01,-9.930942968301891945e-06,2.606315377803888094e-05
7.874999999999999778e-01,3.342074282934225926e-01,7.927316024600954414e-01,-8.047952102920167272e-01,-9.930953468012127452e-06,2.606318234047710282e-05
7.916666666666666297e-01,3.342074205659145703e-01,7.927315610810788948e-01,-8.047951016953046599e-01,-9.930963967766996513e-06,2.606321090303588458e-05
7.958333333333332815e-01,3.342074128383983878e-01,7.927315197020186055e-01,-8.047949930984735767e-01,-9.930974467517006993e-06,2.606323946558530832e-05
8.000000000000000444e-01,3.342074051108738786e-01,7.927314783229145734e-01,-8.047948845015234776e-01,-9.930984967368935865e-06,2.606326802840566064e-05
8.041666666666666963e-01,3.342073973833409872e-01,7.927314369437667985e-01,-8.047947759044543625e-01,-9.930995467338902166e-06,2.606329659153920847e-05
8.083333333333333481e-01,3.342073896557995472e-01,7.927313955645752808e-01,-8.047946673072662316e-01,-9.931005967096566436e-06,2.606332515411902037e-05
8.125000000000000000e-01,3.342073819282495029e-01,7.927313541853400203e-01,-8.047945587099590847e-01,-9.931016466997480917e-06,2.606335371707816750e-05
8.166666666666666519e-01,3.342073742006907988e-01,7.927313128060610170e-01,-8.047944501125329220e-01,-9.931026966996566517e-06,2.606338228029844134e-05
8.208333333333333037e-01,3.342073664731233795e-01,7.927312714267382709e-01,-8.047943415149877433e-01,-9.931037466767720634e-06,2.606341084292391509e-05
8.249999999999999556e-01,3.342073587455471895e-01,7.927312300473717821e-01,-8.047942329173235487e-01,-9.931047966748229107e-06,2.606343940610226080e-05
8.291666666666667185e-01,3.342073510179620621e-01,7.927311886679615505e-01,-8.047941243195403382e-01,-9.931058466767726507e-06,2.606346796938638059e-05
8.333333333333333703e-01,3.342073432903679975e-01,7.927311472885075760e-01,-8.047940157216381118e-01,-9.931068966740474465e-06,2.606349653255119749e-05
8.375000000000000222e-01,3.342073355627649955e-01,7.927311059090097478e-01,-8.047939071236168695e-01,-9.931079466739092503e-06,2.606352509578735489e-05
8.416666666666666741e-01,3.342073278351529453e-01,7.927310645294681768e-01,-8.047937985254766113e-01,-9.931089966777917501e-06,2.606355365913244412e-05
8.458333333333333259e-01,3.342073201075318467e-01,7.927310231498828630e-01,-8.047936899272173372e-01,-9.931100466867217192e-06,2.606358222261339404e-05
8.499999999999999778e-01,3.342073123799016443e-01,7.927309817702538064e-01,-8.047935813288390472e-01,-9.931110966855194802e-06,2.606361078583190605e-05
8.541666666666666297e-01,3.342073046522623381e-01,7.927309403905810070e-01,-8.047934727303417413e-01,-9.931121467033095834e-06,2.606363934955227831e-05
8.583333333333332815e-01,3.342072969246138170e-01,7.927308990108644648e-01,-8.047933641317254194e-01,-9.931131967074568657e-06,2.606366791291802497e-05
8.625000000000000444e-01,3.342072891969560255e-01,7.927308576311041799e-01,-8.047932555329900817e-01,-9.931142467246945339e-06,2.606369647663074344e-05
8.666666666666666963e-01,3.342072814692890748e-01,7.927308162513001522e-01,-8.047931469341357280e-01,-9.931152967331527057e-06,2.606372504011648079e-05
8.708333333333333481e-01,3.342072737416128536e-01,7.927307748714523816e-01,-8.047930383351623584e-01,-9.931163467569169322e-06,2.606375360400733029e-05
8.750000000000000000e-01,3.342072660139273066e-01,7.927307334915608683e-01,-8.047929297360699730e-01,-9.931173967723104404e-06,2.606378216768190178e-05
8.791666666666666519e-01,3.342072582862324337e-01,7.927306921116256122e-01,-8.047928211368585716e-01,-9.931184467948971217e-06,2.606381073154871925e-05
8.833333333333333037e-01,3.342072505585282904e-01,7.927306507316466133e-01,-8.047927125375281543e-01,-9.931194968158547893e-06,2.606383929537618019e-05
8.874999999999999556e-01,3.342072428308147658e-01,7.927306093516238716e-01,-8.047926039380787211e-01,-9.931205468399307239e-06,2.606386785928891702e-05
8.916666666666667185e-01,3.342072351030918598e-01,7.927305679715573872e-01,-8.047924953385102720e-01,-9.931215968722328731e-06,2.606389642342097439e-05
8.958333333333333703e-01,3.342072273753595724e-01,7.927305265914470489e-01,-8.047923867388228070e-01,-9.931226468918764538e-06,2.606392498722424406e-05
9.000000000000000222e-01,3.342072196476179036e-01,7.927304852112929678e-01,-8.047922781390163260e-01,-9.931236969256592166e-06,2.606395355140199717e-05
9.041666666666666741e-01,3.342072119198667979e-01,7.927304438310951440e-01,-8.047921695390908292e-01,-9.931247469615995418e-06,2.606398211563980830e-05
9.083333333333333259e-01,3.342072041921063108e-01,7.927304024508535774e-01,-8.047920609390463165e-01,-9.931257969938379941e-06,2.606401067978388676e-05
9.124999999999999778e-01,3.342071964643363868e-01,7.927303610705682679e-01,-8.047919523388827878e-01,-9.931268470318039139e-06,2.606403924408173220e-05
9.166666666666666297e-01,3.342071887365569705e-01,7.927303196902392157e-01,-8.047918437386002433e-01,-9.931278970631651789e-06,2.606406780820961879e-05
9.208333333333332815e-01,3.342071810087681172e-01,7.927302783098664207e-01,-8.047917351381986828e-01,-9.931289471073943991e-06,2.606409637267867669e-05
9.250000000000000444e-01,3.342071732809697715e-01,7.927302369294498829e-01,-8.047916265376781064e-01,-9.931299971499273511e-06,2.606412493710660944e-05
9.291666666666666963e-01,3.342071655531619889e-01,7.927301955489896024e-01,-8.047915179370385141e-01,-9.931310471964857424e-06,2.606415350164364682e-05
9.333333333333333481e-01,3.342071578253447139e-01,7.927301541684855790e-01,-8.047914093362799060e-01,-9.931320972403719142e-06,2.606418206611396850e-05
9.375000000000000000e-01,3.342071500975179466e-01,7.927301127879378129e-01,-8.047913007354022819e-01,-9.931331472916299832e-06,2.606421063078119145e-05
9.416666666666666519e-01,3.342071423696817423e-01,7.927300714073463039e-01,-8.047911921344056418e-01,-9.931341973443366479e-06,2.606423919548985464e-05
9.458333333333333037e-01,3.342071346418359346e-01,7.927300300267109412e-01,-8.047910835332899859e-01,-9.931352473943404305e-06,2.606426776013098559e-05
9.499999999999999556e-01,3.342071269139806899e-01,7.927299886460318357e-01,-8.047909749320553141e-01,-9.931362974498311231e-06,2.606429632491956126e-05
9.541666666666667185e-01,3.342071191861158974e-01,7.927299472653089873e-01,-8.047908663307016264e-01,-9.931373475032103320e-06,2.606432488965614944e-05
9.583333333333333703e-01,3.342071114582416680e-01,7.927299058845423962e-01,-8.047907577292289227e-01,-9.931383975629751529e-06,2.606435345456375018e-05
9.625000000000000222e-01,3.342071037303578351e-01,7.927298645037320624e-01,-8.047906491276372032e-01,-9.931394476244530131e-06,2.606438201951973005e-05
9.666666666666666741e-01,3.342070960024645099e-01,7.927298231228779857e-01,-8.047905405259264677e-01,-9.931404976862959446e-06,2.606441058448871696e-05
9.708333333333333259e-01,3.342070882745616367e-01,7.927297817419801662e-01,-8.047904319240967164e-01,-9.931415477489203487e-06,2.606443914948163086e-05
9.749999999999999778e-01,3.342070805466492711e-01,7.927297403610386040e-01,-8.047903233221479491e-01,-9.931425978138027732e-06,2.606446771453724552e-05
9.791666666666666297e-01,3.342070728187273576e-01,7.927296989800532989e-01,-8.047902147200801659e-01,-9.931436478804975094e-06,2.606449627964385496e-05
9.833333333333332815e-01,3.342070650907958962e-01,7.927296575990242511e-01,-8.047901061178933668e-01,-9.931446979527928275e-06,2.606452484490086018e-05
9.875000000000000444e-01,3.342070573628548869e-01,7.927296162179514605e-01,-8.047899975155874408e-01,-9.931457480301862675e-06,2.606455341029508812e-05
9.916666666666666963e-01,3.342070496349043296e-01,7.927295748368349271e-01,-8.047898889131624989e-01,-9.931467981032339202e-06,2.606458197557868679e-05
9.958333333333333481e-01,3.342070419069442799e-01,7.927295334556745399e-01,-8.047897803106185410e-01,-9.931478481875440618e-06,2.606461054116129825e-05
1.000000000000000000e+00,3.342070341789746268e-01,7.927294920744704099e-01,-8.047896717079555673e-01,-9.931488982557495660e-06,2.606463910632468261e-05
1.004166666666666652e+00,3.342070264509954258e-01,7.927294506932225371e-01,-8.047895631051735776e-01,-9.931499483381948798e-06,2.606466767186518636e-05
1.008333333333333304e+00,3.342070187230067324e-01,7.927294093119309215e-01,-8.047894545022725721e-01,-9.931509984195625984e-06,2.606469623738082801e-05
1.012499999999999956e+00,3.342070109950084356e-01,7.927293679305955632e-01,-8.047893458992525506e-01,-9.931520485019865670e-06,2.606472480292763369e-05
1.016666666666666607e+00,3.342070032670005908e-01,7.927293265492164620e-01,-8.047892372961135132e-01,-9.931530985873028144e-06,2.606475336855378265e-05
1.020833333333333259e+00,3.342069955389831981e-01,7.927292851677936181e-01,-8.047891286928554599e-01,-9.931541486774778121e-06,2.606478193431084901e-05
1.024999999999999911e+00,3.342069878109562575e-01,7.927292437863270314e-01,-8.047890200894783908e-01,-9.931551987717780297e-06,2.606481050017964241e-05
1.029166666666666563e+00,3.342069800829197690e-01,7.927292024048167018e-01,-8.047889114859823056e-01,-9.931562488658659808e-06,2.606483906604625724e-05
1.033333333333333437e+00,3.342069723548737326e-01,7.927291610232626295e-01,-8.047888028823672046e-01,-9.931572989563943607e-06,2.606486763182289684e-05
1.037500000000000089e+00,3.342069646268181482e-01,7.927291196416647034e-01,-8.047886942786330877e-01,-9.931583490535185861e-06,2.606489619777604117e-05
1.041666666666666741e+00,3.342069568987529604e-01,7.927290782600230346e-01,-8.047885856747799549e-01,-9.931593991483287176e-06,2.606492476367190236e-05
1.045833333333333393e+00,3.342069491706782802e-01,7.927290368783376229e-01,-8.047884770708076951e-01,-9.931604492417507314e-06,2.606495332953475297e-05
1.050000000000000044e+00,3.342069414425939966e-01,7.927289954966084684e-01,-8.047883684667164195e-01,-9.931614993518088111e-06,2.606498189583762365e-05
1.054166666666666696e+00,3.342069337145001096e-01,7.927289541148355712e-01,-8.047882598625061279e-01,-9.931625494518473381e-06,2.606501046188097699e-05
1.058333333333333348e+00,3.342069259863966746e-01,7.927289127330189311e-01,-8.047881512581768204e-01,-9.931635995617085674e-06,2.606503902818551802e-05
1.062500000000000000e+00,3.342069182582837472e-01,7.927288713511585483e-01,-8.047880426537284970e-01,-9.931646496665690835e-06,2.606506759436229260e-05
1.066666666666666652e+00,3.342069105301612164e-01,7.927288299692544227e-01,-8.047879340491611577e-01,-9.931656997750782788e-06,2.606509616063820730e-05
1.070833333333333304e+00,3.342069028020291377e-01,7.927287885873065543e-01,-8.047878254444748025e-01,-9.931667498909890174e-06,2.606512472711181949e-05
1.074999999999999956e+00,3.342068950738874555e-01,7.927287472053148321e-01,-8.047877168396694314e-01,-9.931678000056778262e-06,2.606515329355677825e-05
1.079166666666666607e+00,3.342068873457362255e-01,7.927287058232793671e-01,-8.047876082347450444e-01,-9.931688501147557194e-06,2.606518185985791421e-05
1.083333333333333259e+00,3.342068796175754475e-01,7.927286644412001593e-01,-8.047874996297016414e-01,-9.931699002366417672e-06,2.606521042649861890e-05
1.087499999999999911e+00,3.342068718894050661e-01,7.927286230590772087e-01,-8.047873910245392226e-01,-9.931709503557166821e-06,2.606523899306897242e-05
1.091666666666666563e+00,3.342068641612251367e-01,7.927285816769105153e-01,-8.047872824192576768e-01,-9.931720004786616905e-06,2.606526755974433431e-05
1.095833333333333437e+00,3.342068564330356595e-01,7.927285402947000792e-01,-8.047871738138571152e-01,-9.931730506009028145e-06,2.606529612640460546e-05
1.100000000000000089e+00,3.342068487048366343e-01,7.927284989124459003e-01,-8.047870652083375376e-01,-9.931741007204459692e-06,2.606532469299751038e-05
1.104166666666666741e+00,3.342068409766280057e-01,7.927284575301479785e-01,-8.047869566026989441e-01,-9.931751508571667826e-06,2.606535326004470279e-05
1.108333333333333393e+00,3.342068332484098292e-01,7.927284161478063140e-01,-8.047868479969413347e-01,-9.931762009800672371e-06,2.606538182673255672e-05
1.112500000000000044e+00,3.342068255201820492e-01,7.927283747654207957e-01,-8.047867393910647094e-01,-9.931772511201775375e-06,2.606541039387553501e-05
1.116666666666666696e+00,3.342068177919447769e-01,7.927283333829915346e-01,-8.047866307850690681e-01,-9.931783012512510129e-06,2.606543896078475592e-05
1.120833333333333348e+00,3.342068100636978456e-01,7.927282920005185307e-01,-8.047865221789544110e-01,-9.931793513934096085e-06,2.606546752798834449e-05
1.125000000000000000e+00,3.342068023354414219e-01,7.927282506180017840e-01,-8.047864135727207380e-01,-9.931804015221347697e-06,2.606549609484278948e-05
1.129166666666666652e+00,3.342067946071753948e-01,7.927282092354412946e-01,-8.047863049663679380e-01,-9.931814516595701401e-06,2.606552466192923678e-05
1.133333333333333304e+00,3.342067868788998197e-01,7.927281678528370623e-01,-8.047861963598961221e-01,-9.931825018057499399e-06,2.606555322924863170e-05
1.137499999999999956e+00,3.342067791506146412e-01,7.927281264701890873e-01,-8.047860877533052903e-01,-9.931835519430440252e-06,2.606558179633825030e-05
1.141666666666666607e+00,3.342067714223199149e-01,7.927280850874973694e-01,-8.047859791465954427e-01,-9.931846021050038794e-06,2.606561036407863076e-05
1.145833333333333259e+00,3.342067636940156405e-01,7.927280437047619088e-01,-8.047858705397665791e-01,-9.931856522376807881e-06,2.606563893105392024e-05
1.149999999999999911e+00,3.342067559657018183e-01,7.927280023219825944e-01,-8.047857619328186995e-01,-9.931867023846840733e-06,2.606566749840864321e-05
1.154166666666666563e+00,3.342067482373783927e-01,7.927279609391595372e-01,-8.047856533257518041e-01,-9.931877525518724925e-06,2.606569606629650565e-05
1.158333333333333437e+00,3.342067405090453636e-01,7.927279195562927372e-01,-8.047855447185657818e-01,-9.931888027008813823e-06,2.606572463371069034e-05
1.162500000000000089e+00,3.342067327807028421e-01,7.927278781733821944e-01,-8.047854361112607435e-01,-9.931898528517625537e-06,2.606575320117746221e-05
1.166666666666666741e+00,3.342067250523507171e-01,7.927278367904279088e-01,-8.047853275038366894e-01,-9.931909030144454352e-06,2.606578176895735168e-05
1.170833333333333393e+00,3.342067173239889888e-01,7.927277954074298805e-01,-8.047852188962936193e-01,-9.931919531706952708e-06,2.606581033657184949e-05
1.175000000000000044e+00,3.342067095956177125e-01,7.927277540243881093e-01,-8.047851102886315333e-01,-9.931930033331513169e-06,2.606583890435267746e-05
1.179166666666666696e+00,3.342067018672368883e-01,7.927277126413025954e-01,-8.047850016808504314e-01,-9.931940534943474862e-06,2.606586747210384912e-05
1.183333333333333348e+00,3.342066941388464607e-01,7.927276712581732276e-01,-8.047848930729503136e-01,-9.931951036636883854e-06,2.606589604007216615e-05
1.187500000000000000e+00,3.342066864104464852e-01,7.927276298750001171e-01,-8.047847844649310689e-01,-9.931961538224359518e-06,2.606592460776593269e-05
1.191666666666666652e+00,3.342066786820369617e-01,7.927275884917832638e-01,-8.047846758567928083e-01,-9.931972039964987210e-06,2.606595317586506887e-05
1.195833333333333304e+00,3.342066709536178348e-01,7.927275471085226677e-01,-8.047845672485355317e-01,-9.931982541674682952e-06,2.606598174388643726e-05
1.199999999999999956e+00,3.342066632251891600e-01,7.927275057252183288e-01,-8.047844586401592393e-01,-9.931993043403477593e-06,2.606601031196136524e-05
1.204166666666666607e+00,3.342066554967509373e-01,7.927274643418702471e-01,-8.047843500316639309e-01,-9.932003545151350804e-06,2.606603888008978505e-05
1.208333333333333259e+00,3.342066477683031112e-01,7.927274229584784226e-01,-8.047842414230496066e-01,-9.932014046856179495e-06,2.606606744810866316e-05
1.212499999999999911e+00,3.342066400398456816e-01,7.927273815750428554e-01,-8.047841328143161554e-01,-9.932024548671117387e-06,2.606609601641992689e-05
1.216666666666666563e+00,3.342066323113787596e-01,7.927273401915634343e-01,-8.047840242054636883e-01,-9.932035050493078876e-06,2.606612458475307455e-05
1.220833333333333437e+00,3.342066245829022342e-01,7.927272988080402705e-01,-8.047839155964922053e-01,-9.932045552381029314e-06,2.606615315326281843e-05
1.225000000000000089e+00,3.342066168544161053e-01,7.927272574244733638e-01,-8.047838069874017064e-01,-9.932056054158524961e-06,2.606618172148610592e-05
1.229166666666666741e+00,3.342066091259204841e-01,7.927272160408627144e-01,-8.047836983781921916e-01,-9.932066556063382176e-06,2.606621029004707496e-05
1.233333333333333393e+00,3.342066013974152039e-01,7.927271746572083222e-01,-8.047835897688636608e-01,-9.932077058007057218e-06,2.606623885871336746e-05
1.237500000000000044e+00,3.342065936689004313e-01,7.927271332735101872e-01,-8.047834811594160032e-01,-9.932087559987825526e-06,2.606626742748038912e-05
1.241666666666666696e+00,3.342065859403760553e-01,7.927270918897683094e-01,-8.047833725498493296e-01,-9.932098061836036566e-06,2.606629599590298347e-05
1.245833333333333348e+00,3.342065782118420758e-01,7.927270505059825778e-01,-8.047832639401636401e-01,-9.932108563695758784e-06,2.606632456435920502e-05
1.250000000000000000e+00,3.342065704832986039e-01,7.927270091221531034e-01,-8.047831553303589347e-01,-9.932119065791660892e-06,2.606635313343870730e-05
1.254166666666666652e+00,3.342065627547454731e-01,7.927269677382798863e-01,-8.047830467204352134e-01,-9.932129567762740838e-06,2.606638170219401280e-05
1.258333333333333304e+00,3.342065550261828499e-01,7.927269263543629263e-01,-8.047829381103923652e-01,-9.932140069674077855e-06,2.606641027079598840e-05
1.262499999999999956e+00,3.342065472976106233e-01,7.927268849704022236e-01,-8.047828295002305010e-01,-9.932150571716889632e-06,2.606643883974639608e-05
1.266666666666666607e+00,3.342065395690288487e-01,7.927268435863977780e-01,-8.047827208899496210e-01,-9.932161073886944393e-06,2.606646740903420409e-05
1.270833333333333259e+00,3.342065318404374707e-01,7.927268022023495897e-01,-8.047826122795497250e-01,-9.932171575815211905e-06,2.606649597769088446e-05
1.274999999999999911e+00,3.342065241118365448e-01,7.927267608182575476e-01,-8.047825036690308131e-01,-9.932182078018355161e-06,2.606652454707239125e-05
1.279166666666666563e+00,3.342065163832260155e-01,7.927267194341217627e-01,-8.047823950583928854e-01,-9.932192580035486594e-06,2.606655311596913771e-05
1.283333333333333437e+00,3.342065086546059938e-01,7.927266780499422349e-01,-8.047822864476358307e-01,-9.932203082156432078e-06,2.606658168514174585e-05
1.287500000000000089e+00,3.342065009259763131e-01,7.927266366657189645e-01,-8.047821778367597600e-01,-9.932213584279764502e-06,2.606661025432407115e-05
1.291666666666666741e+00,3.342064931973371400e-01,7.927265952814519512e-01,-8.047820692257646735e-01,-9.932224086534429384e-06,2.606663882385449650e-05
1.295833333333333393e+00,3.342064854686883635e-01,7.927265538971411951e-01,-8.047819606146505711e-01,-9.932234588607637786e-06,2.606666739291210128e-05
1.300000000000000044e+00,3.342064777400299835e-01,7.927265125127866963e-01,-8.047818520034173417e-01,-9.932245090902111522e-06,2.606669596255386064e-05
1.304166666666666696e+00,3.342064700113620557e-01,7.927264711283883436e-01,-8.047817433920650965e-01,-9.932255593066614829e-06,2.606672453185792830e-05
1.308333333333333348e+00,3.342064622826845799e-01,7.927264297439462482e-01,-8.047816347805938353e-01,-9.932266095369528402e-06,2.606675310152866296e-05
1.312500000000000000e+00,3.342064545539975007e-01,7.927263883594604099e-01,-8.047815261690035582e-01,-9.932276597606297172e-06,2.606678167102924226e-05
1.316666666666666652e+00,3.342064468253008735e-01,7.927263469749308289e-01,-8.047814175572942652e-01,-9.932287099960539247e-06,2.606681024084154662e-05
1.320833333333333304e+00,3.342064390965946985e-01,7.927263055903575051e-01,-8.047813089454658453e-01,-9.932297602185957775e-06,2.606683881031920521e-05
1.324999999999999956e+00,3.342064313678789200e-01,7.927262642057404385e-01,-8.047812003335184095e-01,-9.932308104504246690e-06,2.606686738004400429e-05
1.329166666666666607e+00,3.342064236391535936e-01,7.927262228210796291e-01,-8.047810917214519577e-01,-9.932318606936602144e-06,2.606689595007161426e-05
1.333333333333333259e+00,3.342064159104186638e-01,7.927261814363749659e-01,-8.047809831092664901e-01,-9.932329109319778864e-06,2.606692451997353132e-05
1.337499999999999911e+00,3.342064081816741861e-01,7.927261400516265599e-01,-8.047808744969618955e-01,-9.932339611573196914e-06,2.606695308953837332e-05
1.341666666666666563e+00,3.342064004529201604e-01,7.927260986668344112e-01,-8.047807658845382850e-01,-9.932350114077167309e-06,2.606698165976420255e-05
1.345833333333333437e+00,3.342063927241565313e-01,7.927260572819985196e-01,-8.047806572719956586e-01,-9.932360616521410023e-06,2.606701022983671205e-05
1.350000000000000089e+00,3.342063849953833543e-01,7.927260158971188853e-01,-8.047805486593340163e-01,-9.932371118872042044e-06,2.606703879966694641e-05
1.354166666666666741e+00,3.342063772666005739e-01,7.927259745121955081e-01,-8.047804400465533581e-01,-9.932381621370179770e-06,2.606706736988774765e-05
1.358333333333333393e+00,3.342063695378082455e-01,7.927259331272282772e-01,-8.047803314336535729e-01,-9.932392123892007314e-06,2.606709594017414313e-05
1.362500000000000044e+00,3.342063618090063137e-01,7.927258917422173035e-01,-8.047802228206347719e-01,-9.932402626342621410e-06,2.606712451027707467e-05
1.366666666666666696e+00,3.342063540801948340e-01,7.927258503571625869e-01,-8.047801142074969549e-01,-9.932413128930603921e-06,2.606715308074393221e-05
1.370833333333333348e+00,3.342063463513738064e-01,7.927258089720641276e-01,-8.047800055942401221e-01,-9.932423631414931623e-06,2.606718165094218205e-05
1.375000000000000000e+00,3.342063386225432309e-01,7.927257675869219256e-01,-8.047798969808641623e-01,-9.932434133964650267e-06,2.606721022131549328e-05
1.379166666666666652e+00,3.342063308937029964e-01,7.927257262017359807e-01,-8.047797883673691866e-01,-9.932444636553290076e-06,2.606723879179435836e-05
1.383333333333333304e+00,3.342063231648532695e-01,7.927256848165061820e-01,-8.047796797537551949e-01,-9.932455139144040691e-06,2.606726736228219521e-05
1.387499999999999956e+00,3.342063154359939392e-01,7.927256434312326405e-01,-8.047795711400221874e-01,-9.932465641810592284e-06,2.606729593297238485e-05
1.391666666666666607e+00,3.342063077071250610e-01,7.927256020459153563e-01,-8.047794625261700530e-01,-9.932476144485460047e-06,2.606732450368782285e-05
1.395833333333333259e+00,3.342062999782465793e-01,7.927255606605543292e-01,-8.047793539121989026e-01,-9.932486647141786258e-06,2.606735307435805978e-05
1.399999999999999911e+00,3.342062922493585497e-01,7.927255192751495594e-01,-8.047792452981087363e-01,-9.932497149804878569e-06,2.606738164504945559e-05
1.404166666666666563e+00,3.342062845204609722e-01,7.927254778897010468e-01,-8.047791366838995541e-01,-9.932507652542367477e-06,2.606741021593953823e-05
1.408333333333333437e+00,3.342062767915537913e-01,7.927254365042086803e-01,-8.047790280695712450e-01,-9.932518155235373604e-06,2.606743878671630819e-05
1.412500000000000089e+00,3.342062690626370070e-01,7.927253951186725711e-01,-8.047789194551239200e-01,-9.932528657877628904e-06,2.606746735736329915e-05
1.416666666666666741e+00,3.342062613337107302e-01,7.927253537330927191e-01,-8.047788108405575791e-01,-9.932539160717637598e-06,2.606749592853270276e-05
1.420833333333333393e+00,3.342062536047748500e-01,7.927253123474691243e-01,-8.047787022258721112e-01,-9.932549663531459422e-06,2.606752449963682384e-05
1.425000000000000044e+00,3.342062458758293664e-01,7.927252709618017867e-01,-8.047785936110676275e-01,-9.932560166320851121e-06,2.606755307068027365e-05
1.429166666666666696e+00,3.342062381468743348e-01,7.927252295760907064e-01,-8.047784849961441278e-01,-9.932570669139675521e-06,2.606758164180435422e-05
1.433333333333333348e+00,3.342062304179097554e-01,7.927251881903357722e-01,-8.047783763811016122e-01,-9.932581171982709817e-06,2.606761021299541477e-05
1.437500000000000000e+00,3.342062226889355725e-01,7.927251468045370952e-01,-8.047782677659399697e-01,-9.932591674862730654e-06,2.606763878428698425e-05
1.441666666666666652e+00,3.342062149599518417e-01,7.927251054186946755e-01,-8.047781591506593113e-01,-9.932602177758452093e-06,2.606766735562317881e-05
1.445833333333333304e+00,3.342062072309585075e-01,7.927250640328085129e-01,-8.047780505352596370e-01,-9.932612680685713651e-06,2.606769592704556745e-05
1.449999999999999956e+00,3.342061995019556253e-01,7.927250226468786076e-01,-8.047779419197409467e-01,-9.932623183552659687e-06,2.606772449831307780e-05
1.454166666666666607e+00,3.342061917729431952e-01,7.927249812609049595e-01,-8.047778333041031296e-01,-9.932633686455677468e-06,2.606775306967870507e-05
1.458333333333333259e+00,3.342061840439211617e-01,7.927249398748874576e-01,-8.047777246883462965e-01,-9.932644189431247010e-06,2.606778164123815718e-05
1.462499999999999911e+00,3.342061763148895803e-01,7.927248984888262129e-01,-8.047776160724704475e-01,-9.932654692396132077e-06,2.606781021277301485e-05
1.466666666666666563e+00,3.342061685858484510e-01,7.927248571027212254e-01,-8.047775074564754716e-01,-9.932665195417073785e-06,2.606783878445840383e-05
1.470833333333333437e+00,3.342061608567977182e-01,7.927248157165724951e-01,-8.047773988403614798e-01,-9.932675698396285568e-06,2.606786735603768330e-05
1.475000000000000089e+00,3.342061531277373820e-01,7.927247743303800220e-01,-8.047772902241284720e-01,-9.932686201434859114e-06,2.606789592777619818e-05
1.479166666666666741e+00,3.342061453986675534e-01,7.927247329441438062e-01,-8.047771816077763374e-01,-9.932696704550129799e-06,2.606792449971943415e-05
1.483333333333333393e+00,3.342061376695880659e-01,7.927246915578637365e-01,-8.047770729913051868e-01,-9.932707207532746654e-06,2.606795307131796159e-05
1.487500000000000044e+00,3.342061299404990304e-01,7.927246501715399241e-01,-8.047769643747150203e-01,-9.932717710752046538e-06,2.606798164354100981e-05
1.491666666666666696e+00,3.342061222114004471e-01,7.927246087851723688e-01,-8.047768557580058379e-01,-9.932728213867551004e-06,2.606801021549516573e-05
1.495833333333333348e+00,3.342061144822923158e-01,7.927245673987610708e-01,-8.047767471411775286e-01,-9.932738717018039625e-06,2.606803878754453154e-05
1.500000000000000000e+00,3.342061067531745810e-01,7.927245260123060300e-01,-8.047766385242302034e-01,-9.932749220128729556e-06,2.606806735949288359e-05
1.504166666666666652e+00,3.342060990240472984e-01,7.927244846258071354e-01,-8.047765299071638623e-01,-9.932759723354471973e-06,2.606809593174660796e-05
1.508333333333333304e+00,3.342060912949104123e-01,7.927244432392644979e-01,-8.047764212899783942e-01,-9.932770226421168706e-06,2.606812450358633989e-05
1.512499999999999956e+00,3.342060835657639783e-01,7.927244018526781177e-01,-8.047763126726739102e-01,-9.932780729699259453e-06,2.606815307598429703e-05
1.516666666666666607e+00,3.342060758366079409e-01,7.927243604660479948e-01,-8.047762040552504104e-01,-9.932791232934076980e-06,2.606818164827209245e-05
1.520833333333333259e+00,3.342060681074423556e-01,7.927243190793741290e-01,-8.047760954377077836e-01,-9.932801736168967352e-06,2.606821022056355383e-05
1.524999999999999911e+00,3.342060603782671668e-01,7.927242776926564094e-01,-8.047759868200461408e-01,-9.932812239579415467e-06,2.606823879331914183e-05
1.529166666666666563e+00,3.342060526490824857e-01,7.927242363058949470e-01,-8.047758782022654822e-01,-9.932822742766436619e-06,2.606826736549178820e-05
1.533333333333333437e+00,3.342060449198881456e-01,7.927241949190897419e-01,-8.047757695843656967e-01,-9.932833246108286923e-06,2.606829593807421895e-05
1.537500000000000089e+00,3.342060371906843130e-01,7.927241535322407939e-01,-8.047756609663468952e-01,-9.932843749437789182e-06,2.606832451062767101e-05
1.541666666666666741e+00,3.342060294614708771e-01,7.927241121453481032e-01,-8.047755523482090778e-01,-9.932854252693452190e-06,2.606835308299075072e-05
1.545833333333333393e+00,3.342060217322478377e-01,7.927240707584116697e-01,-8.047754437299521335e-01,-9.932864756179309954e-06,2.606838165596141055e-05
1.550000000000000044e+00,3.342060140030152504e-01,7.927240293714313824e-01,-8.047753351115761733e-01,-9.932875259506830155e-06,2.606841022851992109e-05
1.554166666666666696e+00,3.342060062737731152e-01,7.927239879844073522e-01,-8.047752264930811972e-01,-9.932885762872194094e-06,2.606843880118121060e-05
1.558333333333333348e+00,3.342059985445213766e-01,7.927239465973395793e-01,-8.047751178744670941e-01,-9.932896266363542325e-06,2.606846737417653603e-05
1.562500000000000000e+00,3.342059908152600900e-01,7.927239052102280636e-01,-8.047750092557339752e-01,-9.932906769849865957e-06,2.606849594716210026e-05
1.566666666666666652e+00,3.342059830859892000e-01,7.927238638230728052e-01,-8.047749006368818403e-01,-9.932917273289755243e-06,2.606852452002925944e-05
1.570833333333333304e+00,3.342059753567087621e-01,7.927238224358736929e-01,-8.047747920179105785e-01,-9.932927776786219554e-06,2.606855309304828824e-05
1.574999999999999956e+00,3.342059676274187763e-01,7.927237810486308378e-01,-8.047746833988203008e-01,-9.932938280291281249e-06,2.606858166609335144e-05
1.579166666666666607e+00,3.342059598981191870e-01,7.927237396613442399e-01,-8.047745747796110072e-01,-9.932948783849348572e-06,2.606861023928092624e-05
1.583333333333333259e+00,3.342059521688100499e-01,7.927236982740138993e-01,-8.047744661602825866e-01,-9.932959287452290006e-06,2.606863881258969113e-05
1.587499999999999911e+00,3.342059444394913093e-01,7.927236568866398159e-01,-8.047743575408351502e-01,-9.932969791099194144e-06,2.606866738601727103e-05
1.591666666666666563e+00,3.342059367101630207e-01,7.927236154992218786e-01,-8.047742489212686978e-01,-9.932980294600410310e-06,2.606869595906593582e-05
1.595833333333333437e+00,3.342059289808251288e-01,7.927235741117601986e-01,-8.047741403015831185e-01,-9.932990798187561356e-06,2.606872453234353667e-05
1.600000000000000089e+00,3.342059212514776889e-01,7.927235327242547758e-01,-8.047740316817785233e-01,-9.933001301786618297e-06,2.606875310565583877e-05
1.604166666666666741e+00,3.342059135221207011e-01,7.927234913367056102e-01,-8.047739230618549122e-01,-9.933011805404542050e-06,2.606878167902103638e-05
1.608333333333333393e+00,3.342059057927541099e-01,7.927234499491127018e-01,-8.047738144418121742e-01,-9.933022309120006729e-06,2.606881025264569035e-05
1.612500000000000044e+00,3.342058980633779708e-01,7.927234085614759396e-01,-8.047737058216504202e-01,-9.933032812822257694e-06,2.606883882623909219e-05
1.616666666666666696e+00,3.342058903339922282e-01,7.927233671737954346e-01,-8.047735972013695394e-01,-9.933043316494499976e-06,2.606886739975715892e-05
1.620833333333333348e+00,3.342058826045969377e-01,7.927233257860711868e-01,-8.047734885809696426e-01,-9.933053820303992088e-06,2.606889597363883657e-05
1.625000000000000000e+00,3.342058748751920438e-01,7.927232843983031962e-01,-8.047733799604507299e-01,-9.933064324028929984e-06,2.606892454730208136e-05
1.629166666666666652e+00,3.342058671457776020e-01,7.927232430104914629e-01,-8.047732713398126903e-01,-9.933074827793166820e-06,2.606895312107184562e-05
1.633333333333333304e+00,3.342058594163536123e-01,7.927232016226358757e-01,-8.047731627190556347e-01,-9.933085331548626701e-06,2.606898169482203665e-05
1.637499999999999956e+00,3.342058516869200191e-01,7.927231602347365458e-01,-8.047730540981795633e-01,-9.933095835454152021e-06,2.606901026896947258e-05
1.641666666666666607e+00,3.342058439574768780e-01,7.927231188467934730e-01,-8.047729454771843649e-01,-9.933106339226647428e-06,2.606903884277119370e-05
1.645833333333333259e+00,3.342058362280241335e-01,7.927230774588066575e-01,-8.047728368560701506e-01,-9.933116843053634159e-06,2.606906741671937360e-05
1.649999999999999911e+00,3.342058284985618410e-01,7.927230360707760992e-01,-8.047727282348368094e-01,-9.933127346927189067e-06,2.606909599079320914e-05
1.654166666666666563e+00,3.342058207690900007e-01,7.927229946827016871e-01,-8.047726196134844523e-01,-9.933137850783313732e-06,2.606912456482472692e-05
1.658333333333333437e+00,3.342058130396085569e-01,7.927229532945835322e-01,-8.047725109920130793e-01,-9.933148354810320517e-06,2.606915313930813338e-05
1.662500000000000089e+00,3.342058053101175097e-01,7.927229119064216345e-01,-8.047724023704225793e-01,-9.933158858648860777e-06,2.606918171330031156e-05
1.666666666666666741e+00,3.342057975806169701e-01,7.927228705182159940e-01,-8.047722937487130634e-01,-9.933169362575841442e-06,2.606921028752806654e-05
1.670833333333333393e+00,3.342057898511067715e-01,7.927228291299664997e-01,-8.047721851268844206e-01,-9.933179866628743718e-06,2.606923886208970496e-05
1.675000000000000044e+00,3.342057821215870805e-01,7.927227877416732627e-01,-8.047720765049367619e-01,-9.933190370644078389e-06,2.606926743655619449e-05
1.679166666666666696e+00,3.342057743920577861e-01,7.927227463533362828e-01,-8.047719678828700873e-01,-9.933200874527579159e-06,2.606929601068009984e-05
1.683333333333333348e+00,3.342057666625188883e-01,7.927227049649555601e-01,-8.047718592606842858e-01,-9.933211378663797290e-06,2.606932458547068449e-05
1.687500000000000000e+00,3.342057589329704426e-01,7.927226635765310947e-01,-8.047717506383794683e-01,-9.933221882645897776e-06,2.606935315986020583e-05
1.691666666666666652e+00,3.342057512034124489e-01,7.927226221880627755e-01,-8.047716420159555240e-01,-9.933232386789066660e-06,2.606938173467591348e-05
1.695833333333333304e+00,3.342057434738448518e-01,7.927225807995507134e-01,-8.047715333934125637e-01,-9.933242890864920141e-06,2.606941030931835885e-05
1.699999999999999956e+00,3.342057357442677068e-01,7.927225394109949086e-01,-8.047714247707505875e-01,-9.933253394987030091e-06,2.606943888408563316e-05
1.704166666666666607e+00,3.342057280146809584e-01,7.927224980223953610e-01,-8.047713161479694843e-01,-9.933263899058543376e-06,2.606946745872354182e-05
1.708333333333333259e+00,3.342057202850846620e-01,7.927224566337519596e-01,-8.047712075250693653e-01,-9.933274403242801828e-06,2.606949603366076482e-05
1.712499999999999911e+00,3.342057125554787622e-01,7.927224152450648154e-01,-8.047710989020501193e-01,-9.933284907337843993e-06,2.606952460836727638e-05
1.716666666666666563e+00,3.342057048258633145e-01,7.927223738563339284e-01,-8.047709902789118575e-01,-9.933295411530774368e-06,2.606955318333412859e-05
1.720833333333333437e+00,3.342056970962383189e-01,7.927223324675592986e-01,-8.047708816556545797e-01,-9.933305915788013179e-06,2.606958175847317921e-05
1.725000000000000089e+00,3.342056893666037198e-01,7.927222910787409260e-01,-8.047707730322781750e-01,-9.933316420000333832e-06,2.606961033349778213e-05
1.729166666666666741e+00,3.342056816369595729e-01,7.927222496898786996e-01,-8.047706644087827543e-01,-9.933326924300188565e-06,2.606963890875551901e-05
1.733333333333333393e+00,3.342056739073058225e-01,7.927222083009727305e-01,-8.047705557851682068e-01,-9.933337428575618255e-06,2.606966748395257106e-05
1.737500000000000044e+00,3.342056661776425242e-01,7.927221669120230185e-01,-8.047704471614346433e-01,-9.933347932751331838e-06,2.606969605889139326e-05
1.741666666666666696e+00,3.342056584479696779e-01,7.927221255230295638e-01,-8.047703385375819529e-01,-9.933358437066905808e-06,2.606972463420064668e-05
1.745833333333333348e+00,3.342056507182872283e-01,7.927220841339922552e-01,-8.047702299136102466e-01,-9.933368941427652045e-06,2.606975320963192367e-05
1.750000000000000000e+00,3.342056429885951752e-01,7.927220427449112039e-01,-8.047701212895195244e-01,-9.933379445763830938e-06,2.606978178500212281e-05
1.754166666666666652e+00,3.342056352588935741e-01,7.927220013557864098e-01,-8.047700126653096753e-01,-9.933389950089260983e-06,2.606981036034757164e-05
1.758333333333333304e+00,3.342056275291824252e-01,7.927219599666178729e-01,-8.047699040409808102e-01,-9.933400454543140186e-06,2.606983893603353450e-05
1.762499999999999956e+00,3.342056197994616729e-01,7.927219185774055932e-01,-8.047697954165328182e-01,-9.933410958899929085e-06,2.606986751146813186e-05
1.766666666666666607e+00,3.342056120697313726e-01,7.927218771881494597e-01,-8.047696867919658104e-01,-9.933421463373784714e-06,2.606989608721338024e-05
1.770833333333333259e+00,3.342056043399915244e-01,7.927218357988495834e-01,-8.047695781672796755e-01,-9.933431967751319143e-06,2.606992466270926891e-05
1.774999999999999911e+00,3.342055966102420728e-01,7.927217944095059643e-01,-8.047694695424745248e-01,-9.933442472268270114e-06,2.606995323857448765e-05
1.779166666666666563e+00,3.342055888804830177e-01,7.927217530201186024e-01,-8.047693609175502472e-01,-9.933452976682111764e-06,2.606998181417250816e-05
1.783333333333333437e+00,3.342055811507144147e-01,7.927217116306873868e-01,-8.047692522925069536e-01,-9.933463481251399206e-06,2.607001039018193257e-05
1.787500000000000089e+00,3.342055734209362639e-01,7.927216702412124283e-01,-8.047691436673446441e-01,-9.933473985705102227e-06,2.607003896589141584e-05
1.791666666666666741e+00,3.342055656911485095e-01,7.927216288516937270e-01,-8.047690350420632077e-01,-9.933484490375632129e-06,2.607006754217340190e-05
1.795833333333333393e+00,3.342055579613512073e-01,7.927215874621312830e-01,-8.047689264166627554e-01,-9.933494994836797510e-06,2.607009611790934986e-05
1.800000000000000044e+00,3.342055502315443016e-01,7.927215460725249851e-01,-8.047688177911431762e-01,-9.933505499422629200e-06,2.607012469397590156e-05
1.804166666666666696e+00,3.342055425017278480e-01,7.927215046828749445e-01,-8.047687091655045810e-01,-9.933516004074239775e-06,2.607015327021850059e-05
1.808333333333333348e+00,3.342055347719018465e-01,7.927214632931811611e-01,-8.047686005397468589e-01,-9.933526508668811151e-06,2.607018184631483735e-05
1.812500000000000000e+00,3.342055270420661861e-01,7.927214219034436349e-01,-8.047684919138701209e-01,-9.933537013295954332e-06,2.607021042250007870e-05
1.816666666666666652e+00,3.342055193122210333e-01,7.927213805136622549e-01,-8.047683832878742560e-01,-9.933547517968122396e-06,2.607023899880695059e-05
1.820833333333333304e+00,3.342055115823662770e-01,7.927213391238371321e-01,-8.047682746617593752e-01,-9.933558022593693483e-06,2.607026757499492954e-05
1.824999999999999956e+00,3.342055038525019728e-01,7.927212977339682665e-01,-8.047681660355253674e-01,-9.933568527356910813e-06,2.607029615154760023e-05
1.829166666666666607e+00,3.342054961226280652e-01,7.927212563440556581e-01,-8.047680574091723438e-01,-9.933579032099721425e-06,2.607032472805011301e-05
1.833333333333333259e+00,3.342054883927446096e-01,7.927212149540993069e-01,-8.047679487827001932e-01,-9.933589536848340989e-06,2.607035330457132150e-05
1.837499999999999911e+00,3.342054806628515506e-01,7.927211735640991019e-01,-8.047678401561090267e-01,-9.933600041589178014e-06,2.607038188107550802e-05
1.841666666666666563e+00,3.342054729329489438e-01,7.927211321740551542e-01,-8.047677315293987332e-01,-9.933610546381011505e-06,2.607041045771698164e-05
1.845833333333333437e+00,3.342054652030367334e-01,7.927210907839674636e-01,-8.047676229025694239e-01,-9.933621051155535031e-06,2.607043903431645597e-05
1.850000000000000089e+00,3.342054574731150307e-01,7.927210493938360303e-01,-8.047675142756210986e-01,-9.933631555915955458e-06,2.607046761088234037e-05
1.854166666666666741e+00,3.342054497431836690e-01,7.927210080036607431e-01,-8.047674056485536465e-01,-9.933642060830666324e-06,2.607049618785656241e-05
1.858333333333333393e+00,3.342054420132427595e-01,7.927209666134417132e-01,-8.047672970213671784e-01,-9.933652565685612240e-06,2.607052476467739357e-05
1.862500000000000044e+00,3.342054342832923020e-01,7.927209252231789405e-01,-8.047671883940615833e-01,-9.933663070552504708e-06,2.607055334153299711e-05
1.866666666666666696e+00,3.342054265533322410e-01,7.927208838328724250e-01,-8.047670797666369724e-01,-9.933673575506340027e-06,2.607058191862019980e-05
1.870833333333333348e+00,3.342054188233626322e-01,7.927208424425220556e-01,-8.047669711390932346e-01,-9.933684080336046055e-06,2.607061049538505562e-05
1.875000000000000000e+00,3.342054110933834199e-01,7.927208010521279435e-01,-8.047668625114304808e-01,-9.933694585299296991e-06,2.607063907250382892e-05
1.879166666666666652e+00,3.342054033633946597e-01,7.927207596616900886e-01,-8.047667538836486001e-01,-9.933705090272141423e-06,2.607066764965120144e-05
1.883333333333333304e+00,3.342053956333963516e-01,7.927207182712084910e-01,-8.047666452557477035e-01,-9.933715595262976834e-06,2.607069622684922652e-05
1.887499999999999956e+00,3.342053879033884400e-01,7.927206768806830395e-01,-8.047665366277276799e-01,-9.933726100211873951e-06,2.607072480394059661e-05
1.891666666666666607e+00,3.342053801733709251e-01,7.927206354901138452e-01,-8.047664279995886405e-01,-9.933736605213990147e-06,2.607075338117510171e-05
1.895833333333333259e+00,3.342053724433439177e-01,7.927205940995009081e-01,-8.047663193713304741e-01,-9.933747110346776422e-06,2.607078195875596198e-05
1.899999999999999911e+00,3.342053647133072514e-01,7.927205527088442283e-01,-8.047662107429532918e-01,-9.933757615445330707e-06,2.607081053625037744e-05
1.904166666666666563e+00,3.342053569832610371e-01,7.927205113181436946e-01,-8.047661021144569826e-01,-9.933768120433118494e-06,2.607083911345752338e-05
1.908333333333333437e+00,3.342053492532052750e-01,7.927204699273994182e-01,-8.047659934858416575e-01,-9.933778625495324902e-06,2.607086769086341713e-05
1.912500000000000089e+00,3.342053415231399094e-01,7.927204285366113989e-01,-8.047658848571072054e-01,-9.933789130688792617e-06,2.607089626861724152e-05
1.916666666666666741e+00,3.342053337930649959e-01,7.927203871457796369e-01,-8.047657762282536265e-01,-9.933799635803913173e-06,2.607092484616887915e-05
1.920833333333333393e+00,3.342053260629804790e-01,7.927203457549040211e-01,-8.047656675992810316e-01,-9.933810140950843204e-06,2.607095342380741558e-05
1.925000000000000044e+00,3.342053183328864696e-01,7.927203043639846625e-01,-8.047655589701893097e-01,-9.933820646184829588e-06,2.607098200167784591e-05
1.929166666666666696e+00,3.342053106027828013e-01,7.927202629730215611e-01,-8.047654503409785720e-01,-9.933831151371607437e-06,2.607101057942783493e-05
1.933333333333333348e+00,3.342053028726695851e-01,7.927202215820146058e-01,-8.047653417116487073e-01,-9.933841656609451208e-06,2.607103915731526353e-05
1.937500000000000000e+00,3.342052951425468210e-01,7.927201801909639078e-01,-8.047652330821998268e-01,-9.933852161789872922e-06,2.607106773505539309e-05
1.941666666666666652e+00,3.342052874124144535e-01,7.927201387998694671e-01,-8.047651244526318193e-01,-9.933862666979647574e-06,2.607109631282352895e-05
1.945833333333333304e+00,3.342052796822724825e-01,7.927200974087312835e-01,-8.047650158229447959e-01,-9.933873172339838478e-06,2.607112489104231683e-05
1.949999999999999956e+00,3.342052719521210191e-01,7.927200560175492461e-01,-8.047649071931386455e-01,-9.933883677546394547e-06,2.607115346886133904e-05
1.954166666666666607e+00,3.342052642219598968e-01,7.927200146263234659e-01,-8.047647985632134793e-01,-9.933894182901471066e-06,2.607118204707356749e-05
1.958333333333333259e+00,3.342052564917892821e-01,7.927199732350539430e-01,-8.047646899331691861e-01,-9.933904688216703156e-06,2.607121062518466022e-05
1.962499999999999911e+00,3.342052487616090639e-01,7.927199318437406772e-01,-8.047645813030058770e-01,-9.933915193629879359e-06,2.607123920355622912e-05
1.966666666666666563e+00,3.342052410314192423e-01,7.927198904523835576e-01,-8.047644726727234410e-01,-9.933925698972155517e-06,2.607126778174515401e-05
1.970833333333333437e+00,3.342052333012198728e-01,7.927198490609826953e-01,-8.047643640423219891e-01,-9.933936204393019391e-06,2.607129636014376698e-05
1.975000000000000089e+00,3.342052255710108999e-01,7.927198076695380902e-01,-8.047642554118014102e-01,-9.933946709841638841e-06,2.607132493861862309e-05
1.979166666666666741e+00,3.342052178407924345e-01,7.927197662780497422e-01,-8.047641467811617044e-01,-9.933957215183852318e-06,2.607135351681767849e-05
1.983333333333333393e+00,3.342052101105643103e-01,7.927197248865175405e-01,-8.047640381504029827e-01,-9.933967720730866503e-06,2.607138209555765252e-05
1.987500000000000044e+00,3.342052023803266381e-01,7.927196834949415960e-01,-8.047639295195251341e-01,-9.933978226158210180e-06,2.607141067398695180e-05
1.991666666666666696e+00,3.342051946500794180e-01,7.927196421033219087e-01,-8.047638208885282696e-01,-9.933988731626848407e-06,2.607143925252810348e-05
1.995833333333333348e+00,3.342051869198225944e-01,7.927196007116583676e-01,-8.047637122574122781e-01,-9.933999237216095655e-06,2.607146783138917950e-05
2.000000000000000000e+00,3.342051791895562229e-01,7.927195593199510837e-01,-8.047636036261772707e-01,-9.934009742745676208e-06,2.607149641009711197e-05
