# Time, SliderHeight, Motor1Pos, Motor2Pos, Motor1Vel, Motor2Vel
0.000000000000000000e+00,2.874645000000566331e-01,0.000000000000000000e+00,0.000000000000000000e+00,0.000000000000000000e+00,0.000000000000000000e+00
4.166666666666666609e-03,2.874645000000566331e-01,2.083333333333333218e-02,2.083198625620850952e-02,5.000000000000000000e+00,4.999676701490042063e+00
8.333333333333333218e-03,2.882853511927129242e-01,4.166666666666666435e-02,4.166600298899391513e-02,5.000000000000000000e+00,5.000164015868497458e+00
1.250000000000000069e-02,2.888740554934252636e-01,6.250000000000000000e-02,6.249993084526891951e-02,5.000000000000000000e+00,5.000142685506000717e+00
1.666666666666666644e-02,2.892311748555053685e-01,8.333333333333332871e-02,8.333376640272344149e-02,5.000000000000000000e+00,5.000120533789083943e+00
2.083333333333333218e-02,2.893572969389708871e-01,1.041666666666666574e-01,1.041675522408825189e-01,5.000000000000000000e+00,5.000108601158178345e+00
2.500000000000000139e-02,2.892569901487437312e-01,1.249999999999999861e-01,1.250026012913632578e-01,5.000000000000000000e+00,5.000411772115374021e+00
2.916666666666666713e-02,2.889309259503306526e-01,1.458333333333333148e-01,1.458373621711113177e-01,5.000000000000000000e+00,5.000342611139537929e+00
3.333333333333333287e-02,2.883798799894561338e-01,1.666666666666666574e-01,1.666718552733376935e-01,5.000000000000000000e+00,5.000278344534327957e+00
3.749999999999999861e-02,2.876046528670760383e-01,1.875000000000000000e-01,1.875061092612150537e-01,5.000000000000000000e+00,5.000220957090564688e+00
4.166666666666666435e-02,2.866060946475930127e-01,2.083333333333333426e-01,2.083401556676575672e-01,5.000000000000000000e+00,5.000171137546200129e+00
4.583333333333333010e-02,2.853851027533266804e-01,2.291666666666666852e-01,2.291740269526319762e-01,5.000000000000000000e+00,5.000129108393856825e+00
5.000000000000000278e-02,2.839426197436852872e-01,2.500000000000000000e-01,2.500077547973417191e-01,5.000000000000000000e+00,5.000094682730340523e+00
5.416666666666666852e-02,2.822796310392495234e-01,2.708333333333333148e-01,2.708413687190363017e-01,5.000000000000000000e+00,5.000067341206703375e+00
5.833333333333333426e-02,2.803971625924509548e-01,2.916666666666666297e-01,2.916748950619508784e-01,5.000000000000000000e+00,5.000046322299501966e+00
6.250000000000000000e-02,2.782962785071008693e-01,3.124999999999999445e-01,3.125083563824009314e-01,5.000000000000000000e+00,5.000030716908015371e+00
6.666666666666666574e-02,2.759780786100606842e-01,3.333333333333332593e-01,3.333427378429215659e-01,5.000000000000000000e+00,5.000251550524958510e+00
7.083333333333333148e-02,2.734436754518155821e-01,3.541666666666665741e-01,3.541768121735711095e-01,5.000000000000000000e+00,5.000177839355893106e+00
7.499999999999999722e-02,2.706942590912151947e-01,3.749999999999998890e-01,3.750106498376316599e-01,5.000000000000000000e+00,5.000121039374534782e+00
7.916666666666666297e-02,2.677310204342349120e-01,3.958333333333332038e-01,3.958443120970106532e-01,5.000000000000000000e+00,5.000078942250961944e+00
8.333333333333332871e-02,2.645551760873399161e-01,4.166666666666665186e-01,4.166778495967631835e-01,5.000000000000000000e+00,5.000048999940606365e+00
8.749999999999999445e-02,2.611679658433579965e-01,4.374999999999998335e-01,4.375113024500152381e-01,5.000000000000000000e+00,5.000028684780495780e+00
9.166666666666666019e-02,2.575706501242344681e-01,4.583333333333331483e-01,4.583447009642804826e-01,5.000000000000000000e+00,5.000015643423656009e+00
9.583333333333333981e-02,2.537645074047099603e-01,4.791666666666664631e-01,4.791780668432235046e-01,5.000000000000000000e+00,5.000007810946328846e+00
1.000000000000000056e-01,2.497508316270674600e-01,5.000000415374549201e-01,5.000114001765568750e-01,5.000009968989226117e+00,5.000000000000000000e+00
1.041666666666666713e-01,2.455309304279356397e-01,5.208333942409911765e-01,5.208447335098902453e-01,5.000004648848692668e+00,5.000000000000000000e+00
1.083333333333333370e-01,2.411061195539953017e-01,5.416667351383821494e-01,5.416780668432236157e-01,5.000001815373822822e+00,5.000000000000000000e+00
1.125000000000000028e-01,2.364777242426209514e-01,5.625000684717155197e-01,5.625115216042871902e-01,5.000000000000000000e+00,5.000029142655250780e+00
1.166666666666666685e-01,2.316470723063467352e-01,5.833334018050488901e-01,5.833448876631743829e-01,5.000000000000000000e+00,5.000007854132913820e+00
1.208333333333333343e-01,2.266155011478901415e-01,6.041667351383822604e-01,6.041782242064440700e-01,5.000000000000000000e+00,5.000000770384736448e+00
1.250000000000000000e-01,2.213843427828663390e-01,6.250000684717156307e-01,6.250115575303204496e-01,5.000000000000000000e+00,4.999999997730336432e+00
1.291666666666666796e-01,2.159549278812532280e-01,6.458334018050490011e-01,6.458448908636538199e-01,5.000000000000000000e+00,5.000000000000000000e+00
1.333333333333333315e-01,2.169164061706668756e-01,6.666667351383823714e-01,6.666782241969871903e-01,5.000000000000000000e+00,5.000000000000000000e+00
1.375000000000000111e-01,2.177449706821671660e-01,6.875000684717157418e-01,6.875115575303205606e-01,5.000000000000000000e+00,5.000000000000000000e+00
1.416666666666666630e-01,2.184423108544701064e-01,7.083334018050491121e-01,7.083448908636539310e-01,5.000000000000000000e+00,5.000000000000000000e+00
1.458333333333333426e-01,2.190754834598673817e-01,7.291667351383824824e-01,7.291782241969873013e-01,5.000000000000000000e+00,5.000000000000000000e+00
1.499999999999999944e-01,2.195805181111887272e-01,7.500000684717158528e-01,7.500115575303206716e-01,5.000000000000000000e+00,5.000000000000000000e+00
1.541666666666666741e-01,2.199587839694296110e-01,7.708334018050492231e-01,7.708448908636540420e-01,5.000000000000000000e+00,5.000000000000000000e+00
1.583333333333333259e-01,2.202116051414459985e-01,7.916667351383825935e-01,7.916782241969874123e-01,5.000000000000000000e+00,5.000000000000000000e+00
1.625000000000000056e-01,2.204101826407638409e-01,7.916667351383825935e-01,7.916782241969874123e-01,0.000000000000000000e+00,0.000000000000000000e+00
1.666666666666666574e-01,2.210552884766400217e-01,7.916667351383825935e-01,7.916782241969874123e-01,0.000000000000000000e+00,0.000000000000000000e+00
1.708333333333333370e-01,2.215279943365134063e-01,7.916667351383825935e-01,7.916782241969874123e-01,0.000000000000000000e+00,0.000000000000000000e+00
1.749999999999999889e-01,2.218283366621408570e-01,7.916667351383825935e-01,7.916782241969874123e-01,0.000000000000000000e+00,0.000000000000000000e+00
1.791666666666666685e-01,2.219563495105899842e-01,7.916667351383825935e-01,7.916782241969874123e-01,0.000000000000000000e+00,0.000000000000000000e+00
1.833333333333333204e-01,2.219159911799780116e-01,7.916667351383823714e-01,7.916782241969873013e-01,-4.031476122604466102e-14,-3.173326181922084891e-14
1.875000000000000000e-01,2.217608869186948883e-01,7.916667351383823714e-01,7.916782241969873013e-01,-4.602477225387231606e-16,7.677456344991948675e-15
1.916666666666666796e-01,2.217608869186948328e-01,7.916667351383823714e-01,7.916782241969873013e-01,1.116058627416198207e-17,-1.861712936493622431e-16
1.958333333333333315e-01,2.217608869186948328e-01,7.916667351383823714e-01,7.916782241969873013e-01,1.116058627417389511e-17,-1.861712936493547489e-16
2.000000000000000111e-01,2.217608869186948328e-01,7.916667351383823714e-01,7.916782241969873013e-01,1.116058627416124868e-17,-1.861712936493648069e-16
2.041666666666666630e-01,2.217608869186948328e-01,7.916667351383823714e-01,7.916782241969873013e-01,1.116058627417390127e-17,-1.861712936493547489e-16
2.083333333333333426e-01,2.217608869186948328e-01,7.916667351383823714e-01,7.916782241969873013e-01,1.116058627416125484e-17,-1.861712936493648069e-16
2.124999999999999944e-01,2.217608869186948328e-01,7.916667351383823714e-01,7.916782241969873013e-01,1.116058627417390743e-17,-1.861712936493547489e-16
2.166666666666666741e-01,2.217608869186948328e-01,7.916667351383823714e-01,7.916782241969873013e-01,1.116058627416126101e-17,-1.861712936493648069e-16
2.208333333333333259e-01,2.217608869186948328e-01,7.916667351383823714e-01,7.916782241969873013e-01,1.116058627417391360e-17,-1.861712936493547489e-16
2.250000000000000056e-01,2.217608869186948328e-01,7.916667351383823714e-01,7.916782241969873013e-01,1.116058627416126717e-17,-1.861712936493648069e-16
2.291666666666666574e-01,2.217608869186948328e-01,7.916667351383823714e-01,7.916782241969873013e-01,1.116058627417387046e-17,-1.861712936493547489e-16
2.333333333333333370e-01,2.217608869186948328e-01,7.916667351383823714e-01,7.916782241969873013e-01,1.116058627416122403e-17,-1.861712936493648069e-16
2.374999999999999889e-01,2.217608869186948328e-01,7.916667351383823714e-01,7.916782241969873013e-01,1.116058627417387662e-17,-1.861712936493547489e-16
2.416666666666666685e-01,2.217608869186948328e-01,7.916667351383823714e-01,7.916782241969873013e-01,1.116058627416127950e-17,-1.861712936493648069e-16
2.458333333333333204e-01,2.217608869186948328e-01,7.916667351383823714e-01,7.916782241969873013e-01,1.116058627417388278e-17,-1.861712936493547489e-16
2.500000000000000000e-01,2.217608869186948328e-01,7.916667351383823714e-01,7.916782241969873013e-01,1.116058627416128566e-17,-1.861712936493648069e-16
2.541666666666666519e-01,2.217608869186948328e-01,7.916667351383823714e-01,7.916782241969873013e-01,1.116058627417388894e-17,-1.861712936493547489e-16
2.583333333333333592e-01,2.217608869186948328e-01,7.916667351383823714e-01,7.916782241969873013e-01,1.116058627416129182e-17,-1.861712936493648069e-16
2.625000000000000111e-01,2.217608869186948328e-01,7.916667351383823714e-01,7.916782241969873013e-01,1.116058627417389511e-17,-1.861712936493547489e-16
2.666666666666666630e-01,2.217608869186948328e-01,7.916667351383823714e-01,7.916782241969873013e-01,1.116058627416124868e-17,-1.861712936493648069e-16
2.708333333333333148e-01,2.217608869186948328e-01,7.916667351383823714e-01,7.916782241969873013e-01,1.116058627417390127e-17,-1.861712936493547489e-16
2.750000000000000222e-01,2.217608869186948328e-01,7.916667351383823714e-01,7.916782241969873013e-01,1.116058627416125484e-17,-1.861712936493648069e-16
2.791666666666666741e-01,2.217608869186948328e-01,7.916667351383823714e-01,7.916782241969873013e-01,1.116058627417390743e-17,-1.861712936493547489e-16
2.833333333333333259e-01,2.217608869186948328e-01,7.916667351383823714e-01,7.916782241969873013e-01,1.116058627416126101e-17,-1.861712936493648069e-16
2.874999999999999778e-01,2.217608869186948328e-01,7.916667351383823714e-01,7.916782241969873013e-01,1.116058627417391360e-17,-1.861712936493547489e-16
2.916666666666666852e-01,2.217608869186948328e-01,7.916667351383823714e-01,7.916782241969873013e-01,1.116058627416126717e-17,-1.861712936493648069e-16
2.958333333333333370e-01,2.217608869186948328e-01,7.916667351383823714e-01,7.916782241969873013e-01,1.116058627417387046e-17,-1.861712936493547489e-16
2.999999999999999889e-01,2.217608869186948328e-01,7.916667351383823714e-01,7.916782241969873013e-01,1.116058627416122403e-17,-1.861712936493648069e-16
3.041666666666666408e-01,2.217608869186948328e-01,7.916667351383823714e-01,7.916782241969873013e-01,1.116058627417387662e-17,-1.861712936493547489e-16
3.083333333333333481e-01,2.217608869186948328e-01,7.916667351383823714e-01,7.916782241969873013e-01,1.116058627416127950e-17,-1.861712936493648069e-16
3.125000000000000000e-01,2.217608869186948328e-01,7.916667351383823714e-01,7.916782241969873013e-01,1.116058627417388278e-17,-1.861712936493547489e-16
3.166666666666666519e-01,2.217608869186948328e-01,7.916667351383823714e-01,7.916782241969873013e-01,1.116058627416128566e-17,-1.861712936493648069e-16
3.208333333333333592e-01,2.217608869186948328e-01,7.916667351383823714e-01,7.916782241969873013e-01,1.116058627417388894e-17,-1.861712936493547489e-16
3.250000000000000111e-01,2.217608869186948328e-01,7.916667351383823714e-01,7.916782241969873013e-01,1.116058627416129182e-17,-1.861712936493648069e-16
3.291666666666666630e-01,2.217608869186948328e-01,7.916667351383823714e-01,7.916782241969873013e-01,1.116058627417389511e-17,-1.861712936493547489e-16
3.333333333333333148e-01,2.217608869186948328e-01,7.916667351383823714e-01,7.916782241969873013e-01,1.116058627416124868e-17,-1.861712936493648069e-16
3.375000000000000222e-01,2.217608869186948328e-01,7.916667351383823714e-01,7.916782241969873013e-01,1.116058627417390127e-17,-1.861712936493547489e-16
3.416666666666666741e-01,2.217608869186948328e-01,7.916667351383823714e-01,7.916782241969873013e-01,1.116058627416125484e-17,-1.861712936493648069e-16
3.458333333333333259e-01,2.217608869186948328e-01,7.916667351383823714e-01,7.916782241969873013e-01,1.116058627417390743e-17,-1.861712936493547489e-16
3.499999999999999778e-01,2.217608869186948328e-01,7.916667351383823714e-01,7.916782241969873013e-01,1.116058627416126101e-17,-1.861712936493648069e-16
3.541666666666666852e-01,2.217608869186948328e-01,7.916667351383823714e-01,7.916782241969873013e-01,1.116058627417391360e-17,-1.861712936493547489e-16
3.583333333333333370e-01,2.217608869186948328e-01,7.916667351383823714e-01,7.916782241969873013e-01,1.116058627416126717e-17,-1.861712936493648069e-16
3.624999999999999889e-01,2.217608869186948328e-01,7.916667351383823714e-01,7.916782241969873013e-01,1.116058627417387046e-17,-1.861712936493547489e-16
3.666666666666666408e-01,2.217608869186948328e-01,7.916667351383823714e-01,7.916782241969873013e-01,1.116058627416122403e-17,-1.861712936493648069e-16
3.708333333333333481e-01,2.217608869186948328e-01,7.916667351383823714e-01,7.916782241969873013e-01,1.116058627417387662e-17,-1.861712936493547489e-16
3.750000000000000000e-01,2.217608869186948328e-01,7.916667351383823714e-01,7.916782241969873013e-01,1.116058627416127950e-17,-1.861712936493648069e-16
3.791666666666666519e-01,2.217608869186948328e-01,7.916667351383823714e-01,7.916782241969873013e-01,1.116058627417388278e-17,-1.861712936493547489e-16
3.833333333333333592e-01,2.217608869186948328e-01,7.916667351383823714e-01,7.916782241969873013e-01,1.116058627416128566e-17,-1.861712936493648069e-16
3.875000000000000111e-01,2.217608869186948328e-01,7.916667351383823714e-01,7.916782241969873013e-01,1.116058627417388894e-17,-1.861712936493547489e-16
3.916666666666666630e-01,2.217608869186948328e-01,7.916667351383823714e-01,7.916782241969873013e-01,1.116058627416129182e-17,-1.861712936493648069e-16
3.958333333333333148e-01,2.217608869186948328e-01,7.916667351383823714e-01,7.916782241969873013e-01,1.116058627417389511e-17,-1.861712936493547489e-16
4.000000000000000222e-01,2.217608869186948328e-01,7.916667351383823714e-01,7.916782241969873013e-01,1.116058627416124868e-17,-1.861712936493648069e-16
4.041666666666666741e-01,2.217608869186948328e-01,7.916667351383823714e-01,7.916782241969873013e-01,1.116058627417390127e-17,-1.861712936493547489e-16
4.083333333333333259e-01,2.217608869186948328e-01,7.916667351383823714e-01,7.916782241969873013e-01,1.116058627416125484e-17,-1.861712936493648069e-16
4.124999999999999778e-01,2.217608869186948328e-01,7.916667351383823714e-01,7.916782241969873013e-01,1.116058627417390743e-17,-1.861712936493547489e-16
4.166666666666666852e-01,2.217608869186948328e-01,7.916667351383823714e-01,7.916782241969873013e-01,1.116058627416126101e-17,-1.861712936493648069e-16
4.208333333333333370e-01,2.217608869186948328e-01,7.916667351383823714e-01,7.916782241969873013e-01,1.116058627417391360e-17,-1.861712936493547489e-16
4.249999999999999889e-01,2.217608869186948328e-01,7.916667351383823714e-01,7.916782241969873013e-01,1.116058627416126717e-17,-1.861712936493648069e-16
4.291666666666666408e-01,2.217608869186948328e-01,7.916667351383823714e-01,7.916782241969873013e-01,1.116058627417387046e-17,-1.861712936493547489e-16
4.333333333333333481e-01,2.217608869186948328e-01,7.916667351383823714e-01,7.916782241969873013e-01,1.116058627416122403e-17,-1.861712936493648069e-16
4.375000000000000000e-01,2.217608869186948328e-01,7.916667351383823714e-01,7.916782241969873013e-01,1.116058627417387662e-17,-1.861712936493547489e-16
4.416666666666666519e-01,2.217608869186948328e-01,7.916667351383823714e-01,7.916782241969873013e-01,1.116058627416127950e-17,-1.861712936493648069e-16
4.458333333333333592e-01,2.217608869186948328e-01,7.916667351383823714e-01,7.916782241969873013e-01,1.116058627417388278e-17,-1.861712936493547489e-16
4.500000000000000111e-01,2.217608869186948328e-01,7.916667351383823714e-01,7.916782241969873013e-01,1.116058627416128566e-17,-1.861712936493648069e-16
4.541666666666666630e-01,2.217608869186948328e-01,7.916667351383823714e-01,7.916782241969873013e-01,1.116058627417388894e-17,-1.861712936493547489e-16
4.583333333333333148e-01,2.217608869186948328e-01,7.916667351383823714e-01,7.916782241969873013e-01,1.116058627416129182e-17,-1.861712936493648069e-16
4.625000000000000222e-01,2.217608869186948328e-01,7.916667351383823714e-01,7.916782241969873013e-01,1.116058627417389511e-17,-1.861712936493547489e-16
4.666666666666666741e-01,2.217608869186948328e-01,7.916667351383823714e-01,7.916782241969873013e-01,1.116058627416124868e-17,-1.861712936493648069e-16
4.708333333333333259e-01,2.217608869186948328e-01,7.916667351383823714e-01,7.916782241969873013e-01,1.116058627417390127e-17,-1.861712936493547489e-16
4.749999999999999778e-01,2.217608869186948328e-01,7.916667351383823714e-01,7.916782241969873013e-01,1.116058627416125484e-17,-1.861712936493648069e-16
4.791666666666666852e-01,2.217608869186948328e-01,7.916667351383823714e-01,7.916782241969873013e-01,1.116058627417390743e-17,-1.861712936493547489e-16
4.833333333333333370e-01,2.217608869186948328e-01,7.916667351383823714e-01,7.916782241969873013e-01,1.116058627416126101e-17,-1.861712936493648069e-16
4.874999999999999889e-01,2.217608869186948328e-01,7.916667351383823714e-01,7.916782241969873013e-01,1.116058627417391360e-17,-1.861712936493547489e-16
4.916666666666666408e-01,2.217608869186948328e-01,7.916667351383823714e-01,7.916782241969873013e-01,1.116058627416126717e-17,-1.861712936493648069e-16
4.958333333333333481e-01,2.217608869186948328e-01,7.916667351383823714e-01,7.916782241969873013e-01,1.116058627417387046e-17,-1.861712936493547489e-16
5.000000000000000000e-01,2.217608869186948328e-01,7.916667351383823714e-01,7.916782241969873013e-01,1.116058627416122403e-17,-1.861712936493648069e-16
5.041666666666666519e-01,2.217608869186948328e-01,7.916667351383823714e-01,7.916782241969873013e-01,1.116058627417387662e-17,-1.861712936493547489e-16
5.083333333333333037e-01,2.217608869186948328e-01,7.916667351383823714e-01,7.916782241969873013e-01,1.116058627416127950e-17,-1.861712936493648069e-16
5.124999999999999556e-01,2.217608869186948328e-01,7.916667351383823714e-01,7.916782241969873013e-01,1.116058627417388278e-17,-1.861712936493547489e-16
5.166666666666667185e-01,2.217608869186948328e-01,7.916667351383823714e-01,7.916782241969873013e-01,1.116058627416128566e-17,-1.861712936493648069e-16
5.208333333333333703e-01,2.217608869186948328e-01,7.916667351383823714e-01,7.916782241969873013e-01,1.116058627417388894e-17,-1.861712936493547489e-16
5.250000000000000222e-01,2.217608869186948328e-01,7.916667351383823714e-01,7.916782241969873013e-01,1.116058627416129182e-17,-1.861712936493648069e-16
5.291666666666666741e-01,2.217608869186948328e-01,7.916667351383823714e-01,7.916782241969873013e-01,1.116058627417389511e-17,-1.861712936493547489e-16
5.333333333333333259e-01,2.217608869186948328e-01,7.916667351383823714e-01,7.916782241969873013e-01,1.116058627416124868e-17,-1.861712936493648069e-16
5.374999999999999778e-01,2.217608869186948328e-01,7.916667351383823714e-01,7.916782241969873013e-01,1.116058627417390127e-17,-1.861712936493547489e-16
5.416666666666666297e-01,2.217608869186948328e-01,7.916667351383823714e-01,7.916782241969873013e-01,1.116058627416125484e-17,-1.861712936493648069e-16
5.458333333333332815e-01,2.217608869186948328e-01,7.916667351383823714e-01,7.916782241969873013e-01,1.116058627417390743e-17,-1.861712936493547489e-16
5.500000000000000444e-01,2.217608869186948328e-01,7.916667351383823714e-01,7.916782241969873013e-01,1.116058627416126101e-17,-1.861712936493648069e-16
5.541666666666666963e-01,2.217608869186948328e-01,7.916667351383823714e-01,7.916782241969873013e-01,1.116058627417391360e-17,-1.861712936493547489e-16
5.583333333333333481e-01,2.217608869186948328e-01,7.916667351383823714e-01,7.916782241969873013e-01,1.116058627416126717e-17,-1.861712936493648069e-16
5.625000000000000000e-01,2.217608869186948328e-01,7.916667351383823714e-01,7.916782241969873013e-01,1.116058627417387046e-17,-1.861712936493547489e-16
5.666666666666666519e-01,2.217608869186948328e-01,7.916667351383823714e-01,7.916782241969873013e-01,1.116058627416122403e-17,-1.861712936493648069e-16
5.708333333333333037e-01,2.217608869186948328e-01,7.916667351383823714e-01,7.916782241969873013e-01,1.116058627417387662e-17,-1.861712936493547489e-16
5.749999999999999556e-01,2.217608869186948328e-01,7.916667351383823714e-01,7.916782241969873013e-01,1.116058627416127950e-17,-1.861712936493648069e-16
5.791666666666667185e-01,2.217608869186948328e-01,7.916667351383823714e-01,7.916782241969873013e-01,1.116058627417388278e-17,-1.861712936493547489e-16
5.833333333333333703e-01,2.217608869186948328e-01,7.916667351383823714e-01,7.916782241969873013e-01,1.116058627416128566e-17,-1.861712936493648069e-16
5.875000000000000222e-01,2.217608869186948328e-01,7.916667351383823714e-01,7.916782241969873013e-01,1.116058627417388894e-17,-1.861712936493547489e-16
5.916666666666666741e-01,2.217608869186948328e-01,7.916667351383823714e-01,7.916782241969873013e-01,1.116058627416129182e-17,-1.861712936493648069e-16
5.958333333333333259e-01,2.217608869186948328e-01,7.916667351383823714e-01,7.916782241969873013e-01,1.116058627417389511e-17,-1.861712936493547489e-16
5.999999999999999778e-01,2.217608869186948328e-01,7.916667351383823714e-01,7.916782241969873013e-01,1.116058627416124868e-17,-1.861712936493648069e-16
6.041666666666666297e-01,2.217608869186948328e-01,7.916667351383823714e-01,7.916782241969873013e-01,1.116058627417390127e-17,-1.861712936493547489e-16
6.083333333333332815e-01,2.217608869186948328e-01,7.916667351383823714e-01,7.916782241969873013e-01,1.116058627416125484e-17,-1.861712936493648069e-16
6.125000000000000444e-01,2.217608869186948328e-01,7.916667351383823714e-01,7.916782241969873013e-01,1.116058627417390743e-17,-1.861712936493547489e-16
6.166666666666666963e-01,2.217608869186948328e-01,7.916667351383823714e-01,7.916782241969873013e-01,1.116058627416126101e-17,-1.861712936493648069e-16
6.208333333333333481e-01,2.217608869186948328e-01,7.916667351383823714e-01,7.916782241969873013e-01,1.116058627417391360e-17,-1.861712936493547489e-16
6.250000000000000000e-01,2.217608869186948328e-01,7.916667351383823714e-01,7.916782241969873013e-01,1.116058627416126717e-17,-1.861712936493648069e-16
6.291666666666666519e-01,2.217608869186948328e-01,7.916667351383823714e-01,7.916782241969873013e-01,1.116058627417387046e-17,-1.861712936493547489e-16
6.333333333333333037e-01,2.217608869186948328e-01,7.916667351383823714e-01,7.916782241969873013e-01,1.116058627416122403e-17,-1.861712936493648069e-16
6.374999999999999556e-01,2.217608869186948328e-01,7.916667351383823714e-01,7.916782241969873013e-01,1.116058627417387662e-17,-1.861712936493547489e-16
6.416666666666667185e-01,2.217608869186948328e-01,7.916667351383823714e-01,7.916782241969873013e-01,1.116058627416127950e-17,-1.861712936493648069e-16
6.458333333333333703e-01,2.217608869186948328e-01,7.916667351383823714e-01,7.916782241969873013e-01,1.116058627417388278e-17,-1.861712936493547489e-16
6.500000000000000222e-01,2.217608869186948328e-01,7.916667351383823714e-01,7.916782241969873013e-01,1.116058627416128566e-17,-1.861712936493648069e-16
6.541666666666666741e-01,2.217608869186948328e-01,7.916667351383823714e-01,7.916782241969873013e-01,1.116058627417388894e-17,-1.861712936493547489e-16
6.583333333333333259e-01,2.217608869186948328e-01,7.916667351383823714e-01,7.916782241969873013e-01,1.116058627416129182e-17,-1.861712936493648069e-16
6.624999999999999778e-01,2.217608869186948328e-01,7.916667351383823714e-01,7.916782241969873013e-01,1.116058627417389511e-17,-1.861712936493547489e-16
6.666666666666666297e-01,2.217608869186948328e-01,7.916667351383823714e-01,7.916782241969873013e-01,1.116058627416124868e-17,-1.861712936493648069e-16
6.708333333333332815e-01,2.217608869186948328e-01,7.916667351383823714e-01,7.916782241969873013e-01,1.116058627417390127e-17,-1.861712936493547489e-16
6.750000000000000444e-01,2.217608869186948328e-01,7.916667351383823714e-01,7.916782241969873013e-01,1.116058627416125484e-17,-1.861712936493648069e-16
6.791666666666666963e-01,2.217608869186948328e-01,7.916667351383823714e-01,7.916782241969873013e-01,1.116058627417390743e-17,-1.861712936493547489e-16
6.833333333333333481e-01,2.217608869186948328e-01,7.916667351383823714e-01,7.916782241969873013e-01,1.116058627416126101e-17,-1.861712936493648069e-16
6.875000000000000000e-01,2.217608869186948328e-01,7.916667351383823714e-01,7.916782241969873013e-01,1.116058627417391360e-17,-1.861712936493547489e-16
6.916666666666666519e-01,2.217608869186948328e-01,7.916667351383823714e-01,7.916782241969873013e-01,1.116058627416126717e-17,-1.861712936493648069e-16
6.958333333333333037e-01,2.217608869186948328e-01,7.916667351383823714e-01,7.916782241969873013e-01,1.116058627417387046e-17,-1.861712936493547489e-16
6.999999999999999556e-01,2.217608869186948328e-01,7.916667351383823714e-01,7.916782241969873013e-01,1.116058627416122403e-17,-1.861712936493648069e-16
7.041666666666667185e-01,2.217608869186948328e-01,7.916667351383823714e-01,7.916782241969873013e-01,1.116058627417387662e-17,-1.861712936493547489e-16
7.083333333333333703e-01,2.217608869186948328e-01,7.916667351383823714e-01,7.916782241969873013e-01,1.116058627416127950e-17,-1.861712936493648069e-16
7.125000000000000222e-01,2.217608869186948328e-01,7.916667351383823714e-01,7.916782241969873013e-01,1.116058627417388278e-17,-1.861712936493547489e-16
7.166666666666666741e-01,2.217608869186948328e-01,7.916667351383823714e-01,7.916782241969873013e-01,1.116058627416128566e-17,-1.861712936493648069e-16
7.208333333333333259e-01,2.217608869186948328e-01,7.916667351383823714e-01,7.916782241969873013e-01,1.116058627417388894e-17,-1.861712936493547489e-16
7.249999999999999778e-01,2.217608869186948328e-01,7.916667351383823714e-01,7.916782241969873013e-01,1.116058627416129182e-17,-1.861712936493648069e-16
7.291666666666666297e-01,2.217608869186948328e-01,7.916667351383823714e-01,7.916782241969873013e-01,1.116058627417389511e-17,-1.861712936493547489e-16
7.333333333333332815e-01,2.217608869186948328e-01,7.916667351383823714e-01,7.916782241969873013e-01,1.116058627416124868e-17,-1.861712936493648069e-16
7.375000000000000444e-01,2.217608869186948328e-01,7.916667351383823714e-01,7.916782241969873013e-01,1.116058627417390127e-17,-1.861712936493547489e-16
7.416666666666666963e-01,2.217608869186948328e-01,7.916667351383823714e-01,7.916782241969873013e-01,1.116058627416125484e-17,-1.861712936493648069e-16
7.458333333333333481e-01,2.217608869186948328e-01,7.916667351383823714e-01,7.916782241969873013e-01,1.116058627417390743e-17,-1.861712936493547489e-16
7.500000000000000000e-01,2.217608869186948328e-01,7.916667351383823714e-01,7.916782241969873013e-01,1.116058627416126101e-17,-1.861712936493648069e-16
7.541666666666666519e-01,2.217608869186948328e-01,7.916667351383823714e-01,7.916782241969873013e-01,1.116058627417391360e-17,-1.861712936493547489e-16
7.583333333333333037e-01,2.217608869186948328e-01,7.916667351383823714e-01,7.916782241969873013e-01,1.116058627416126717e-17,-1.861712936493648069e-16
7.624999999999999556e-01,2.217608869186948328e-01,7.916667351383823714e-01,7.916782241969873013e-01,1.116058627417387046e-17,-1.861712936493547489e-16
7.666666666666667185e-01,2.217608869186948328e-01,7.916667351383823714e-01,7.916782241969873013e-01,1.116058627416122403e-17,-1.861712936493648069e-16
7.708333333333333703e-01,2.217608869186948328e-01,7.916667351383823714e-01,7.916782241969873013e-01,1.116058627417387662e-17,-1.861712936493547489e-16
7.750000000000000222e-01,2.217608869186948328e-01,7.916667351383823714e-01,7.916782241969873013e-01,1.116058627416127950e-17,-1.861712936493648069e-16
7.791666666666666741e-01,2.217608869186948328e-01,7.916667351383823714e-01,7.916782241969873013e-01,1.116058627417388278e-17,-1.861712936493547489e-16
7.833333333333333259e-01,2.217608869186948328e-01,7.916667351383823714e-01,7.916782241969873013e-01,1.116058627416128566e-17,-1.861712936493648069e-16
7.874999999999999778e-01,2.217608869186948328e-01,7.916667351383823714e-01,7.916782241969873013e-01,1.116058627417388894e-17,-1.861712936493547489e-16
7.916666666666666297e-01,2.217608869186948328e-01,7.916667351383823714e-01,7.916782241969873013e-01,1.116058627416129182e-17,-1.861712936493648069e-16
7.958333333333332815e-01,2.217608869186948328e-01,7.916667351383823714e-01,7.916782241969873013e-01,1.116058627417389511e-17,-1.861712936493547489e-16
8.000000000000000444e-01,2.217608869186948328e-01,7.916667351383823714e-01,7.916782241969873013e-01,1.116058627416124868e-17,-1.861712936493648069e-16
8.041666666666666963e-01,2.217608869186948328e-01,7.916667351383823714e-01,7.916782241969873013e-01,1.116058627417390127e-17,-1.861712936493547489e-16
8.083333333333333481e-01,2.217608869186948328e-01,7.916667351383823714e-01,7.916782241969873013e-01,1.116058627416125484e-17,-1.861712936493648069e-16
8.125000000000000000e-01,2.217608869186948328e-01,7.916667351383823714e-01,7.916782241969873013e-01,1.116058627417390743e-17,-1.861712936493547489e-16
8.166666666666666519e-01,2.217608869186948328e-01,7.916667351383823714e-01,7.916782241969873013e-01,1.116058627416126101e-17,-1.861712936493648069e-16
8.208333333333333037e-01,2.217608869186948328e-01,7.916667351383823714e-01,7.916782241969873013e-01,1.116058627417391360e-17,-1.861712936493547489e-16
8.249999999999999556e-01,2.217608869186948328e-01,7.916667351383823714e-01,7.916782241969873013e-01,1.116058627416126717e-17,-1.861712936493648069e-16
8.291666666666667185e-01,2.217608869186948328e-01,7.916667351383823714e-01,7.916782241969873013e-01,1.116058627417387046e-17,-1.861712936493547489e-16
8.333333333333333703e-01,2.217608869186948328e-01,7.916667351383823714e-01,7.916782241969873013e-01,1.116058627416122403e-17,-1.861712936493648069e-16
8.375000000000000222e-01,2.217608869186948328e-01,7.916667351383823714e-01,7.916782241969873013e-01,1.116058627417387662e-17,-1.861712936493547489e-16
8.416666666666666741e-01,2.217608869186948328e-01,7.916667351383823714e-01,7.916782241969873013e-01,1.116058627416127950e-17,-1.861712936493648069e-16
8.458333333333333259e-01,2.217608869186948328e-01,7.916667351383823714e-01,7.916782241969873013e-01,1.116058627417388278e-17,-1.861712936493547489e-16
8.499999999999999778e-01,2.217608869186948328e-01,7.916667351383823714e-01,7.916782241969873013e-01,1.116058627416128566e-17,-1.861712936493648069e-16
8.541666666666666297e-01,2.217608869186948328e-01,7.916667351383823714e-01,7.916782241969873013e-01,1.116058627417388894e-17,-1.861712936493547489e-16
8.583333333333332815e-01,2.217608869186948328e-01,7.916667351383823714e-01,7.916782241969873013e-01,1.116058627416129182e-17,-1.861712936493648069e-16
8.625000000000000444e-01,2.217608869186948328e-01,7.916667351383823714e-01,7.916782241969873013e-01,1.116058627417389511e-17,-1.861712936493547489e-16
8.666666666666666963e-01,2.217608869186948328e-01,7.916667351383823714e-01,7.916782241969873013e-01,1.116058627416124868e-17,-1.861712936493648069e-16
8.708333333333333481e-01,2.217608869186948328e-01,7.916667351383823714e-01,7.916782241969873013e-01,1.116058627417390127e-17,-1.861712936493547489e-16
8.750000000000000000e-01,2.217608869186948328e-01,7.916667351383823714e-01,7.916782241969873013e-01,1.116058627416125484e-17,-1.861712936493648069e-16
8.791666666666666519e-01,2.217608869186948328e-01,7.916667351383823714e-01,7.916782241969873013e-01,1.116058627417390743e-17,-1.861712936493547489e-16
8.833333333333333037e-01,2.217608869186948328e-01,7.916667351383823714e-01,7.916782241969873013e-01,1.116058627416126101e-17,-1.861712936493648069e-16
8.874999999999999556e-01,2.217608869186948328e-01,7.916667351383823714e-01,7.916782241969873013e-01,1.116058627417391360e-17,-1.861712936493547489e-16
8.916666666666667185e-01,2.217608869186948328e-01,7.916667351383823714e-01,7.916782241969873013e-01,1.116058627416126717e-17,-1.861712936493648069e-16
8.958333333333333703e-01,2.217608869186948328e-01,7.916667351383823714e-01,7.916782241969873013e-01,1.116058627417387046e-17,-1.861712936493547489e-16
9.000000000000000222e-01,2.217608869186948328e-01,7.916667351383823714e-01,7.916782241969873013e-01,1.116058627416122403e-17,-1.861712936493648069e-16
9.041666666666666741e-01,2.217608869186948328e-01,7.916667351383823714e-01,7.916782241969873013e-01,1.116058627417387662e-17,-1.861712936493547489e-16
9.083333333333333259e-01,2.217608869186948328e-01,7.916667351383823714e-01,7.916782241969873013e-01,1.116058627416127950e-17,-1.861712936493648069e-16
9.124999999999999778e-01,2.217608869186948328e-01,7.916667351383823714e-01,7.916782241969873013e-01,1.116058627417388278e-17,-1.861712936493547489e-16
9.166666666666666297e-01,2.217608869186948328e-01,7.916667351383823714e-01,7.916782241969873013e-01,1.116058627416128566e-17,-1.861712936493648069e-16
9.208333333333332815e-01,2.217608869186948328e-01,7.916667351383823714e-01,7.916782241969873013e-01,1.116058627417388894e-17,-1.861712936493547489e-16
9.250000000000000444e-01,2.217608869186948328e-01,7.916667351383823714e-01,7.916782241969873013e-01,1.116058627416129182e-17,-1.861712936493648069e-16
9.291666666666666963e-01,2.217608869186948328e-01,7.916667351383823714e-01,7.916782241969873013e-01,1.116058627417389511e-17,-1.861712936493547489e-16
9.333333333333333481e-01,2.217608869186948328e-01,7.916667351383823714e-01,7.916782241969873013e-01,1.116058627416124868e-17,-1.861712936493648069e-16
9.375000000000000000e-01,2.217608869186948328e-01,7.916667351383823714e-01,7.916782241969873013e-01,1.116058627417390127e-17,-1.861712936493547489e-16
9.416666666666666519e-01,2.217608869186948328e-01,7.916667351383823714e-01,7.916782241969873013e-01,1.116058627416125484e-17,-1.861712936493648069e-16
9.458333333333333037e-01,2.217608869186948328e-01,7.916667351383823714e-01,7.916782241969873013e-01,1.116058627417390743e-17,-1.861712936493547489e-16
9.499999999999999556e-01,2.217608869186948328e-01,7.916667351383823714e-01,7.916782241969873013e-01,1.116058627416126101e-17,-1.861712936493648069e-16
9.541666666666667185e-01,2.217608869186948328e-01,7.916667351383823714e-01,7.916782241969873013e-01,1.116058627417391360e-17,-1.861712936493547489e-16
9.583333333333333703e-01,2.217608869186948328e-01,7.916667351383823714e-01,7.916782241969873013e-01,1.116058627416126717e-17,-1.861712936493648069e-16
9.625000000000000222e-01,2.217608869186948328e-01,7.916667351383823714e-01,7.916782241969873013e-01,1.116058627417387046e-17,-1.861712936493547489e-16
9.666666666666666741e-01,2.217608869186948328e-01,7.916667351383823714e-01,7.916782241969873013e-01,1.116058627416122403e-17,-1.861712936493648069e-16
9.708333333333333259e-01,2.217608869186948328e-01,7.916667351383823714e-01,7.916782241969873013e-01,1.116058627417387662e-17,-1.861712936493547489e-16
9.749999999999999778e-01,2.217608869186948328e-01,7.916667351383823714e-01,7.916782241969873013e-01,1.116058627416127950e-17,-1.861712936493648069e-16
9.791666666666666297e-01,2.217608869186948328e-01,7.916667351383823714e-01,7.916782241969873013e-01,1.116058627417388278e-17,-1.861712936493547489e-16
9.833333333333332815e-01,2.217608869186948328e-01,7.916667351383823714e-01,7.916782241969873013e-01,1.116058627416128566e-17,-1.861712936493648069e-16
9.875000000000000444e-01,2.217608869186948328e-01,7.916667351383823714e-01,7.916782241969873013e-01,1.116058627417388894e-17,-1.861712936493547489e-16
9.916666666666666963e-01,2.217608869186948328e-01,7.916667351383823714e-01,7.916782241969873013e-01,1.116058627416129182e-17,-1.861712936493648069e-16
9.958333333333333481e-01,2.217608869186948328e-01,7.916667351383823714e-01,7.916782241969873013e-01,1.116058627417389511e-17,-1.861712936493547489e-16
1.000000000000000000e+00,2.217608869186948328e-01,7.916667351383823714e-01,7.916782241969873013e-01,1.116058627416124868e-17,-1.861712936493648069e-16
1.004166666666666652e+00,2.217608869186948328e-01,7.916667351383823714e-01,7.916782241969873013e-01,1.116058627417390127e-17,-1.861712936493547489e-16
1.008333333333333304e+00,2.217608869186948328e-01,7.916667351383823714e-01,7.916782241969873013e-01,1.116058627416125484e-17,-1.861712936493648069e-16
1.012499999999999956e+00,2.217608869186948328e-01,7.916667351383823714e-01,7.916782241969873013e-01,1.116058627417390743e-17,-1.861712936493547489e-16
1.016666666666666607e+00,2.217608869186948328e-01,7.916667351383823714e-01,7.916782241969873013e-01,1.116058627416126101e-17,-1.861712936493648069e-16
1.020833333333333259e+00,2.217608869186948328e-01,7.916667351383823714e-01,7.916782241969873013e-01,1.116058627417391360e-17,-1.861712936493547489e-16
1.024999999999999911e+00,2.217608869186948328e-01,7.916667351383823714e-01,7.916782241969873013e-01,1.116058627416126717e-17,-1.861712936493648069e-16
1.029166666666666563e+00,2.217608869186948328e-01,7.916667351383823714e-01,7.916782241969873013e-01,1.116058627417387046e-17,-1.861712936493547489e-16
1.033333333333333437e+00,2.217608869186948328e-01,7.916667351383823714e-01,7.916782241969873013e-01,1.116058627416122403e-17,-1.861712936493648069e-16
1.037500000000000089e+00,2.217608869186948328e-01,7.916667351383823714e-01,7.916782241969873013e-01,1.116058627417387662e-17,-1.861712936493547489e-16
1.041666666666666741e+00,2.217608869186948328e-01,7.916667351383823714e-01,7.916782241969873013e-01,1.116058627416127950e-17,-1.861712936493648069e-16
1.045833333333333393e+00,2.217608869186948328e-01,7.916667351383823714e-01,7.916782241969873013e-01,1.116058627417388278e-17,-1.861712936493547489e-16
1.050000000000000044e+00,2.217608869186948328e-01,7.916667351383823714e-01,7.916782241969873013e-01,1.116058627416128566e-17,-1.861712936493648069e-16
1.054166666666666696e+00,2.217608869186948328e-01,7.916667351383823714e-01,7.916782241969873013e-01,1.116058627417388894e-17,-1.861712936493547489e-16
1.058333333333333348e+00,2.217608869186948328e-01,7.916667351383823714e-01,7.916782241969873013e-01,1.116058627416129182e-17,-1.861712936493648069e-16
1.062500000000000000e+00,2.217608869186948328e-01,7.916667351383823714e-01,7.916782241969873013e-01,1.116058627417389511e-17,-1.861712936493547489e-16
1.066666666666666652e+00,2.217608869186948328e-01,7.916667351383823714e-01,7.916782241969873013e-01,1.116058627416124868e-17,-1.861712936493648069e-16
1.070833333333333304e+00,2.217608869186948328e-01,7.916667351383823714e-01,7.916782241969873013e-01,1.116058627417390127e-17,-1.861712936493547489e-16
1.074999999999999956e+00,2.217608869186948328e-01,7.916667351383823714e-01,7.916782241969873013e-01,1.116058627416125484e-17,-1.861712936493648069e-16
1.079166666666666607e+00,2.217608869186948328e-01,7.916667351383823714e-01,7.916782241969873013e-01,1.116058627417390743e-17,-1.861712936493547489e-16
1.083333333333333259e+00,2.217608869186948328e-01,7.916667351383823714e-01,7.916782241969873013e-01,1.116058627416126101e-17,-1.861712936493648069e-16
1.087499999999999911e+00,2.217608869186948328e-01,7.916667351383823714e-01,7.916782241969873013e-01,1.116058627417391360e-17,-1.861712936493547489e-16
1.091666666666666563e+00,2.217608869186948328e-01,7.916667351383823714e-01,7.916782241969873013e-01,1.116058627416126717e-17,-1.861712936493648069e-16
1.095833333333333437e+00,2.217608869186948328e-01,7.916667351383823714e-01,7.916782241969873013e-01,1.116058627417387046e-17,-1.861712936493547489e-16
1.100000000000000089e+00,2.217608869186948328e-01,7.916667351383823714e-01,7.916782241969873013e-01,1.116058627416122403e-17,-1.861712936493648069e-16
1.104166666666666741e+00,2.217608869186948328e-01,7.916667351383823714e-01,7.916782241969873013e-01,1.116058627417387662e-17,-1.861712936493547489e-16
1.108333333333333393e+00,2.217608869186948328e-01,7.916667351383823714e-01,7.916782241969873013e-01,1.116058627416127950e-17,-1.861712936493648069e-16
1.112500000000000044e+00,2.217608869186948328e-01,7.916667351383823714e-01,7.916782241969873013e-01,1.116058627417388278e-17,-1.861712936493547489e-16
1.116666666666666696e+00,2.217608869186948328e-01,7.916667351383823714e-01,7.916782241969873013e-01,1.116058627416128566e-17,-1.861712936493648069e-16
1.120833333333333348e+00,2.217608869186948328e-01,7.916667351383823714e-01,7.916782241969873013e-01,1.116058627417388894e-17,-1.861712936493547489e-16
1.125000000000000000e+00,2.217608869186948328e-01,7.916667351383823714e-01,7.916782241969873013e-01,1.116058627416129182e-17,-1.861712936493648069e-16
1.129166666666666652e+00,2.217608869186948328e-01,7.916667351383823714e-01,7.916782241969873013e-01,1.116058627417389511e-17,-1.861712936493547489e-16
1.133333333333333304e+00,2.217608869186948328e-01,7.916667351383823714e-01,7.916782241969873013e-01,1.116058627416124868e-17,-1.861712936493648069e-16
1.137499999999999956e+00,2.217608869186948328e-01,7.916667351383823714e-01,7.916782241969873013e-01,1.116058627417390127e-17,-1.861712936493547489e-16
1.141666666666666607e+00,2.217608869186948328e-01,7.916667351383823714e-01,7.916782241969873013e-01,1.116058627416125484e-17,-1.861712936493648069e-16
1.145833333333333259e+00,2.217608869186948328e-01,7.916667351383823714e-01,7.916782241969873013e-01,1.116058627417390743e-17,-1.861712936493547489e-16
1.149999999999999911e+00,2.217608869186948328e-01,7.916667351383823714e-01,7.916782241969873013e-01,1.116058627416126101e-17,-1.861712936493648069e-16
1.154166666666666563e+00,2.217608869186948328e-01,7.916667351383823714e-01,7.916782241969873013e-01,1.116058627417391360e-17,-1.861712936493547489e-16
1.158333333333333437e+00,2.217608869186948328e-01,7.916667351383823714e-01,7.916782241969873013e-01,1.116058627416126717e-17,-1.861712936493648069e-16
1.162500000000000089e+00,2.217608869186948328e-01,7.916667351383823714e-01,7.916782241969873013e-01,1.116058627417387046e-17,-1.861712936493547489e-16
1.166666666666666741e+00,2.217608869186948328e-01,7.916667351383823714e-01,7.916782241969873013e-01,1.116058627416122403e-17,-1.861712936493648069e-16
1.170833333333333393e+00,2.217608869186948328e-01,7.916667351383823714e-01,7.916782241969873013e-01,1.116058627417387662e-17,-1.861712936493547489e-16
1.175000000000000044e+00,2.217608869186948328e-01,7.916667351383823714e-01,7.916782241969873013e-01,1.116058627416127950e-17,-1.861712936493648069e-16
1.179166666666666696e+00,2.217608869186948328e-01,7.916667351383823714e-01,7.916782241969873013e-01,1.116058627417388278e-17,-1.861712936493547489e-16
1.183333333333333348e+00,2.217608869186948328e-01,7.916667351383823714e-01,7.916782241969873013e-01,1.116058627416128566e-17,-1.861712936493648069e-16
1.187500000000000000e+00,2.217608869186948328e-01,7.916667351383823714e-01,7.916782241969873013e-01,1.116058627417388894e-17,-1.861712936493547489e-16
1.191666666666666652e+00,2.217608869186948328e-01,7.916667351383823714e-01,7.916782241969873013e-01,1.116058627416129182e-17,-1.861712936493648069e-16
1.195833333333333304e+00,2.217608869186948328e-01,7.916667351383823714e-01,7.916782241969873013e-01,1.116058627417389511e-17,-1.861712936493547489e-16
1.199999999999999956e+00,2.217608869186948328e-01,7.916667351383823714e-01,7.916782241969873013e-01,1.116058627416124868e-17,-1.861712936493648069e-16
1.204166666666666607e+00,2.217608869186948328e-01,7.916667351383823714e-01,7.916782241969873013e-01,1.116058627417390127e-17,-1.861712936493547489e-16
1.208333333333333259e+00,2.217608869186948328e-01,7.916667351383823714e-01,7.916782241969873013e-01,1.116058627416125484e-17,-1.861712936493648069e-16
1.212499999999999911e+00,2.217608869186948328e-01,7.916667351383823714e-01,7.916782241969873013e-01,1.116058627417390743e-17,-1.861712936493547489e-16
1.216666666666666563e+00,2.217608869186948328e-01,7.916667351383823714e-01,7.916782241969873013e-01,1.116058627416126101e-17,-1.861712936493648069e-16
1.220833333333333437e+00,2.217608869186948328e-01,7.916667351383823714e-01,7.916782241969873013e-01,1.116058627417391360e-17,-1.861712936493547489e-16
1.225000000000000089e+00,2.217608869186948328e-01,7.916667351383823714e-01,7.916782241969873013e-01,1.116058627416126717e-17,-1.861712936493648069e-16
1.229166666666666741e+00,2.217608869186948328e-01,7.916667351383823714e-01,7.916782241969873013e-01,1.116058627417387046e-17,-1.861712936493547489e-16
1.233333333333333393e+00,2.217608869186948328e-01,7.916667351383823714e-01,7.916782241969873013e-01,1.116058627416122403e-17,-1.861712936493648069e-16
1.237500000000000044e+00,2.217608869186948328e-01,7.916667351383823714e-01,7.916782241969873013e-01,1.116058627417387662e-17,-1.861712936493547489e-16
1.241666666666666696e+00,2.217608869186948328e-01,7.916667351383823714e-01,7.916782241969873013e-01,1.116058627416127950e-17,-1.861712936493648069e-16
1.245833333333333348e+00,2.217608869186948328e-01,7.916667351383823714e-01,7.916782241969873013e-01,1.116058627417388278e-17,-1.861712936493547489e-16
1.250000000000000000e+00,2.217608869186948328e-01,7.916667351383823714e-01,7.916782241969873013e-01,1.116058627416128566e-17,-1.861712936493648069e-16
1.254166666666666652e+00,2.217608869186948328e-01,7.916667351383823714e-01,7.916782241969873013e-01,1.116058627417388894e-17,-1.861712936493547489e-16
1.258333333333333304e+00,2.217608869186948328e-01,7.916667351383823714e-01,7.916782241969873013e-01,1.116058627416129182e-17,-1.861712936493648069e-16
1.262499999999999956e+00,2.217608869186948328e-01,7.916667351383823714e-01,7.916782241969873013e-01,1.116058627417389511e-17,-1.861712936493547489e-16
1.266666666666666607e+00,2.217608869186948328e-01,7.916667351383823714e-01,7.916782241969873013e-01,1.116058627416124868e-17,-1.861712936493648069e-16
1.270833333333333259e+00,2.217608869186948328e-01,7.916667351383823714e-01,7.916782241969873013e-01,1.116058627417390127e-17,-1.861712936493547489e-16
1.274999999999999911e+00,2.217608869186948328e-01,7.916667351383823714e-01,7.916782241969873013e-01,1.116058627416125484e-17,-1.861712936493648069e-16
1.279166666666666563e+00,2.217608869186948328e-01,7.916667351383823714e-01,7.916782241969873013e-01,1.116058627417390743e-17,-1.861712936493547489e-16
1.283333333333333437e+00,2.217608869186948328e-01,7.916667351383823714e-01,7.916782241969873013e-01,1.116058627416126101e-17,-1.861712936493648069e-16
1.287500000000000089e+00,2.217608869186948328e-01,7.916667351383823714e-01,7.916782241969873013e-01,1.116058627417391360e-17,-1.861712936493547489e-16
1.291666666666666741e+00,2.217608869186948328e-01,7.916667351383823714e-01,7.916782241969873013e-01,1.116058627416126717e-17,-1.861712936493648069e-16
1.295833333333333393e+00,2.217608869186948328e-01,7.916667351383823714e-01,7.916782241969873013e-01,1.116058627417387046e-17,-1.861712936493547489e-16
1.300000000000000044e+00,2.217608869186948328e-01,7.916667351383823714e-01,7.916782241969873013e-01,1.116058627416122403e-17,-1.861712936493648069e-16
1.304166666666666696e+00,2.217608869186948328e-01,7.916667351383823714e-01,7.916782241969873013e-01,1.116058627417387662e-17,-1.861712936493547489e-16
1.308333333333333348e+00,2.217608869186948328e-01,7.916667351383823714e-01,7.916782241969873013e-01,1.116058627416127950e-17,-1.861712936493648069e-16
1.312500000000000000e+00,2.217608869186948328e-01,7.916667351383823714e-01,7.916782241969873013e-01,1.116058627417388278e-17,-1.861712936493547489e-16
1.316666666666666652e+00,2.217608869186948328e-01,7.916667351383823714e-01,7.916782241969873013e-01,1.116058627416128566e-17,-1.861712936493648069e-16
1.320833333333333304e+00,2.217608869186948328e-01,7.916667351383823714e-01,7.916782241969873013e-01,1.116058627417388894e-17,-1.861712936493547489e-16
1.324999999999999956e+00,2.217608869186948328e-01,7.916667351383823714e-01,7.916782241969873013e-01,1.116058627416129182e-17,-1.861712936493648069e-16
1.329166666666666607e+00,2.217608869186948328e-01,7.916667351383823714e-01,7.916782241969873013e-01,1.116058627417389511e-17,-1.861712936493547489e-16
1.333333333333333259e+00,2.217608869186948328e-01,7.916667351383823714e-01,7.916782241969873013e-01,1.116058627416124868e-17,-1.861712936493648069e-16
1.337499999999999911e+00,2.217608869186948328e-01,7.916667351383823714e-01,7.916782241969873013e-01,1.116058627417390127e-17,-1.861712936493547489e-16
1.341666666666666563e+00,2.217608869186948328e-01,7.916667351383823714e-01,7.916782241969873013e-01,1.116058627416125484e-17,-1.861712936493648069e-16
1.345833333333333437e+00,2.217608869186948328e-01,7.916667351383823714e-01,7.916782241969873013e-01,1.116058627417390743e-17,-1.861712936493547489e-16
1.350000000000000089e+00,2.217608869186948328e-01,7.916667351383823714e-01,7.916782241969873013e-01,1.116058627416126101e-17,-1.861712936493648069e-16
1.354166666666666741e+00,2.217608869186948328e-01,7.916667351383823714e-01,7.916782241969873013e-01,1.116058627417391360e-17,-1.861712936493547489e-16
1.358333333333333393e+00,2.217608869186948328e-01,7.916667351383823714e-01,7.916782241969873013e-01,1.116058627416126717e-17,-1.861712936493648069e-16
1.362500000000000044e+00,2.217608869186948328e-01,7.916667351383823714e-01,7.916782241969873013e-01,1.116058627417387046e-17,-1.861712936493547489e-16
1.366666666666666696e+00,2.217608869186948328e-01,7.916667351383823714e-01,7.916782241969873013e-01,1.116058627416122403e-17,-1.861712936493648069e-16
1.370833333333333348e+00,2.217608869186948328e-01,7.916667351383823714e-01,7.916782241969873013e-01,1.116058627417387662e-17,-1.861712936493547489e-16
1.375000000000000000e+00,2.217608869186948328e-01,7.916667351383823714e-01,7.916782241969873013e-01,1.116058627416127950e-17,-1.861712936493648069e-16
1.379166666666666652e+00,2.217608869186948328e-01,7.916667351383823714e-01,7.916782241969873013e-01,1.116058627417388278e-17,-1.861712936493547489e-16
1.383333333333333304e+00,2.217608869186948328e-01,7.916667351383823714e-01,7.916782241969873013e-01,1.116058627416128566e-17,-1.861712936493648069e-16
1.387499999999999956e+00,2.217608869186948328e-01,7.916667351383823714e-01,7.916782241969873013e-01,1.116058627417388894e-17,-1.861712936493547489e-16
1.391666666666666607e+00,2.217608869186948328e-01,7.916667351383823714e-01,7.916782241969873013e-01,1.116058627416129182e-17,-1.861712936493648069e-16
1.395833333333333259e+00,2.217608869186948328e-01,7.916667351383823714e-01,7.916782241969873013e-01,1.116058627417389511e-17,-1.861712936493547489e-16
1.399999999999999911e+00,2.217608869186948328e-01,7.916667351383823714e-01,7.916782241969873013e-01,1.116058627416124868e-17,-1.861712936493648069e-16
1.404166666666666563e+00,2.217608869186948328e-01,7.916667351383823714e-01,7.916782241969873013e-01,1.116058627417390127e-17,-1.861712936493547489e-16
1.408333333333333437e+00,2.217608869186948328e-01,7.916667351383823714e-01,7.916782241969873013e-01,1.116058627416125484e-17,-1.861712936493648069e-16
1.412500000000000089e+00,2.217608869186948328e-01,7.916667351383823714e-01,7.916782241969873013e-01,1.116058627417390743e-17,-1.861712936493547489e-16
1.416666666666666741e+00,2.217608869186948328e-01,7.916667351383823714e-01,7.916782241969873013e-01,1.116058627416126101e-17,-1.861712936493648069e-16
1.420833333333333393e+00,2.217608869186948328e-01,7.916667351383823714e-01,7.916782241969873013e-01,1.116058627417391360e-17,-1.861712936493547489e-16
1.425000000000000044e+00,2.217608869186948328e-01,7.916667351383823714e-01,7.916782241969873013e-01,1.116058627416126717e-17,-1.861712936493648069e-16
1.429166666666666696e+00,2.217608869186948328e-01,7.916667351383823714e-01,7.916782241969873013e-01,1.116058627417387046e-17,-1.861712936493547489e-16
1.433333333333333348e+00,2.217608869186948328e-01,7.916667351383823714e-01,7.916782241969873013e-01,1.116058627416122403e-17,-1.861712936493648069e-16
1.437500000000000000e+00,2.217608869186948328e-01,7.916667351383823714e-01,7.916782241969873013e-01,1.116058627417387662e-17,-1.861712936493547489e-16
1.441666666666666652e+00,2.217608869186948328e-01,7.916667351383823714e-01,7.916782241969873013e-01,1.116058627416127950e-17,-1.861712936493648069e-16
1.445833333333333304e+00,2.217608869186948328e-01,7.916667351383823714e-01,7.916782241969873013e-01,1.116058627417388278e-17,-1.861712936493547489e-16
1.449999999999999956e+00,2.217608869186948328e-01,7.916667351383823714e-01,7.916782241969873013e-01,1.116058627416128566e-17,-1.861712936493648069e-16
1.454166666666666607e+00,2.217608869186948328e-01,7.916667351383823714e-01,7.916782241969873013e-01,1.116058627417388894e-17,-1.861712936493547489e-16
1.458333333333333259e+00,2.217608869186948328e-01,7.916667351383823714e-01,7.916782241969873013e-01,1.116058627416129182e-17,-1.861712936493648069e-16
1.462499999999999911e+00,2.217608869186948328e-01,7.916667351383823714e-01,7.916782241969873013e-01,1.116058627417389511e-17,-1.861712936493547489e-16
1.466666666666666563e+00,2.217608869186948328e-01,7.916667351383823714e-01,7.916782241969873013e-01,1.116058627416124868e-17,-1.861712936493648069e-16
1.470833333333333437e+00,2.217608869186948328e-01,7.916667351383823714e-01,7.916782241969873013e-01,1.116058627417390127e-17,-1.861712936493547489e-16
1.475000000000000089e+00,2.217608869186948328e-01,7.916667351383823714e-01,7.916782241969873013e-01,1.116058627416125484e-17,-1.861712936493648069e-16
1.479166666666666741e+00,2.217608869186948328e-01,7.916667351383823714e-01,7.916782241969873013e-01,1.116058627417390743e-17,-1.861712936493547489e-16
1.483333333333333393e+00,2.217608869186948328e-01,7.916667351383823714e-01,7.916782241969873013e-01,1.116058627416126101e-17,-1.861712936493648069e-16
1.487500000000000044e+00,2.217608869186948328e-01,7.916667351383823714e-01,7.916782241969873013e-01,1.116058627417391360e-17,-1.861712936493547489e-16
1.491666666666666696e+00,2.217608869186948328e-01,7.916667351383823714e-01,7.916782241969873013e-01,1.116058627416126717e-17,-1.861712936493648069e-16
1.495833333333333348e+00,2.217608869186948328e-01,7.916667351383823714e-01,7.916782241969873013e-01,1.116058627417387046e-17,-1.861712936493547489e-16
1.500000000000000000e+00,2.217608869186948328e-01,7.916667351383823714e-01,7.916782241969873013e-01,1.116058627416122403e-17,-1.861712936493648069e-16
1.504166666666666652e+00,2.217608869186948328e-01,7.916667351383823714e-01,7.916782241969873013e-01,1.116058627417387662e-17,-1.861712936493547489e-16
1.508333333333333304e+00,2.217608869186948328e-01,7.916667351383823714e-01,7.916782241969873013e-01,1.116058627416127950e-17,-1.861712936493648069e-16
1.512499999999999956e+00,2.217608869186948328e-01,7.916667351383823714e-01,7.916782241969873013e-01,1.116058627417388278e-17,-1.861712936493547489e-16
1.516666666666666607e+00,2.217608869186948328e-01,7.916667351383823714e-01,7.916782241969873013e-01,1.116058627416128566e-17,-1.861712936493648069e-16
1.520833333333333259e+00,2.217608869186948328e-01,7.916667351383823714e-01,7.916782241969873013e-01,1.116058627417388894e-17,-1.861712936493547489e-16
1.524999999999999911e+00,2.217608869186948328e-01,7.916667351383823714e-01,7.916782241969873013e-01,1.116058627416129182e-17,-1.861712936493648069e-16
1.529166666666666563e+00,2.217608869186948328e-01,7.916667351383823714e-01,7.916782241969873013e-01,1.116058627417389511e-17,-1.861712936493547489e-16
1.533333333333333437e+00,2.217608869186948328e-01,7.916667351383823714e-01,7.916782241969873013e-01,1.116058627416124868e-17,-1.861712936493648069e-16
1.537500000000000089e+00,2.217608869186948328e-01,7.916667351383823714e-01,7.916782241969873013e-01,1.116058627417390127e-17,-1.861712936493547489e-16
1.541666666666666741e+00,2.217608869186948328e-01,7.916667351383823714e-01,7.916782241969873013e-01,1.116058627416125484e-17,-1.861712936493648069e-16
1.545833333333333393e+00,2.217608869186948328e-01,7.916667351383823714e-01,7.916782241969873013e-01,1.116058627417390743e-17,-1.861712936493547489e-16
1.550000000000000044e+00,2.217608869186948328e-01,7.916667351383823714e-01,7.916782241969873013e-01,1.116058627416126101e-17,-1.861712936493648069e-16
1.554166666666666696e+00,2.217608869186948328e-01,7.916667351383823714e-01,7.916782241969873013e-01,1.116058627417391360e-17,-1.861712936493547489e-16
1.558333333333333348e+00,2.217608869186948328e-01,7.916667351383823714e-01,7.916782241969873013e-01,1.116058627416126717e-17,-1.861712936493648069e-16
1.562500000000000000e+00,2.217608869186948328e-01,7.916667351383823714e-01,7.916782241969873013e-01,1.116058627417387046e-17,-1.861712936493547489e-16
1.566666666666666652e+00,2.217608869186948328e-01,7.916667351383823714e-01,7.916782241969873013e-01,1.116058627416122403e-17,-1.861712936493648069e-16
1.570833333333333304e+00,2.217608869186948328e-01,7.916667351383823714e-01,7.916782241969873013e-01,1.116058627417387662e-17,-1.861712936493547489e-16
1.574999999999999956e+00,2.217608869186948328e-01,7.916667351383823714e-01,7.916782241969873013e-01,1.116058627416127950e-17,-1.861712936493648069e-16
1.579166666666666607e+00,2.217608869186948328e-01,7.916667351383823714e-01,7.916782241969873013e-01,1.116058627417388278e-17,-1.861712936493547489e-16
1.583333333333333259e+00,2.217608869186948328e-01,7.916667351383823714e-01,7.916782241969873013e-01,1.116058627416128566e-17,-1.861712936493648069e-16
1.587499999999999911e+00,2.217608869186948328e-01,7.916667351383823714e-01,7.916782241969873013e-01,1.116058627417388894e-17,-1.861712936493547489e-16
1.591666666666666563e+00,2.217608869186948328e-01,7.916667351383823714e-01,7.916782241969873013e-01,1.116058627416129182e-17,-1.861712936493648069e-16
1.595833333333333437e+00,2.217608869186948328e-01,7.916667351383823714e-01,7.916782241969873013e-01,1.116058627417389511e-17,-1.861712936493547489e-16
1.600000000000000089e+00,2.217608869186948328e-01,7.916667351383823714e-01,7.916782241969873013e-01,1.116058627416124868e-17,-1.861712936493648069e-16
1.604166666666666741e+00,2.217608869186948328e-01,7.916667351383823714e-01,7.916782241969873013e-01,1.116058627417390127e-17,-1.861712936493547489e-16
1.608333333333333393e+00,2.217608869186948328e-01,7.916667351383823714e-01,7.916782241969873013e-01,1.116058627416125484e-17,-1.861712936493648069e-16
1.612500000000000044e+00,2.217608869186948328e-01,7.916667351383823714e-01,7.916782241969873013e-01,1.116058627417390743e-17,-1.861712936493547489e-16
1.616666666666666696e+00,2.217608869186948328e-01,7.916667351383823714e-01,7.916782241969873013e-01,1.116058627416126101e-17,-1.861712936493648069e-16
1.620833333333333348e+00,2.217608869186948328e-01,7.916667351383823714e-01,7.916782241969873013e-01,1.116058627417391360e-17,-1.861712936493547489e-16
1.625000000000000000e+00,2.217608869186948328e-01,7.916667351383823714e-01,7.916782241969873013e-01,1.116058627416126717e-17,-1.861712936493648069e-16
1.629166666666666652e+00,2.217608869186948328e-01,7.916667351383823714e-01,7.916782241969873013e-01,1.116058627417387046e-17,-1.861712936493547489e-16
1.633333333333333304e+00,2.217608869186948328e-01,7.916667351383823714e-01,7.916782241969873013e-01,1.116058627416122403e-17,-1.861712936493648069e-16
1.637499999999999956e+00,2.217608869186948328e-01,7.916667351383823714e-01,7.916782241969873013e-01,1.116058627417387662e-17,-1.861712936493547489e-16
1.641666666666666607e+00,2.217608869186948328e-01,7.916667351383823714e-01,7.916782241969873013e-01,1.116058627416127950e-17,-1.861712936493648069e-16
1.645833333333333259e+00,2.217608869186948328e-01,7.916667351383823714e-01,7.916782241969873013e-01,1.116058627417388278e-17,-1.861712936493547489e-16
1.649999999999999911e+00,2.217608869186948328e-01,7.916667351383823714e-01,7.916782241969873013e-01,1.116058627416128566e-17,-1.861712936493648069e-16
1.654166666666666563e+00,2.217608869186948328e-01,7.916667351383823714e-01,7.916782241969873013e-01,1.116058627417388894e-17,-1.861712936493547489e-16
1.658333333333333437e+00,2.217608869186948328e-01,7.916667351383823714e-01,7.916782241969873013e-01,1.116058627416129182e-17,-1.861712936493648069e-16
1.662500000000000089e+00,2.217608869186948328e-01,7.916667351383823714e-01,7.916782241969873013e-01,1.116058627417389511e-17,-1.861712936493547489e-16
1.666666666666666741e+00,2.217608869186948328e-01,7.916667351383823714e-01,7.916782241969873013e-01,1.116058627416124868e-17,-1.861712936493648069e-16
1.670833333333333393e+00,2.217608869186948328e-01,7.916667351383823714e-01,7.916782241969873013e-01,1.116058627417390127e-17,-1.861712936493547489e-16
1.675000000000000044e+00,2.217608869186948328e-01,7.916667351383823714e-01,7.916782241969873013e-01,1.116058627416125484e-17,-1.861712936493648069e-16
1.679166666666666696e+00,2.217608869186948328e-01,7.916667351383823714e-01,7.916782241969873013e-01,1.116058627417390743e-17,-1.861712936493547489e-16
1.683333333333333348e+00,2.217608869186948328e-01,7.916667351383823714e-01,7.916782241969873013e-01,1.116058627416126101e-17,-1.861712936493648069e-16
1.687500000000000000e+00,2.217608869186948328e-01,7.916667351383823714e-01,7.916782241969873013e-01,1.116058627417391360e-17,-1.861712936493547489e-16
1.691666666666666652e+00,2.217608869186948328e-01,7.916667351383823714e-01,7.916782241969873013e-01,1.116058627416126717e-17,-1.861712936493648069e-16
1.695833333333333304e+00,2.217608869186948328e-01,7.916667351383823714e-01,7.916782241969873013e-01,1.116058627417387046e-17,-1.861712936493547489e-16
1.699999999999999956e+00,2.217608869186948328e-01,7.916667351383823714e-01,7.916782241969873013e-01,1.116058627416122403e-17,-1.861712936493648069e-16
1.704166666666666607e+00,2.217608869186948328e-01,7.916667351383823714e-01,7.916782241969873013e-01,1.116058627417387662e-17,-1.861712936493547489e-16
1.708333333333333259e+00,2.217608869186948328e-01,7.916667351383823714e-01,7.916782241969873013e-01,1.116058627416127950e-17,-1.861712936493648069e-16
1.712499999999999911e+00,2.217608869186948328e-01,7.916667351383823714e-01,7.916782241969873013e-01,1.116058627417388278e-17,-1.861712936493547489e-16
1.716666666666666563e+00,2.217608869186948328e-01,7.916667351383823714e-01,7.916782241969873013e-01,1.116058627416128566e-17,-1.861712936493648069e-16
1.720833333333333437e+00,2.217608869186948328e-01,7.916667351383823714e-01,7.916782241969873013e-01,1.116058627417388894e-17,-1.861712936493547489e-16
1.725000000000000089e+00,2.217608869186948328e-01,7.916667351383823714e-01,7.916782241969873013e-01,1.116058627416129182e-17,-1.861712936493648069e-16
1.729166666666666741e+00,2.217608869186948328e-01,7.916667351383823714e-01,7.916782241969873013e-01,1.116058627417389511e-17,-1.861712936493547489e-16
1.733333333333333393e+00,2.217608869186948328e-01,7.916667351383823714e-01,7.916782241969873013e-01,1.116058627416124868e-17,-1.861712936493648069e-16
1.737500000000000044e+00,2.217608869186948328e-01,7.916667351383823714e-01,7.916782241969873013e-01,1.116058627417390127e-17,-1.861712936493547489e-16
1.741666666666666696e+00,2.217608869186948328e-01,7.916667351383823714e-01,7.916782241969873013e-01,1.116058627416125484e-17,-1.861712936493648069e-16
1.745833333333333348e+00,2.217608869186948328e-01,7.916667351383823714e-01,7.916782241969873013e-01,1.116058627417390743e-17,-1.861712936493547489e-16
1.750000000000000000e+00,2.217608869186948328e-01,7.916667351383823714e-01,7.916782241969873013e-01,1.116058627416126101e-17,-1.861712936493648069e-16
1.754166666666666652e+00,2.217608869186948328e-01,7.916667351383823714e-01,7.916782241969873013e-01,1.116058627417391360e-17,-1.861712936493547489e-16
1.758333333333333304e+00,2.217608869186948328e-01,7.916667351383823714e-01,7.916782241969873013e-01,1.116058627416126717e-17,-1.861712936493648069e-16
1.762499999999999956e+00,2.217608869186948328e-01,7.916667351383823714e-01,7.916782241969873013e-01,1.116058627417387046e-17,-1.861712936493547489e-16
1.766666666666666607e+00,2.217608869186948328e-01,7.916667351383823714e-01,7.916782241969873013e-01,1.116058627416122403e-17,-1.861712936493648069e-16
1.770833333333333259e+00,2.217608869186948328e-01,7.916667351383823714e-01,7.916782241969873013e-01,1.116058627417387662e-17,-1.861712936493547489e-16
1.774999999999999911e+00,2.217608869186948328e-01,7.916667351383823714e-01,7.916782241969873013e-01,1.116058627416127950e-17,-1.861712936493648069e-16
1.779166666666666563e+00,2.217608869186948328e-01,7.916667351383823714e-01,7.916782241969873013e-01,1.116058627417388278e-17,-1.861712936493547489e-16
1.783333333333333437e+00,2.217608869186948328e-01,7.916667351383823714e-01,7.916782241969873013e-01,1.116058627416128566e-17,-1.861712936493648069e-16
1.787500000000000089e+00,2.217608869186948328e-01,7.916667351383823714e-01,7.916782241969873013e-01,1.116058627417388894e-17,-1.861712936493547489e-16
1.791666666666666741e+00,2.217608869186948328e-01,7.916667351383823714e-01,7.916782241969873013e-01,1.116058627416129182e-17,-1.861712936493648069e-16
1.795833333333333393e+00,2.217608869186948328e-01,7.916667351383823714e-01,7.916782241969873013e-01,1.116058627417389511e-17,-1.861712936493547489e-16
1.800000000000000044e+00,2.217608869186948328e-01,7.916667351383823714e-01,7.916782241969873013e-01,1.116058627416124868e-17,-1.861712936493648069e-16
1.804166666666666696e+00,2.217608869186948328e-01,7.916667351383823714e-01,7.916782241969873013e-01,1.116058627417390127e-17,-1.861712936493547489e-16
1.808333333333333348e+00,2.217608869186948328e-01,7.916667351383823714e-01,7.916782241969873013e-01,1.116058627416125484e-17,-1.861712936493648069e-16
1.812500000000000000e+00,2.217608869186948328e-01,7.916667351383823714e-01,7.916782241969873013e-01,1.116058627417390743e-17,-1.861712936493547489e-16
1.816666666666666652e+00,2.217608869186948328e-01,7.916667351383823714e-01,7.916782241969873013e-01,1.116058627416126101e-17,-1.861712936493648069e-16
1.820833333333333304e+00,2.217608869186948328e-01,7.916667351383823714e-01,7.916782241969873013e-01,1.116058627417391360e-17,-1.861712936493547489e-16
1.824999999999999956e+00,2.217608869186948328e-01,7.916667351383823714e-01,7.916782241969873013e-01,1.116058627416126717e-17,-1.861712936493648069e-16
1.829166666666666607e+00,2.217608869186948328e-01,7.916667351383823714e-01,7.916782241969873013e-01,1.116058627417387046e-17,-1.861712936493547489e-16
1.833333333333333259e+00,2.217608869186948328e-01,7.916667351383823714e-01,7.916782241969873013e-01,1.116058627416122403e-17,-1.861712936493648069e-16
1.837499999999999911e+00,2.217608869186948328e-01,7.916667351383823714e-01,7.916782241969873013e-01,1.116058627417387662e-17,-1.861712936493547489e-16
1.841666666666666563e+00,2.217608869186948328e-01,7.916667351383823714e-01,7.916782241969873013e-01,1.116058627416127950e-17,-1.861712936493648069e-16
1.845833333333333437e+00,2.217608869186948328e-01,7.916667351383823714e-01,7.916782241969873013e-01,1.116058627417388278e-17,-1.861712936493547489e-16
1.850000000000000089e+00,2.217608869186948328e-01,7.916667351383823714e-01,7.916782241969873013e-01,1.116058627416128566e-17,-1.861712936493648069e-16
1.854166666666666741e+00,2.217608869186948328e-01,7.916667351383823714e-01,7.916782241969873013e-01,1.116058627417388894e-17,-1.861712936493547489e-16
1.858333333333333393e+00,2.217608869186948328e-01,7.916667351383823714e-01,7.916782241969873013e-01,1.116058627416129182e-17,-1.861712936493648069e-16
1.862500000000000044e+00,2.217608869186948328e-01,7.916667351383823714e-01,7.916782241969873013e-01,1.116058627417389511e-17,-1.861712936493547489e-16
1.866666666666666696e+00,2.217608869186948328e-01,7.916667351383823714e-01,7.916782241969873013e-01,1.116058627416124868e-17,-1.861712936493648069e-16
1.870833333333333348e+00,2.217608869186948328e-01,7.916667351383823714e-01,7.916782241969873013e-01,1.116058627417390127e-17,-1.861712936493547489e-16
1.875000000000000000e+00,2.217608869186948328e-01,7.916667351383823714e-01,7.916782241969873013e-01,1.116058627416125484e-17,-1.861712936493648069e-16
1.879166666666666652e+00,2.217608869186948328e-01,7.916667351383823714e-01,7.916782241969873013e-01,1.116058627417390743e-17,-1.861712936493547489e-16
1.883333333333333304e+00,2.217608869186948328e-01,7.916667351383823714e-01,7.916782241969873013e-01,1.116058627416126101e-17,-1.861712936493648069e-16
1.887499999999999956e+00,2.217608869186948328e-01,7.916667351383823714e-01,7.916782241969873013e-01,1.116058627417391360e-17,-1.861712936493547489e-16
1.891666666666666607e+00,2.217608869186948328e-01,7.916667351383823714e-01,7.916782241969873013e-01,1.116058627416126717e-17,-1.861712936493648069e-16
1.895833333333333259e+00,2.217608869186948328e-01,7.916667351383823714e-01,7.916782241969873013e-01,1.116058627417387046e-17,-1.861712936493547489e-16
1.899999999999999911e+00,2.217608869186948328e-01,7.916667351383823714e-01,7.916782241969873013e-01,1.116058627416122403e-17,-1.861712936493648069e-16
1.904166666666666563e+00,2.217608869186948328e-01,7.916667351383823714e-01,7.916782241969873013e-01,1.116058627417387662e-17,-1.861712936493547489e-16
1.908333333333333437e+00,2.217608869186948328e-01,7.916667351383823714e-01,7.916782241969873013e-01,1.116058627416127950e-17,-1.861712936493648069e-16
1.912500000000000089e+00,2.217608869186948328e-01,7.916667351383823714e-01,7.916782241969873013e-01,1.116058627417388278e-17,-1.861712936493547489e-16
1.916666666666666741e+00,2.217608869186948328e-01,7.916667351383823714e-01,7.916782241969873013e-01,1.116058627416128566e-17,-1.861712936493648069e-16
1.920833333333333393e+00,2.217608869186948328e-01,7.916667351383823714e-01,7.916782241969873013e-01,1.116058627417388894e-17,-1.861712936493547489e-16
1.925000000000000044e+00,2.217608869186948328e-01,7.916667351383823714e-01,7.916782241969873013e-01,1.116058627416129182e-17,-1.861712936493648069e-16
1.929166666666666696e+00,2.217608869186948328e-01,7.916667351383823714e-01,7.916782241969873013e-01,1.116058627417389511e-17,-1.861712936493547489e-16
1.933333333333333348e+00,2.217608869186948328e-01,7.916667351383823714e-01,7.916782241969873013e-01,1.116058627416124868e-17,-1.861712936493648069e-16
1.937500000000000000e+00,2.217608869186948328e-01,7.916667351383823714e-01,7.916782241969873013e-01,1.116058627417390127e-17,-1.861712936493547489e-16
1.941666666666666652e+00,2.217608869186948328e-01,7.916667351383823714e-01,7.916782241969873013e-01,1.116058627416125484e-17,-1.861712936493648069e-16
1.945833333333333304e+00,2.217608869186948328e-01,7.916667351383823714e-01,7.916782241969873013e-01,1.116058627417390743e-17,-1.861712936493547489e-16
1.949999999999999956e+00,2.217608869186948328e-01,7.916667351383823714e-01,7.916782241969873013e-01,1.116058627416126101e-17,-1.861712936493648069e-16
1.954166666666666607e+00,2.217608869186948328e-01,7.916667351383823714e-01,7.916782241969873013e-01,1.116058627417391360e-17,-1.861712936493547489e-16
1.958333333333333259e+00,2.217608869186948328e-01,7.916667351383823714e-01,7.916782241969873013e-01,1.116058627416126717e-17,-1.861712936493648069e-16
1.962499999999999911e+00,2.217608869186948328e-01,7.916667351383823714e-01,7.916782241969873013e-01,1.116058627417387046e-17,-1.861712936493547489e-16
1.966666666666666563e+00,2.217608869186948328e-01,7.916667351383823714e-01,7.916782241969873013e-01,1.116058627416122403e-17,-1.861712936493648069e-16
1.970833333333333437e+00,2.217608869186948328e-01,7.916667351383823714e-01,7.916782241969873013e-01,1.116058627417387662e-17,-1.861712936493547489e-16
1.975000000000000089e+00,2.217608869186948328e-01,7.916667351383823714e-01,7.916782241969873013e-01,1.116058627416127950e-17,-1.861712936493648069e-16
1.979166666666666741e+00,2.217608869186948328e-01,7.916667351383823714e-01,7.916782241969873013e-01,1.116058627417388278e-17,-1.861712936493547489e-16
1.983333333333333393e+00,2.217608869186948328e-01,7.916667351383823714e-01,7.916782241969873013e-01,1.116058627416128566e-17,-1.861712936493648069e-16
1.987500000000000044e+00,2.217608869186948328e-01,7.916667351383823714e-01,7.916782241969873013e-01,1.116058627417388894e-17,-1.861712936493547489e-16
1.991666666666666696e+00,2.217608869186948328e-01,7.916667351383823714e-01,7.916782241969873013e-01,1.116058627416129182e-17,-1.861712936493648069e-16
1.995833333333333348e+00,2.217608869186948328e-01,7.916667351383823714e-01,7.916782241969873013e-01,1.116058627417389511e-17,-1.861712936493547489e-16
2.000000000000000000e+00,2.217608869186948328e-01,7.916667351383823714e-01,7.916782241969873013e-01,1.116058627416124868e-17,-1.861712936493648069e-16
