# Time, SliderHeight, Motor1Pos, Motor2Pos, Motor1Vel, Motor2Vel
0.000000000000000000e+00,2.874645000000566331e-01,0.000000000000000000e+00,0.000000000000000000e+00,0.000000000000000000e+00,0.000000000000000000e+00
4.166666666666666609e-03,2.874645000000566331e-01,2.083333333333333218e-02,2.083198625620850952e-02,5.000000000000000000e+00,4.999676701490042063e+00
8.333333333333333218e-03,2.882853511927129242e-01,4.166666666666666435e-02,-3.263060019964569847e-07,5.000000000000000000e+00,-4.999755014930521213e+00
1.250000000000000069e-02,2.895337181475950428e-01,6.250000000000000000e-02,2.083180426917186426e-02,5.000000000000000000e+00,4.999711338041726627e+00
1.666666666666666644e-02,2.899150292051934641e-01,8.333333333333332871e-02,-7.459692407292550786e-07,5.000000000000000000e+00,-4.999812057219022776e+00
2.083333333333333218e-02,2.907484777944997489e-01,1.041666666666666574e-01,2.083167234618607186e-02,5.000000000000000000e+00,4.999780395702432045e+00
2.500000000000000139e-02,2.906928615705809960e-01,1.249999999999999861e-01,-1.078781388968996779e-06,5.000000000000000000e+00,-4.999860270618009750e+00
2.916666666666666713e-02,2.911129204465169873e-01,1.458333333333333148e-01,2.083157237446577048e-02,5.000000000000000000e+00,4.999836277405137253e+00
3.333333333333333287e-02,2.906192288273641844e-01,1.666666666666666574e-01,2.364812522193115996e-08,5.000000000000000000e+00,-4.999571694321732096e+00
3.749999999999999861e-02,2.906236061138351423e-01,1.875000000000000000e-01,2.083285957224243964e-02,5.000000000000000000e+00,4.999880621788132196e+00
4.166666666666666435e-02,2.896908650712804456e-01,2.083333333333333426e-01,8.526742265868580972e-07,5.000000000000000000e+00,-4.999681655523804835e+00
4.583333333333333010e-02,2.892813878865065358e-01,2.291666666666666852e-01,2.083266586867476428e-02,5.000000000000000000e+00,4.999635166667562913e+00
5.000000000000000278e-02,2.879127562947157992e-01,2.500000000000000000e-01,2.894478110977705132e-07,5.000000000000000000e+00,-4.999770341007280017e+00
5.416666666666666852e-02,2.870874413599376340e-01,2.708333333333333148e-01,2.083252619165106012e-02,5.000000000000000000e+00,4.999736818521591353e+00
5.833333333333333426e-02,2.852822942702223918e-01,2.916666666666666297e-01,-1.333107874472438947e-07,5.000000000000000000e+00,-4.999838280585241712e+00
6.250000000000000000e-02,2.840393145671950004e-01,3.124999999999999445e-01,2.083242746997877870e-02,5.000000000000000000e+00,4.999814587383894171e+00
6.666666666666666574e-02,2.817972460296727100e-01,3.333333333333332593e-01,-4.428598242497971960e-07,5.000000000000000000e+00,-4.999888879152726950e+00
7.083333333333333148e-02,2.801349345652704437e-01,3.541666666666665741e-01,2.083235906984345909e-02,5.000000000000000000e+00,4.999872463120250465e+00
7.499999999999999722e-02,2.774557320215085277e-01,3.749999999999998890e-01,7.100622062099215537e-07,5.000000000000000000e+00,-4.999595761832940077e+00
7.916666666666666297e-02,2.753725580305855791e-01,3.958333333333332038e-01,2.083368660932597913e-02,5.000000000000000000e+00,4.999914371308745054e+00
8.333333333333332871e-02,2.722562025230183536e-01,4.166666666666665186e-01,1.523832863042223762e-06,5.000000000000000000e+00,-4.999719066351104857e+00
8.749999999999999445e-02,2.697508634626852864e-01,4.374999999999998335e-01,2.083353748568761085e-02,5.000000000000000000e+00,4.999683276677896693e+00
9.166666666666666019e-02,2.661975530377183596e-01,4.583333333333331483e-01,1.000306269278300464e-06,5.000000000000000000e+00,-4.999808923060399479e+00
9.583333333333333981e-02,2.632688787018233056e-01,4.791666666666664631e-01,2.083343417558939162e-02,5.000000000000000000e+00,4.999784128636827418e+00
1.000000000000000056e-01,2.592789560911475943e-01,4.999999999999997780e-01,6.307876866222528189e-07,5.000000000000000000e+00,-4.999872813096664537e+00
1.041666666666666713e-01,2.559259481282947224e-01,5.208333333333331483e-01,2.083336379478271591e-02,5.000000000000000000e+00,4.999855921703062478e+00
1.083333333333333370e-01,2.514999800067209135e-01,5.416666666666665186e-01,3.756838941847140401e-07,5.000000000000000000e+00,-4.999917146613247709e+00
1.125000000000000028e-01,2.477218139701562460e-01,5.624999999999998890e-01,2.083370901722751689e-02,5.000000000000000000e+00,5.000000000000000000e+00
1.166666666666666685e-01,2.428605523713958103e-01,5.832695553959037493e-01,1.993072350237046209e-04,4.984693295016938031e+00,-4.952256427728914723e+00
1.208333333333333343e-01,2.436670289366245634e-01,6.041028887292371197e-01,2.103264056835704027e-02,5.000000000000000000e+00,5.000000000000000888e+00
1.250000000000000000e-01,2.433845369423779104e-01,6.249362220625704900e-01,2.004419029157551713e-04,5.000000000000000000e+00,-4.999727679705908479e+00
1.291666666666666796e-01,2.437613738846922395e-01,6.457695553959038604e-01,2.103251068555525224e-02,5.000000000000000000e+00,4.999696507833479409e+00
1.333333333333333315e-01,2.430377464461828119e-01,6.666028887292372307e-01,2.045522592931288408e-04,5.000000000000000000e+00,-4.998710022302909728e+00
1.375000000000000111e-01,2.429837681144458306e-01,6.874362220625706010e-01,2.103704294932459001e-02,5.000000000000000000e+00,4.999797765607550737e+00
1.416666666666666630e-01,2.418240221331728335e-01,7.082695553959039714e-01,4.187067966618859827e-02,5.000000000000000000e+00,5.000072812047362980e+00
1.458333333333333426e-01,2.404454037994979421e-01,7.291028887292373417e-01,6.270421315526927830e-02,5.000000000000000000e+00,5.000048037379364096e+00
1.499999999999999944e-01,2.388494620960358306e-01,7.499362220625707121e-01,8.353767406683507146e-02,5.000000000000000000e+00,5.000030618775792135e+00
1.541666666666666741e-01,2.370377433063652617e-01,7.707696465275879483e-01,1.043710074001684002e-01,5.000021871604146462e+00,5.000000000000000000e+00
1.583333333333333259e-01,2.350118157984201206e-01,7.916029798609213186e-01,1.252051322946402534e-01,5.000000000000000000e+00,5.000189974673241444e+00
1.625000000000000056e-01,2.327732507509456816e-01,7.916029798609213186e-01,1.460385560180747777e-01,0.000000000000000000e+00,5.000021693624285390e+00
1.666666666666666574e-01,2.307822801715682104e-01,7.916029798609213186e-01,1.252053820390260086e-01,0.000000000000000000e+00,-4.999961754971704586e+00
1.708333333333333370e-01,2.295107373969789422e-01,7.916029798609213186e-01,1.460384757383067222e-01,0.000000000000000000e+00,4.999942487827373050e+00
1.749999999999999889e-01,2.271838855668922574e-01,7.916029798609213186e-01,1.252053017561290393e-01,0.000000000000000000e+00,-4.999961755722647005e+00
1.791666666666666685e-01,2.255765571029806349e-01,7.916029798609213186e-01,1.460383954578626797e-01,0.000000000000000000e+00,4.999942488416071917e+00
1.833333333333333204e-01,2.229140261403713130e-01,7.916029798609213186e-01,1.252052214740677627e-01,0.000000000000000000e+00,-4.999961756110776534e+00
1.875000000000000000e-01,2.209711296591336804e-01,7.903546142076869341e-01,1.460232442773710670e-01,-2.996077567762522320e-01,4.996325472792791267e+00
1.916666666666666796e-01,2.210574418841703692e-01,7.903546142076869341e-01,1.251899109440377245e-01,0.000000000000000000e+00,-5.000000000000000000e+00
1.958333333333333315e-01,2.218310213740910530e-01,7.903546142076866010e-01,1.460232442773709005e-01,-9.195422201457859046e-14,4.999999999999965361e+00
2.000000000000000111e-01,2.217666193058507873e-01,7.903546142076866010e-01,1.251899109440375579e-01,0.000000000000000000e+00,-5.000000000000000000e+00
2.041666666666666630e-01,2.224174042802267992e-01,7.903546142076866010e-01,1.460232442773708728e-01,0.000000000000000000e+00,4.999999999999998224e+00
2.083333333333333426e-01,2.220122516136617263e-01,7.903546142076866010e-01,1.251899109440375302e-01,0.000000000000000000e+00,-4.999999999999999112e+00
2.124999999999999944e-01,2.223223571763760509e-01,7.903546142076863790e-01,1.460232442773707895e-01,-5.648259637780483899e-14,4.999999999999980460e+00
2.166666666666666741e-01,2.217666193058506208e-01,7.903546142076863790e-01,1.251899109440374747e-01,0.000000000000000000e+00,-4.999999999999999112e+00
2.208333333333333259e-01,2.219261727789984540e-01,7.903546142075259517e-01,1.460232442773161665e-01,-3.850776988945092683e-11,4.999999999986888710e+00
2.250000000000000056e-01,2.217666193058532298e-01,7.903546142075259517e-01,1.251899109439828239e-01,0.000000000000000000e+00,-5.000000000000000000e+00
2.291666666666666574e-01,2.223222723540557166e-01,7.903546142075259517e-01,1.460232442773161665e-01,0.000000000000000000e+00,5.000000000000000000e+00
2.333333333333333370e-01,2.218220092523522646e-01,7.903546142075259517e-01,1.251899109439828239e-01,0.000000000000000000e+00,-5.000000000000000000e+00
2.374999999999999889e-01,2.220370251680252038e-01,7.903546142075087433e-01,1.460232442773103101e-01,-4.118035773492678686e-12,4.999999999998595790e+00
2.416666666666666685e-01,2.217666193058509538e-01,7.903546142075087433e-01,1.251899109439769675e-01,0.000000000000000000e+00,-5.000000000000001776e+00
2.458333333333333204e-01,2.222114429677118919e-01,7.903546142075086323e-01,1.460232442773102546e-01,-3.295280714965542757e-14,4.999999999999987566e+00
2.500000000000000000e-01,2.217666193058510649e-01,7.903546142075086323e-01,1.251899109439769120e-01,0.000000000000000000e+00,-5.000000000000000000e+00
2.541666666666666519e-01,2.220370624910864565e-01,7.903546142074974190e-01,1.460232442773064243e-01,-2.685841132832322842e-12,4.999999999999085176e+00
2.583333333333333592e-01,2.217666193058512591e-01,7.903546142074974190e-01,1.251899109439730817e-01,0.000000000000000000e+00,-5.000000000000000888e+00
2.625000000000000111e-01,2.222114056524814307e-01,7.903546142074973080e-01,1.460232442773063688e-01,-3.197095366225255475e-14,4.999999999999987566e+00
2.666666666666666630e-01,2.217666193058508428e-01,7.903546142074973080e-01,1.251899109439730262e-01,0.000000000000000000e+00,-5.000000000000000000e+00
2.708333333333333148e-01,2.220370997981748196e-01,7.903546142074860947e-01,1.460232442773025663e-01,-2.682340460857801645e-12,4.999999999999087841e+00
2.750000000000000222e-01,2.217666193058510649e-01,7.903546142074860947e-01,1.251899109439692515e-01,0.000000000000000000e+00,-4.999999999999999112e+00
2.791666666666666741e-01,2.222113683532194739e-01,7.903546142074859837e-01,1.460232442773025385e-01,-3.197095366225255475e-14,4.999999999999988454e+00
2.833333333333333259e-01,2.217666193058507873e-01,7.903546142074859837e-01,1.251899109439691959e-01,0.000000000000000000e+00,-5.000000000000000888e+00
2.874999999999999778e-01,2.220371370892984808e-01,7.903546142074747705e-01,1.460232442772987360e-01,-2.678374882991718664e-12,4.999999999999087841e+00
2.916666666666666852e-01,2.217666193058511204e-01,7.903546142074747705e-01,1.251899109439654212e-01,0.000000000000000000e+00,-4.999999999999999112e+00
2.958333333333333370e-01,2.222113310699194155e-01,7.903546142074746594e-01,1.460232442772987083e-01,-3.197095366225255475e-14,4.999999999999990230e+00
2.999999999999999889e-01,2.217666193058510093e-01,7.903546142074746594e-01,1.251899109439653657e-01,0.000000000000000000e+00,-4.999999999999999112e+00
3.041666666666666408e-01,2.220371743644644069e-01,7.903546142074635572e-01,1.460232442772949057e-01,-2.673285204313202712e-12,4.999999999999091393e+00
3.083333333333333481e-01,2.217666193058512036e-01,7.903546142074635572e-01,1.251899109439615632e-01,0.000000000000000000e+00,-5.000000000000001776e+00
3.125000000000000000e-01,2.222112938025737894e-01,7.903546142074634462e-01,1.460232442772948502e-01,-3.309505447468552575e-14,4.999999999999988454e+00
3.166666666666666519e-01,2.217666193058509538e-01,7.903546142074634462e-01,1.251899109439615077e-01,0.000000000000000000e+00,-5.000000000000000888e+00
3.208333333333333592e-01,2.220372116236788151e-01,7.903546142074523440e-01,1.460232442772910477e-01,-2.667869397621203120e-12,4.999999999999092282e+00
3.250000000000000111e-01,2.217666193058511481e-01,7.903546142074523440e-01,1.251899109439577051e-01,0.000000000000000000e+00,-5.000000000000000000e+00
3.291666666666666630e-01,2.222112565511762117e-01,7.903546142074522329e-01,1.460232442772909922e-01,-3.197095366225255475e-14,4.999999999999987566e+00
3.333333333333333148e-01,2.217666193058510093e-01,7.903546142074522329e-01,1.251899109439576496e-01,0.000000000000000000e+00,-5.000000000000000888e+00
3.375000000000000222e-01,2.220372488669490052e-01,7.903546142074411307e-01,1.460232442772871897e-01,-2.663577691741636500e-12,4.999999999999092282e+00
3.416666666666666741e-01,2.217666193058511204e-01,7.903546142074411307e-01,1.251899109439538471e-01,0.000000000000000000e+00,-5.000000000000000000e+00
3.458333333333333259e-01,2.222112193157196047e-01,7.903546142074410197e-01,1.460232442772871342e-01,-3.197095366225255475e-14,4.999999999999986677e+00
3.499999999999999778e-01,2.217666193058509538e-01,7.903546142074410197e-01,1.251899109439537916e-01,0.000000000000000000e+00,-5.000000000000000000e+00
3.541666666666666852e-01,2.220372860942815829e-01,7.903546142074299174e-01,1.460232442772833594e-01,-2.660077019767115303e-12,4.999999999999095834e+00
3.583333333333333370e-01,2.217666193058512036e-01,7.903546142074299174e-01,1.251899109439500446e-01,0.000000000000000000e+00,-4.999999999999999112e+00
3.624999999999999889e-01,2.222111820961975570e-01,7.903546142074298064e-01,1.460232442772833317e-01,-3.197095366225255475e-14,4.999999999999986677e+00
3.666666666666666408e-01,2.217666193058508983e-01,7.903546142074298064e-01,1.251899109439499891e-01,0.000000000000000000e+00,-5.000000000000000000e+00
3.708333333333333481e-01,2.220373233056830986e-01,7.903546142074187042e-01,1.460232442772795569e-01,-2.654661213075115711e-12,4.999999999999097611e+00
3.750000000000000000e-01,2.217666193058511204e-01,7.903546142074187042e-01,1.251899109439462143e-01,0.000000000000000000e+00,-4.999999999999999112e+00
3.791666666666666519e-01,2.222111448926029076e-01,7.903546142074185932e-01,1.460232442772795014e-01,-3.262667913617178783e-14,4.999999999999987566e+00
3.833333333333333592e-01,2.217666193058507873e-01,7.903546142074185932e-01,1.251899109439461588e-01,0.000000000000000000e+00,-5.000000000000001776e+00
3.875000000000000111e-01,2.220373605011606299e-01,7.903546142074076020e-01,1.460232442772757266e-01,-2.650692165762080776e-12,4.999999999999098499e+00
3.916666666666666630e-01,2.217666193058509538e-01,7.903546142074076020e-01,1.251899109439423841e-01,0.000000000000000000e+00,-5.000000000000000000e+00
3.958333333333333148e-01,2.222111077049289118e-01,7.903546142074074909e-01,1.460232442772756711e-01,-3.309505447468552575e-14,4.999999999999986677e+00
4.000000000000000222e-01,2.217666193058510093e-01,7.903546142074074909e-01,1.251899109439423285e-01,0.000000000000000000e+00,-5.000000000000001776e+00
4.041666666666666741e-01,2.220373976807217264e-01,7.903546142073964997e-01,1.460232442772719241e-01,-2.645935553990952371e-12,4.999999999999100275e+00
4.083333333333333259e-01,2.217666193058512314e-01,7.903546142073964997e-01,1.251899109439386093e-01,0.000000000000000000e+00,-4.999999999999999112e+00
4.124999999999999778e-01,2.222110705331688529e-01,7.903546142073963887e-01,1.460232442772718964e-01,-3.323383235276367031e-14,4.999999999999989342e+00
4.166666666666666852e-01,2.217666193058511481e-01,7.903546142073963887e-01,1.251899109439385538e-01,0.000000000000000000e+00,-5.000000000000002665e+00
4.208333333333333370e-01,2.220374348443722723e-01,7.903546142073853975e-01,1.460232442772681216e-01,-2.641310781203998204e-12,4.999999999999098499e+00
4.249999999999999889e-01,2.217666193058511204e-01,7.903546142073853975e-01,1.251899109439347790e-01,0.000000000000000000e+00,-5.000000000000000888e+00
4.291666666666666408e-01,2.222110333773154589e-01,7.903546142073852865e-01,1.460232442772680661e-01,-3.294933770270347395e-14,4.999999999999987566e+00
4.333333333333333481e-01,2.217666193058511204e-01,7.903546142073852865e-01,1.251899109439347235e-01,0.000000000000000000e+00,-4.999999999999999112e+00
4.375000000000000000e-01,2.220374719921194007e-01,7.903546142073742953e-01,1.460232442772643191e-01,-2.636224571972434205e-12,4.999999999999102940e+00
4.416666666666666519e-01,2.217666193058513702e-01,7.903546142073742953e-01,1.251899109439309765e-01,0.000000000000000000e+00,-5.000000000000000000e+00
4.458333333333333592e-01,2.222109962373627623e-01,7.903546142073741843e-01,1.460232442772642636e-01,-3.309505447468552575e-14,4.999999999999986677e+00
4.500000000000000111e-01,2.217666193058510649e-01,7.903546142073741843e-01,1.251899109439309210e-01,0.000000000000000000e+00,-5.000000000000000000e+00
4.541666666666666630e-01,2.220375091239692178e-01,7.903546142073631930e-01,1.460232442772605166e-01,-2.631603268632431991e-12,4.999999999999102940e+00
4.583333333333333148e-01,2.217666193058512869e-01,7.903546142073631930e-01,1.251899109439271740e-01,0.000000000000000000e+00,-5.000000000000000000e+00
4.625000000000000222e-01,2.222109591133035467e-01,7.903546142073630820e-01,1.460232442772604611e-01,-3.276892646120188601e-14,4.999999999999988454e+00
4.666666666666666741e-01,2.217666193058510649e-01,7.903546142073630820e-01,1.251899109439271185e-01,0.000000000000000000e+00,-5.000000000000000888e+00
4.708333333333333259e-01,2.220375462399292732e-01,7.903546142073520908e-01,1.460232442772567141e-01,-2.626981965292429777e-12,4.999999999999105604e+00
4.749999999999999778e-01,2.217666193058513147e-01,7.903546142073520908e-01,1.251899109439233715e-01,0.000000000000000000e+00,-5.000000000000002665e+00
4.791666666666666852e-01,2.222109220051309841e-01,7.903546142073519798e-01,1.460232442772566586e-01,-3.197095366225255475e-14,4.999999999999988454e+00
4.833333333333333370e-01,2.217666193058511204e-01,7.903546142073519798e-01,1.251899109439233160e-01,0.000000000000000000e+00,-5.000000000000000000e+00
4.874999999999999889e-01,2.220375833400062837e-01,7.903546142073410996e-01,1.460232442772529393e-01,-2.623016387426346796e-12,4.999999999999108269e+00
4.916666666666666408e-01,2.217666193058512869e-01,7.903546142073410996e-01,1.251899109439195967e-01,0.000000000000000000e+00,-5.000000000000000888e+00
4.958333333333333481e-01,2.222108849128380803e-01,7.903546142073409886e-01,1.460232442772528838e-01,-3.276892646120188601e-14,4.999999999999988454e+00
5.000000000000000000e-01,2.217666193058513702e-01,7.903546142073409886e-01,1.251899109439195412e-01,0.000000000000000000e+00,-5.000000000000000000e+00
5.041666666666666519e-01,2.220376204242074936e-01,7.903546142073301084e-01,1.460232442772491646e-01,-2.617600580734347204e-12,4.999999999999110045e+00
5.083333333333333037e-01,2.217666193058512869e-01,7.903546142073301084e-01,1.251899109439158220e-01,0.000000000000000000e+00,-5.000000000000000000e+00
5.124999999999999556e-01,2.222108478364178130e-01,7.903546142073299974e-01,1.460232442772491090e-01,-3.197095366225255475e-14,4.999999999999987566e+00
5.166666666666667185e-01,2.217666193058512591e-01,7.903546142073299974e-01,1.251899109439157665e-01,0.000000000000000000e+00,-5.000000000000000000e+00
5.208333333333333703e-01,2.220376574925389812e-01,7.903546142073191172e-01,1.460232442772453898e-01,-2.612837030069314892e-12,4.999999999999108269e+00
5.250000000000000222e-01,2.217666193058514534e-01,7.903546142073191172e-01,1.251899109439120472e-01,0.000000000000000000e+00,-5.000000000000002665e+00
5.291666666666666741e-01,2.222108107758643258e-01,7.903546142073190062e-01,1.460232442772453343e-01,-3.197095366225255475e-14,4.999999999999988454e+00
5.333333333333333259e-01,2.217666193058510649e-01,7.903546142073190062e-01,1.251899109439120195e-01,0.000000000000000000e+00,-4.999999999999999112e+00
5.374999999999999778e-01,2.220376945450069917e-01,7.903546142073081260e-01,1.460232442772416428e-01,-2.608215726729312678e-12,4.999999999999110045e+00
5.416666666666666297e-01,2.217666193058515645e-01,7.903546142073081260e-01,1.251899109439083002e-01,0.000000000000000000e+00,-5.000000000000000000e+00
5.458333333333332815e-01,2.222107737311708742e-01,7.903546142073080150e-01,1.460232442772415873e-01,-3.197095366225255475e-14,4.999999999999987566e+00
5.500000000000000444e-01,2.217666193058511759e-01,7.903546142073080150e-01,1.251899109439082447e-01,0.000000000000000000e+00,-5.000000000000000888e+00
5.541666666666666963e-01,2.220377315816191022e-01,7.903546142072971348e-01,1.460232442772378958e-01,-2.603597892836262417e-12,4.999999999999112710e+00
5.583333333333333481e-01,2.217666193058513979e-01,7.903546142072971348e-01,1.251899109439045532e-01,0.000000000000000000e+00,-5.000000000000000888e+00
5.625000000000000000e-01,2.222107367023296032e-01,7.903546142072970238e-01,1.460232442772378403e-01,-3.197095366225255475e-14,4.999999999999986677e+00
5.666666666666666519e-01,2.217666193058512314e-01,7.903546142072970238e-01,1.251899109439044977e-01,0.000000000000000000e+00,-5.000000000000000000e+00
5.708333333333333037e-01,2.220377686023824459e-01,7.903546142072861436e-01,1.460232442772341488e-01,-2.598834342171230105e-12,4.999999999999113598e+00
5.749999999999999556e-01,2.217666193058513979e-01,7.903546142072861436e-01,1.251899109439008062e-01,0.000000000000000000e+00,-5.000000000000000888e+00
5.791666666666667185e-01,2.222106996893341291e-01,7.903546142072860325e-01,1.460232442772340933e-01,-3.309505447468552575e-14,4.999999999999988454e+00
5.833333333333333703e-01,2.217666193058511204e-01,7.903546142072860325e-01,1.251899109439007507e-01,0.000000000000000000e+00,-5.000000000000000000e+00
5.875000000000000222e-01,2.220378056073032680e-01,7.903546142072752634e-01,1.460232442772304018e-01,-2.594213038831227891e-12,4.999999999999117151e+00
5.916666666666666741e-01,2.217666193058511759e-01,7.903546142072752634e-01,1.251899109438970592e-01,0.000000000000000000e+00,-5.000000000000001776e+00
5.958333333333333259e-01,2.222106626921774852e-01,7.903546142072751524e-01,1.460232442772303463e-01,-3.309505447468552575e-14,4.999999999999988454e+00
5.999999999999999778e-01,2.217666193058512314e-01,7.903546142072751524e-01,1.251899109438970037e-01,0.000000000000000000e+00,-5.000000000000000888e+00
6.041666666666666297e-01,2.220378425963891456e-01,7.903546142072643832e-01,1.460232442772266548e-01,-2.590063580276691368e-12,4.999999999999118927e+00
6.083333333333332815e-01,2.217666193058511759e-01,7.903546142072643832e-01,1.251899109438933122e-01,0.000000000000000000e+00,-5.000000000000000000e+00
6.125000000000000444e-01,2.222106257108530381e-01,7.903546142072642722e-01,1.460232442772265993e-01,-3.197095366225255475e-14,4.999999999999988454e+00
6.166666666666666963e-01,2.217666193058511759e-01,7.903546142072642722e-01,1.251899109438932567e-01,0.000000000000000000e+00,-5.000000000000000000e+00
6.208333333333333481e-01,2.220378795696459906e-01,7.903546142072535030e-01,1.460232442772229078e-01,-2.585300029611659056e-12,4.999999999999119815e+00
6.250000000000000000e-01,2.217666193058512869e-01,7.903546142072535030e-01,1.251899109438895652e-01,0.000000000000000000e+00,-5.000000000000000000e+00
6.291666666666666519e-01,2.222105887453545425e-01,7.903546142072533920e-01,1.460232442772228523e-01,-3.342118248816916548e-14,4.999999999999988454e+00
6.333333333333333037e-01,2.217666193058513147e-01,7.903546142072533920e-01,1.251899109438895097e-01,0.000000000000000000e+00,-5.000000000000000888e+00
6.374999999999999556e-01,2.220379165270808808e-01,7.903546142072426228e-01,1.460232442772191885e-01,-2.581469760176702266e-12,4.999999999999122480e+00
6.416666666666667185e-01,2.217666193058515089e-01,7.903546142072426228e-01,1.251899109438858460e-01,0.000000000000000000e+00,-5.000000000000000000e+00
6.458333333333333703e-01,2.222105517956748932e-01,7.903546142072425118e-01,1.460232442772191330e-01,-3.276892646120188601e-14,4.999999999999987566e+00
6.500000000000000222e-01,2.217666193058510649e-01,7.903546142072425118e-01,1.251899109438857904e-01,0.000000000000000000e+00,-5.000000000000001776e+00
6.541666666666666741e-01,2.220379534686995893e-01,7.903546142072317426e-01,1.460232442772154693e-01,-2.577504182310619285e-12,4.999999999999123368e+00
6.583333333333333259e-01,2.217666193058512314e-01,7.903546142072317426e-01,1.251899109438821267e-01,0.000000000000000000e+00,-5.000000000000000000e+00
6.624999999999999778e-01,2.222105148618072068e-01,7.903546142072316316e-01,1.460232442772154138e-01,-3.309505447468552575e-14,4.999999999999989342e+00
6.666666666666666297e-01,2.217666193058512869e-01,7.903546142072316316e-01,1.251899109438820712e-01,0.000000000000000000e+00,-5.000000000000000888e+00
6.708333333333332815e-01,2.220379903945107758e-01,7.903546142072208625e-01,1.460232442772117500e-01,-2.572091845065571647e-12,4.999999999999124256e+00
6.750000000000000444e-01,2.217666193058514534e-01,7.903546142072208625e-01,1.251899109438784352e-01,0.000000000000000000e+00,-4.999999999999999112e+00
6.791666666666666963e-01,2.222104779437448496e-01,7.903546142072207514e-01,1.460232442772117223e-01,-3.197095366225255475e-14,4.999999999999988454e+00
6.833333333333333481e-01,2.217666193058512314e-01,7.903546142072207514e-01,1.251899109438783797e-01,0.000000000000000000e+00,-4.999999999999999112e+00
6.875000000000000000e-01,2.220380273045196584e-01,7.903546142072100933e-01,1.460232442772080586e-01,-2.567328294400539335e-12,4.999999999999124256e+00
6.916666666666666519e-01,2.217666193058512869e-01,7.903546142072100933e-01,1.251899109438747160e-01,0.000000000000000000e+00,-5.000000000000000888e+00
6.958333333333333037e-01,2.222104410414806885e-01,7.903546142072099823e-01,1.460232442772080030e-01,-3.276892646120188601e-14,4.999999999999987566e+00
6.999999999999999556e-01,2.217666193058510649e-01,7.903546142072099823e-01,1.251899109438746605e-01,0.000000000000000000e+00,-4.999999999999999112e+00
7.041666666666667185e-01,2.220380641987336201e-01,7.903546142071993241e-01,1.460232442772043671e-01,-2.561912487708539743e-12,4.999999999999126032e+00
7.083333333333333703e-01,2.217666193058512869e-01,7.903546142071993241e-01,1.251899109438710522e-01,0.000000000000000000e+00,-4.999999999999999112e+00
7.125000000000000222e-01,2.222104041550086173e-01,7.903546142071992131e-01,1.460232442772043393e-01,-3.276892646120188601e-14,4.999999999999987566e+00
7.166666666666666741e-01,2.217666193058513424e-01,7.903546142071992131e-01,1.251899109438709967e-01,0.000000000000000000e+00,-5.000000000000000000e+00
7.208333333333333259e-01,2.220381010771598218e-01,7.903546142071885550e-01,1.460232442772007033e-01,-2.559206319086015924e-12,4.999999999999128697e+00
7.249999999999999778e-01,2.217666193058515089e-01,7.903546142071885550e-01,1.251899109438673885e-01,0.000000000000000000e+00,-4.999999999999999112e+00
7.291666666666666297e-01,2.222103672843214472e-01,7.903546142071884439e-01,1.460232442772006756e-01,-3.197095366225255475e-14,4.999999999999986677e+00
7.333333333333332815e-01,2.217666193058510371e-01,7.903546142071884439e-01,1.251899109438673330e-01,0.000000000000000000e+00,-5.000000000000000000e+00
7.375000000000000444e-01,2.220381379398035371e-01,7.903546142071777858e-01,1.460232442771970396e-01,-2.553790512394016332e-12,4.999999999999129585e+00
7.416666666666666963e-01,2.217666193058512036e-01,7.903546142071777858e-01,1.251899109438636970e-01,0.000000000000000000e+00,-5.000000000000000000e+00
7.458333333333333481e-01,2.222103304294124615e-01,7.903546142071776748e-01,1.460232442771969841e-01,-3.197095366225255475e-14,4.999999999999987566e+00
7.500000000000000000e-01,2.217666193058510649e-01,7.903546142071776748e-01,1.251899109438636415e-01,0.000000000000000000e+00,-5.000000000000000000e+00
7.541666666666666519e-01,2.220381747866732036e-01,7.903546142071670166e-01,1.460232442771933481e-01,-2.549026961728984020e-12,4.999999999999130473e+00
7.583333333333333037e-01,2.217666193058514257e-01,7.903546142071670166e-01,1.251899109438600055e-01,0.000000000000000000e+00,-5.000000000000000000e+00
7.624999999999999556e-01,2.222102935902753595e-01,7.903546142071669056e-01,1.460232442771932926e-01,-3.309505447468552575e-14,4.999999999999988454e+00
7.666666666666667185e-01,2.217666193058513424e-01,7.903546142071669056e-01,1.251899109438599500e-01,0.000000000000000000e+00,-5.000000000000000000e+00
7.708333333333333703e-01,2.220382116177750387e-01,7.903546142071563585e-01,1.460232442771896566e-01,-2.544551375160963858e-12,4.999999999999133138e+00
7.750000000000000222e-01,2.217666193058515089e-01,7.903546142071563585e-01,1.251899109438563140e-01,0.000000000000000000e+00,-5.000000000000000888e+00
7.791666666666666741e-01,2.222102567669025641e-01,7.903546142071562475e-01,1.460232442771896011e-01,-3.276892646120188601e-14,4.999999999999988454e+00
7.833333333333333259e-01,2.217666193058513424e-01,7.903546142071562475e-01,1.251899109438562585e-01,0.000000000000000000e+00,-5.000000000000000000e+00
7.874999999999999778e-01,2.220382484331154815e-01,7.903546142071457004e-01,1.460232442771859929e-01,-2.538528415252372383e-12,4.999999999999135802e+00
7.916666666666666297e-01,2.217666193058513979e-01,7.903546142071457004e-01,1.251899109438526503e-01,0.000000000000000000e+00,-5.000000000000000888e+00
7.958333333333332815e-01,2.222102199592875249e-01,7.903546142071455893e-01,1.460232442771859374e-01,-3.309505447468552575e-14,4.999999999999987566e+00
8.000000000000000444e-01,2.217666193058511759e-01,7.903546142071455893e-01,1.251899109438525948e-01,0.000000000000000000e+00,-5.000000000000000888e+00
8.041666666666666963e-01,2.220382852327013323e-01,7.903546142071350422e-01,1.460232442771823291e-01,-2.535027743277851187e-12,4.999999999999135802e+00
8.083333333333333481e-01,2.217666193058516200e-01,7.903546142071350422e-01,1.251899109438489865e-01,0.000000000000000000e+00,-5.000000000000001776e+00
8.125000000000000000e-01,2.222101831674244687e-01,7.903546142071349312e-01,1.460232442771822736e-01,-3.197095366225255475e-14,4.999999999999987566e+00
8.166666666666666519e-01,2.217666193058512314e-01,7.903546142071349312e-01,1.251899109438489310e-01,0.000000000000000000e+00,-5.000000000000000000e+00
8.208333333333333037e-01,2.220383220165392246e-01,7.903546142071243841e-01,1.460232442771786932e-01,-2.530732567951332612e-12,4.999999999999141131e+00
8.249999999999999556e-01,2.217666193058513979e-01,7.903546142071243841e-01,1.251899109438453506e-01,0.000000000000000000e+00,-5.000000000000000000e+00
8.291666666666667185e-01,2.222101463913053188e-01,7.903546142071242731e-01,1.460232442771786376e-01,-3.309505447468552575e-14,4.999999999999989342e+00
8.333333333333333703e-01,2.217666193058514534e-01,7.903546142071242731e-01,1.251899109438452951e-01,0.000000000000000000e+00,-5.000000000000000888e+00
8.375000000000000222e-01,2.220383587846369022e-01,7.903546142071137259e-01,1.460232442771750572e-01,-2.526111264611330398e-12,4.999999999999142020e+00
8.416666666666666741e-01,2.217666193058513424e-01,7.903546142071137259e-01,1.251899109438417423e-01,0.000000000000000000e+00,-4.999999999999999112e+00
8.458333333333333259e-01,2.222101096309234136e-01,7.903546142071136149e-01,1.460232442771750294e-01,-3.197442310920450836e-14,4.999999999999987566e+00
8.499999999999999778e-01,2.217666193058513979e-01,7.903546142071136149e-01,1.251899109438416868e-01,0.000000000000000000e+00,-5.000000000000002665e+00
8.541666666666666297e-01,2.220383955370003881e-01,7.903546142071030678e-01,1.460232442771714489e-01,-2.520882808054736302e-12,4.999999999999142020e+00
8.583333333333332815e-01,2.217666193058512869e-01,7.903546142071030678e-01,1.251899109438381064e-01,0.000000000000000000e+00,-5.000000000000001776e+00
8.625000000000000444e-01,2.222100728862724528e-01,7.903546142071029568e-01,1.460232442771713934e-01,-3.196748421530060114e-14,4.999999999999987566e+00
8.666666666666666963e-01,2.217666193058515089e-01,7.903546142071029568e-01,1.251899109438380508e-01,0.000000000000000000e+00,-5.000000000000000888e+00
8.708333333333333481e-01,2.220384322736367322e-01,7.903546142070925207e-01,1.460232442771678130e-01,-2.517056008066731465e-12,4.999999999999143796e+00
8.750000000000000000e-01,2.217666193058516755e-01,7.903546142070925207e-01,1.251899109438344704e-01,0.000000000000000000e+00,-5.000000000000000888e+00
8.791666666666666519e-01,2.222100361573463023e-01,7.903546142070924097e-01,1.460232442771677575e-01,-3.342118248816916548e-14,4.999999999999990230e+00
8.833333333333333037e-01,2.217666193058516755e-01,7.903546142070924097e-01,1.251899109438344149e-01,0.000000000000000000e+00,-5.000000000000000888e+00
8.874999999999999556e-01,2.220384689945518186e-01,7.903546142070819736e-01,1.460232442771641770e-01,-2.512764302187164844e-12,4.999999999999144684e+00
8.916666666666667185e-01,2.217666193058518975e-01,7.903546142070819736e-01,1.251899109438308344e-01,0.000000000000000000e+00,-5.000000000000000888e+00
8.958333333333333703e-01,2.222099994441378290e-01,7.903546142070818625e-01,1.460232442771641215e-01,-3.229708167573619448e-14,4.999999999999987566e+00
9.000000000000000222e-01,2.217666193058515367e-01,7.903546142070818625e-01,1.251899109438307789e-01,0.000000000000000000e+00,-5.000000000000000888e+00
9.041666666666666741e-01,2.220385056997521700e-01,7.903546142070714264e-01,1.460232442771605688e-01,-2.507809931939775083e-12,4.999999999999148237e+00
9.083333333333333259e-01,2.217666193058516755e-01,7.903546142070714264e-01,1.251899109438272262e-01,0.000000000000000000e+00,-5.000000000000000000e+00
9.124999999999999778e-01,2.222099627466400662e-01,7.903546142070713154e-01,1.460232442771605132e-01,-3.276892646120188601e-14,4.999999999999988454e+00
9.166666666666666297e-01,2.217666193058513424e-01,7.903546142070713154e-01,1.251899109438271707e-01,0.000000000000000000e+00,-5.000000000000000000e+00
9.208333333333332815e-01,2.220385423892451970e-01,7.903546142070608793e-01,1.460232442771569605e-01,-2.503049850721694725e-12,4.999999999999149125e+00
9.250000000000000444e-01,2.217666193058517587e-01,7.903546142070608793e-01,1.251899109438236180e-01,0.000000000000000000e+00,-5.000000000000000000e+00
9.291666666666666963e-01,2.222099260648469077e-01,7.903546142070607683e-01,1.460232442771569050e-01,-3.197095366225255475e-14,4.999999999999988454e+00
9.333333333333333481e-01,2.217666193058513979e-01,7.903546142070607683e-01,1.251899109438235624e-01,0.000000000000000000e+00,-5.000000000000000000e+00
9.375000000000000000e-01,2.220385790630375888e-01,7.903546142070503322e-01,1.460232442771533523e-01,-2.498761614289080057e-12,4.999999999999150013e+00
9.416666666666666519e-01,2.217666193058517032e-01,7.903546142070503322e-01,1.251899109438200097e-01,0.000000000000000000e+00,-5.000000000000000000e+00
9.458333333333333037e-01,2.222098893987509149e-01,7.903546142070502212e-01,1.460232442771532968e-01,-3.197095366225255475e-14,4.999999999999987566e+00
9.499999999999999556e-01,2.217666193058516477e-01,7.903546142070502212e-01,1.251899109438199542e-01,0.000000000000000000e+00,-5.000000000000000000e+00
9.541666666666667185e-01,2.220386157211366729e-01,7.903546142070397851e-01,1.460232442771497441e-01,-2.494140310949077843e-12,4.999999999999150901e+00
9.583333333333333703e-01,2.217666193058520085e-01,7.903546142070397851e-01,1.251899109438164293e-01,0.000000000000000000e+00,-4.999999999999999112e+00
9.625000000000000222e-01,2.222098527483457597e-01,7.903546142070396741e-01,1.460232442771497163e-01,-3.197095366225255475e-14,4.999999999999987566e+00
9.666666666666666741e-01,2.217666193058514534e-01,7.903546142070396741e-01,1.251899109438163737e-01,0.000000000000000000e+00,-5.000000000000000000e+00
9.708333333333333259e-01,2.220386523635475839e-01,7.903546142070293490e-01,1.460232442771461914e-01,-2.489519007609075629e-12,4.999999999999155342e+00
9.749999999999999778e-01,2.217666193058517865e-01,7.903546142070293490e-01,1.251899109438128765e-01,0.000000000000000000e+00,-4.999999999999999112e+00
9.791666666666666297e-01,2.222098161136244476e-01,7.903546142070292380e-01,1.460232442771461636e-01,-3.197095366225255475e-14,4.999999999999987566e+00
9.833333333333332815e-01,2.217666193058515922e-01,7.903546142070292380e-01,1.251899109438128210e-01,0.000000000000000000e+00,-5.000000000000001776e+00
9.875000000000000444e-01,2.220386889902787320e-01,7.903546142070189129e-01,1.460232442771426387e-01,-2.485223832282557055e-12,4.999999999999152678e+00
9.916666666666666963e-01,2.217666193058517865e-01,7.903546142070189129e-01,1.251899109438092961e-01,0.000000000000000000e+00,-5.000000000000000000e+00
9.958333333333333481e-01,2.222097794945800953e-01,7.903546142070188019e-01,1.460232442771425831e-01,-3.309505447468552575e-14,4.999999999999990230e+00
1.000000000000000000e+00,2.217666193058516200e-01,7.903546142070188019e-01,1.251899109438092406e-01,0.000000000000000000e+00,-5.000000000000000000e+00
1.004166666666666652e+00,2.220387256013362509e-01,7.903546142070084768e-01,1.460232442771390582e-01,-2.480789879077960336e-12,4.999999999999157119e+00
1.008333333333333304e+00,2.217666193058518420e-01,7.903546142070084768e-01,1.251899109438057156e-01,0.000000000000000000e+00,-5.000000000000000888e+00
1.012499999999999956e+00,2.222097428912062356e-01,7.903546142070083658e-01,1.460232442771390027e-01,-3.197095366225255475e-14,4.999999999999989342e+00
1.016666666666666607e+00,2.217666193058515645e-01,7.903546142070083658e-01,1.251899109438056601e-01,0.000000000000000000e+00,-5.000000000000001776e+00
1.020833333333333259e+00,2.220387621967265246e-01,7.903546142069980407e-01,1.460232442771354777e-01,-2.476168575737958122e-12,4.999999999999156231e+00
1.024999999999999911e+00,2.217666193058517310e-01,7.903546142069980407e-01,1.251899109438021629e-01,0.000000000000000000e+00,-4.999999999999999112e+00
1.029166666666666563e+00,2.222097063034961240e-01,7.903546142069979297e-01,1.460232442771354500e-01,-3.309505447468552575e-14,4.999999999999988454e+00
1.033333333333333437e+00,2.217666193058515645e-01,7.903546142069979297e-01,1.251899109438021074e-01,0.000000000000000000e+00,-4.999999999999999112e+00
1.037500000000000089e+00,2.220387987764566584e-01,7.903546142069876046e-01,1.460232442771319250e-01,-2.471876869858391501e-12,4.999999999999156231e+00
1.041666666666666741e+00,2.217666193058516755e-01,7.903546142069876046e-01,1.251899109437986102e-01,0.000000000000000000e+00,-4.999999999999999112e+00
1.045833333333333393e+00,2.222096697314430436e-01,7.903546142069874936e-01,1.460232442771318973e-01,-3.309505447468552575e-14,4.999999999999990230e+00
1.050000000000000044e+00,2.217666193058514812e-01,7.903546142069874936e-01,1.251899109437985547e-01,0.000000000000000000e+00,-5.000000000000002665e+00
1.054166666666666696e+00,2.220388353405330639e-01,7.903546142069771685e-01,1.460232442771284000e-01,-2.466925969057953694e-12,4.999999999999164224e+00
1.058333333333333348e+00,2.217666193058516755e-01,7.903546142069771685e-01,1.251899109437950575e-01,0.000000000000000000e+00,-5.000000000000000888e+00
1.062500000000000000e+00,2.222096331750404996e-01,7.903546142069770575e-01,1.460232442771283445e-01,-3.197095366225255475e-14,4.999999999999987566e+00
1.066666666666666652e+00,2.217666193058516755e-01,7.903546142069770575e-01,1.251899109437950020e-01,0.000000000000000000e+00,-5.000000000000000000e+00
1.070833333333333304e+00,2.220388718889629853e-01,7.903546142069668434e-01,1.460232442771248473e-01,-2.461839759826389695e-12,4.999999999999161560e+00
1.074999999999999956e+00,2.217666193058518420e-01,7.903546142069668434e-01,1.251899109437915047e-01,0.000000000000000000e+00,-5.000000000000000000e+00
1.079166666666666607e+00,2.222095966342816920e-01,7.903546142069667324e-01,1.460232442771247918e-01,-3.323383235276367031e-14,4.999999999999986677e+00
1.083333333333333259e+00,2.217666193058517587e-01,7.903546142069667324e-01,1.251899109437914492e-01,0.000000000000000000e+00,-5.000000000000000000e+00
1.087499999999999911e+00,2.220389084217524456e-01,7.903546142069565184e-01,1.460232442771212946e-01,-2.458991343878835778e-12,4.999999999999162448e+00
1.091666666666666563e+00,2.217666193058519530e-01,7.903546142069565184e-01,1.251899109437879520e-01,0.000000000000000000e+00,-5.000000000000000888e+00
1.095833333333333437e+00,2.222095601091599315e-01,7.903546142069564073e-01,1.460232442771212391e-01,-3.309505447468552575e-14,4.999999999999988454e+00
1.100000000000000089e+00,2.217666193058515922e-01,7.903546142069564073e-01,1.251899109437878965e-01,0.000000000000000000e+00,-5.000000000000000000e+00
1.104166666666666741e+00,2.220389449389078007e-01,7.903546142069461933e-01,1.460232442771177419e-01,-2.453245939726400593e-12,4.999999999999164224e+00
1.108333333333333393e+00,2.217666193058517865e-01,7.903546142069461933e-01,1.251899109437843993e-01,0.000000000000000000e+00,-5.000000000000000888e+00
1.112500000000000044e+00,2.222095235996684737e-01,7.903546142069460823e-01,1.460232442771176864e-01,-3.276892646120188601e-14,4.999999999999987566e+00
1.116666666666666696e+00,2.217666193058517310e-01,7.903546142069460823e-01,1.251899109437843438e-01,0.000000000000000000e+00,-5.000000000000000000e+00
1.120833333333333348e+00,2.220389814404369611e-01,7.903546142069358682e-01,1.460232442771142169e-01,-2.448301977819866693e-12,4.999999999999167777e+00
1.125000000000000000e+00,2.217666193058516755e-01,7.903546142069358682e-01,1.251899109437808744e-01,0.000000000000000000e+00,-5.000000000000000888e+00
1.129166666666666652e+00,2.222094871058001297e-01,7.903546142069357572e-01,1.460232442771141614e-01,-3.197095366225255475e-14,4.999999999999987566e+00
1.133333333333333304e+00,2.217666193058513979e-01,7.903546142069357572e-01,1.251899109437808189e-01,0.000000000000000000e+00,-5.000000000000000000e+00
1.137499999999999956e+00,2.220390179263455055e-01,7.903546142069255431e-01,1.460232442771106642e-01,-2.443871494062221927e-12,4.999999999999166000e+00
1.141666666666666607e+00,2.217666193058517032e-01,7.903546142069255431e-01,1.251899109437773217e-01,0.000000000000000000e+00,-5.000000000000000888e+00
1.145833333333333259e+00,2.222094506275494874e-01,7.903546142069254321e-01,1.460232442771106087e-01,-3.229708167573619448e-14,4.999999999999988454e+00
1.149999999999999911e+00,2.217666193058513979e-01,7.903546142069254321e-01,1.251899109437772661e-01,0.000000000000000000e+00,-5.000000000000000000e+00
1.154166666666666563e+00,2.220390543966404839e-01,7.903546142069152181e-01,1.460232442771071393e-01,-2.441158386545794201e-12,4.999999999999172218e+00
1.158333333333333437e+00,2.217666193058515645e-01,7.903546142069152181e-01,1.251899109437737967e-01,0.000000000000000000e+00,-5.000000000000000888e+00
1.162500000000000089e+00,2.222094141649088306e-01,7.903546142069151070e-01,1.460232442771070838e-01,-3.196748421530060114e-14,4.999999999999986677e+00
1.166666666666666741e+00,2.217666193058518420e-01,7.903546142069151070e-01,1.251899109437737412e-01,0.000000000000000000e+00,-5.000000000000000000e+00
1.170833333333333393e+00,2.220390908513298345e-01,7.903546142069050040e-01,1.460232442771036143e-01,-2.434160512043703761e-12,4.999999999999169553e+00
1.175000000000000044e+00,2.217666193058517310e-01,7.903546142069050040e-01,1.251899109437702995e-01,0.000000000000000000e+00,-4.999999999999999112e+00
1.179166666666666696e+00,2.222093777178712481e-01,7.903546142069048930e-01,1.460232442771035866e-01,-3.309505447468552575e-14,4.999999999999989342e+00
1.183333333333333348e+00,2.217666193058517587e-01,7.903546142069048930e-01,1.251899109437702440e-01,0.000000000000000000e+00,-4.999999999999999112e+00
1.187500000000000000e+00,2.220391272904185809e-01,7.903546142068947900e-01,1.460232442771001171e-01,-2.430191464730668827e-12,4.999999999999170441e+00
1.191666666666666652e+00,2.217666193058517310e-01,7.903546142068947900e-01,1.251899109437667745e-01,0.000000000000000000e+00,-5.000000000000000000e+00
1.195833333333333304e+00,2.222093412864307171e-01,7.903546142068946789e-01,1.460232442771000616e-01,-3.262667913617178783e-14,4.999999999999987566e+00
1.199999999999999956e+00,2.217666193058517032e-01,7.903546142068946789e-01,1.251899109437667468e-01,0.000000000000000000e+00,-4.999999999999999112e+00
1.204166666666666607e+00,2.220391637139137453e-01,7.903546142068845759e-01,1.460232442770966199e-01,-2.425244033377182973e-12,4.999999999999173106e+00
1.208333333333333259e+00,2.217666193058517310e-01,7.903546142068845759e-01,1.251899109437632773e-01,0.000000000000000000e+00,-5.000000000000000000e+00
1.212499999999999911e+00,2.222093048705804930e-01,7.903546142068844649e-01,1.460232442770965644e-01,-3.229708167573619448e-14,4.999999999999987566e+00
1.216666666666666563e+00,2.217666193058515645e-01,7.903546142068844649e-01,1.251899109437632218e-01,0.000000000000000000e+00,-5.000000000000000000e+00
1.220833333333333437e+00,2.220392001218219058e-01,7.903546142068743618e-01,1.460232442770931227e-01,-2.422066019969193462e-12,4.999999999999175770e+00
1.225000000000000089e+00,2.217666193058521196e-01,7.903546142068743618e-01,1.251899109437597801e-01,0.000000000000000000e+00,-5.000000000000000000e+00
1.229166666666666741e+00,2.222092684703149412e-01,7.903546142068742508e-01,1.460232442770930672e-01,-3.388608837973094978e-14,4.999999999999987566e+00
1.233333333333333393e+00,2.217666193058515645e-01,7.903546142068742508e-01,1.251899109437597524e-01,0.000000000000000000e+00,-4.999999999999999112e+00
1.237500000000000044e+00,2.220392365141491686e-01,7.903546142068641478e-01,1.460232442770896533e-01,-2.416653682724145824e-12,4.999999999999176659e+00
1.241666666666666696e+00,2.217666193058516755e-01,7.903546142068641478e-01,1.251899109437563107e-01,0.000000000000000000e+00,-5.000000000000000000e+00
1.245833333333333348e+00,2.222092320856253744e-01,7.903546142068640368e-01,1.460232442770895978e-01,-3.262667913617178783e-14,4.999999999999987566e+00
1.250000000000000000e+00,2.217666193058516200e-01,7.903546142068640368e-01,1.251899109437562552e-01,0.000000000000000000e+00,-4.999999999999999112e+00
1.254166666666666652e+00,2.220392728909039715e-01,7.903546142068540448e-01,1.460232442770861838e-01,-2.410772970140584448e-12,4.999999999999180211e+00
1.258333333333333304e+00,2.217666193058517865e-01,7.903546142068540448e-01,1.251899109437528412e-01,0.000000000000000000e+00,-5.000000000000000000e+00
1.262499999999999956e+00,2.222091957165061582e-01,7.903546142068539337e-01,1.460232442770861283e-01,-3.309505447468552575e-14,4.999999999999988454e+00
1.266666666666666607e+00,2.217666193058516200e-01,7.903546142068539337e-01,1.251899109437528135e-01,0.000000000000000000e+00,-4.999999999999999112e+00
1.270833333333333259e+00,2.220393092520917544e-01,7.903546142068439417e-01,1.460232442770827421e-01,-2.408066801518060629e-12,4.999999999999179323e+00
1.274999999999999911e+00,2.217666193058518420e-01,7.903546142068439417e-01,1.251899109437494273e-01,0.000000000000000000e+00,-4.999999999999999112e+00
1.279166666666666563e+00,2.222091593629506034e-01,7.903546142068438307e-01,1.460232442770827144e-01,-3.309505447468552575e-14,4.999999999999989342e+00
1.283333333333333437e+00,2.217666193058517865e-01,7.903546142068438307e-01,1.251899109437493718e-01,0.000000000000000000e+00,-5.000000000000000888e+00
1.287500000000000089e+00,2.220393455977197061e-01,7.903546142068338387e-01,1.460232442770793004e-01,-2.403115900717622822e-12,4.999999999999181988e+00
1.291666666666666741e+00,2.217666193058520641e-01,7.903546142068338387e-01,1.251899109437459578e-01,0.000000000000000000e+00,-5.000000000000000000e+00
1.295833333333333393e+00,2.222091230249521043e-01,7.903546142068337277e-01,1.460232442770792449e-01,-3.197095366225255475e-14,4.999999999999986677e+00
1.300000000000000044e+00,2.217666193058518975e-01,7.903546142068337277e-01,1.251899109437459023e-01,0.000000000000000000e+00,-5.000000000000000888e+00
1.304166666666666696e+00,2.220393819277939329e-01,7.903546142068237357e-01,1.460232442770758310e-01,-2.399802578878507120e-12,4.999999999999181988e+00
1.308333333333333348e+00,2.217666193058522583e-01,7.903546142068237357e-01,1.251899109437424884e-01,0.000000000000000000e+00,-5.000000000000000000e+00
1.312500000000000000e+00,2.222090867025039995e-01,7.903546142068236247e-01,1.460232442770757755e-01,-3.388608837973094978e-14,4.999999999999988454e+00
1.316666666666666652e+00,2.217666193058519808e-01,7.903546142068236247e-01,1.251899109437424329e-01,0.000000000000000000e+00,-4.999999999999999112e+00
1.320833333333333304e+00,2.220394182423212071e-01,7.903546142068136326e-01,1.460232442770723615e-01,-2.394716369646943122e-12,4.999999999999185540e+00
1.324999999999999956e+00,2.217666193058519530e-01,7.903546142068136326e-01,1.251899109437390190e-01,0.000000000000000000e+00,-5.000000000000000000e+00
1.329166666666666607e+00,2.222090503955986840e-01,7.903546142068135216e-01,1.460232442770723060e-01,-3.309505447468552575e-14,4.999999999999986677e+00
1.333333333333333259e+00,2.217666193058516755e-01,7.903546142068135216e-01,1.251899109437389634e-01,0.000000000000000000e+00,-5.000000000000000000e+00
1.337499999999999911e+00,2.220394545413083009e-01,7.903546142068035296e-01,1.460232442770688921e-01,-2.389768938293457268e-12,4.999999999999185540e+00
1.341666666666666563e+00,2.217666193058518143e-01,7.903546142068035296e-01,1.251899109437355495e-01,0.000000000000000000e+00,-5.000000000000000000e+00
1.345833333333333437e+00,2.222090141042306621e-01,7.903546142068034186e-01,1.460232442770688366e-01,-3.197095366225255475e-14,4.999999999999986677e+00
1.350000000000000089e+00,2.217666193058518143e-01,7.903546142068034186e-01,1.251899109437354940e-01,0.000000000000000000e+00,-4.999999999999999112e+00
1.354166666666666741e+00,2.220394908247624866e-01,7.903546142067934266e-01,1.460232442770654504e-01,-2.385473762966938693e-12,4.999999999999187317e+00
1.358333333333333393e+00,2.217666193058521751e-01,7.903546142067934266e-01,1.251899109437321078e-01,0.000000000000000000e+00,-5.000000000000000000e+00
1.362500000000000044e+00,2.222089778283933836e-01,7.903546142067933156e-01,1.460232442770653949e-01,-3.197095366225255475e-14,4.999999999999987566e+00
1.366666666666666696e+00,2.217666193058517865e-01,7.903546142067933156e-01,1.251899109437320523e-01,0.000000000000000000e+00,-5.000000000000000000e+00
1.370833333333333348e+00,2.220395270926890929e-01,7.903546142067834346e-01,1.460232442770620087e-01,-2.381504715653903759e-12,4.999999999999190869e+00
1.375000000000000000e+00,2.217666193058521751e-01,7.903546142067834346e-01,1.251899109437286661e-01,0.000000000000000000e+00,-5.000000000000000000e+00
1.379166666666666652e+00,2.222089415680797153e-01,7.903546142067833236e-01,1.460232442770619532e-01,-3.309505447468552575e-14,4.999999999999988454e+00
1.383333333333333304e+00,2.217666193058519530e-01,7.903546142067833236e-01,1.251899109437286106e-01,0.000000000000000000e+00,-5.000000000000000000e+00
1.387499999999999956e+00,2.220395633450958639e-01,7.903546142067734426e-01,1.460232442770585670e-01,-2.377539137787820778e-12,4.999999999999191758e+00
1.391666666666666607e+00,2.217666193058521196e-01,7.903546142067734426e-01,1.251899109437252244e-01,0.000000000000000000e+00,-5.000000000000001776e+00
1.395833333333333259e+00,2.222089053232826350e-01,7.903546142067733316e-01,1.460232442770585115e-01,-3.309505447468552575e-14,4.999999999999986677e+00
1.399999999999999911e+00,2.217666193058517310e-01,7.903546142067733316e-01,1.251899109437251689e-01,0.000000000000000000e+00,-5.000000000000000888e+00
1.404166666666666563e+00,2.220395995819887114e-01,7.903546142067634506e-01,1.460232442770551531e-01,-2.371797203082337546e-12,4.999999999999192646e+00
1.408333333333333437e+00,2.217666193058518420e-01,7.903546142067634506e-01,1.251899109437218105e-01,0.000000000000000000e+00,-5.000000000000000000e+00
1.412500000000000089e+00,2.222088690939958699e-01,7.903546142067633395e-01,1.460232442770550976e-01,-3.309505447468552575e-14,4.999999999999987566e+00
1.416666666666666741e+00,2.217666193058520918e-01,7.903546142067633395e-01,1.251899109437217550e-01,0.000000000000000000e+00,-5.000000000000000000e+00
1.420833333333333393e+00,2.220396358033758510e-01,7.903546142067534586e-01,1.460232442770517391e-01,-2.367179369189287286e-12,4.999999999999193534e+00
1.425000000000000044e+00,2.217666193058523416e-01,7.903546142067534586e-01,1.251899109437183966e-01,0.000000000000000000e+00,-5.000000000000000000e+00
1.429166666666666696e+00,2.222088328802130364e-01,7.903546142067533475e-01,1.460232442770516836e-01,-3.374731050165280521e-14,4.999999999999986677e+00
1.433333333333333348e+00,2.217666193058517310e-01,7.903546142067533475e-01,1.251899109437183411e-01,0.000000000000000000e+00,-5.000000000000000888e+00
1.437500000000000000e+00,2.220396720092610854e-01,7.903546142067434666e-01,1.460232442770483252e-01,-2.364008294675201682e-12,4.999999999999195310e+00
1.441666666666666652e+00,2.217666193058518975e-01,7.903546142067434666e-01,1.251899109437149826e-01,0.000000000000000000e+00,-5.000000000000000000e+00
1.445833333333333304e+00,2.222087966819271121e-01,7.903546142067433555e-01,1.460232442770482697e-01,-3.421568584016654313e-14,4.999999999999988454e+00
1.449999999999999956e+00,2.217666193058517865e-01,7.903546142067433555e-01,1.251899109437149271e-01,0.000000000000000000e+00,-5.000000000000000888e+00
1.454166666666666607e+00,2.220397081996536293e-01,7.903546142067334745e-01,1.460232442770449113e-01,-2.358262890522766497e-12,4.999999999999195310e+00
1.458333333333333259e+00,2.217666193058518975e-01,7.903546142067334745e-01,1.251899109437115687e-01,0.000000000000000000e+00,-5.000000000000000888e+00
1.462499999999999911e+00,2.222087604991316578e-01,7.903546142067333635e-01,1.460232442770448558e-01,-3.229361222878424087e-14,4.999999999999988454e+00
1.466666666666666563e+00,2.217666193058521196e-01,7.903546142067333635e-01,1.251899109437115132e-01,0.000000000000000000e+00,-5.000000000000000888e+00
1.470833333333333437e+00,2.220397443745597554e-01,7.903546142067235936e-01,1.460232442770415251e-01,-2.354623440670167156e-12,4.999999999999200639e+00
1.475000000000000089e+00,2.217666193058521196e-01,7.903546142067235936e-01,1.251899109437081825e-01,0.000000000000000000e+00,-4.999999999999999112e+00
1.479166666666666741e+00,2.222087243318197902e-01,7.903546142067234825e-01,1.460232442770414696e-01,-3.197095366225255475e-14,4.999999999999987566e+00
1.483333333333333393e+00,2.217666193058516755e-01,7.903546142067234825e-01,1.251899109437081270e-01,0.000000000000000000e+00,-5.000000000000000000e+00
1.487500000000000044e+00,2.220397805339842101e-01,7.903546142067137126e-01,1.460232442770381389e-01,-2.349672539869729349e-12,4.999999999999200639e+00
1.491666666666666696e+00,2.217666193058520918e-01,7.903546142067137126e-01,1.251899109437047963e-01,0.000000000000000000e+00,-5.000000000000000000e+00
1.495833333333333348e+00,2.222086881799858749e-01,7.903546142067136016e-01,1.460232442770380834e-01,-3.309505447468552575e-14,4.999999999999987566e+00
1.500000000000000000e+00,2.217666193058518698e-01,7.903546142067136016e-01,1.251899109437047408e-01,0.000000000000000000e+00,-5.000000000000001776e+00
1.504166666666666652e+00,2.220398166779353755e-01,7.903546142067038316e-01,1.460232442770347527e-01,-2.345051236529727134e-12,4.999999999999201528e+00
1.508333333333333304e+00,2.217666193058520918e-01,7.903546142067038316e-01,1.251899109437014102e-01,0.000000000000000000e+00,-4.999999999999999112e+00
1.512499999999999956e+00,2.222086520436221679e-01,7.903546142067037206e-01,1.460232442770346972e-01,-3.309505447468552575e-14,4.999999999999990230e+00
1.516666666666666607e+00,2.217666193058519530e-01,7.903546142067037206e-01,1.251899109437013546e-01,0.000000000000000000e+00,-5.000000000000000000e+00
1.520833333333333259e+00,2.220398528064195243e-01,7.903546142066939506e-01,1.460232442770313666e-01,-2.340943411338614055e-12,4.999999999999200639e+00
1.524999999999999911e+00,2.217666193058518420e-01,7.903546142066939506e-01,1.251899109436980240e-01,0.000000000000000000e+00,-5.000000000000000000e+00
1.529166666666666563e+00,2.222086159227217861e-01,7.903546142066938396e-01,1.460232442770313110e-01,-3.197095366225255475e-14,4.999999999999986677e+00
1.533333333333333437e+00,2.217666193058518698e-01,7.903546142066938396e-01,1.251899109436979685e-01,0.000000000000000000e+00,-5.000000000000000000e+00
1.537500000000000089e+00,2.220398889194434844e-01,7.903546142066840696e-01,1.460232442770280081e-01,-2.334084314714601760e-12,4.999999999999205968e+00
1.541666666666666741e+00,2.217666193058518975e-01,7.903546142066840696e-01,1.251899109436946655e-01,0.000000000000000000e+00,-5.000000000000000888e+00
1.545833333333333393e+00,2.222085798172789839e-01,7.903546142066839586e-01,1.460232442770279526e-01,-3.323383235276367031e-14,4.999999999999988454e+00
1.550000000000000044e+00,2.217666193058517865e-01,7.903546142066839586e-01,1.251899109436946378e-01,0.000000000000000000e+00,-4.999999999999999112e+00
1.554166666666666696e+00,2.220399250170133065e-01,7.903546142066742997e-01,1.460232442770246775e-01,-2.331378146092077941e-12,4.999999999999208633e+00
1.558333333333333348e+00,2.217666193058522861e-01,7.903546142066742997e-01,1.251899109436913349e-01,0.000000000000000000e+00,-5.000000000000000888e+00
1.562500000000000000e+00,2.222085437272878494e-01,7.903546142066741886e-01,1.460232442770246220e-01,-3.374731050165280521e-14,4.999999999999989342e+00
1.566666666666666652e+00,2.217666193058520641e-01,7.903546142066741886e-01,1.251899109436912794e-01,0.000000000000000000e+00,-5.000000000000002665e+00
1.570833333333333304e+00,2.220399610991356243e-01,7.903546142066645297e-01,1.460232442770213190e-01,-2.327731757345574692e-12,4.999999999999206857e+00
1.574999999999999956e+00,2.217666193058520641e-01,7.903546142066645297e-01,1.251899109436879765e-01,0.000000000000000000e+00,-5.000000000000000000e+00
1.579166666666666607e+00,2.222085076527397784e-01,7.903546142066644187e-01,1.460232442770212635e-01,-3.197095366225255475e-14,4.999999999999987566e+00
1.583333333333333259e+00,2.217666193058520085e-01,7.903546142066644187e-01,1.251899109436879209e-01,0.000000000000000000e+00,-5.000000000000002665e+00
1.587499999999999911e+00,2.220399971658176264e-01,7.903546142066547597e-01,1.460232442770179606e-01,-2.321996761533995368e-12,4.999999999999210409e+00
1.591666666666666563e+00,2.217666193058521196e-01,7.903546142066547597e-01,1.251899109436846180e-01,0.000000000000000000e+00,-5.000000000000000888e+00
1.595833333333333437e+00,2.222084715936294974e-01,7.903546142066546487e-01,1.460232442770179051e-01,-3.309505447468552575e-14,4.999999999999987566e+00
1.600000000000000089e+00,2.217666193058522306e-01,7.903546142066546487e-01,1.251899109436845625e-01,0.000000000000000000e+00,-5.000000000000000888e+00
1.604166666666666741e+00,2.220400332170658353e-01,7.903546142066449898e-01,1.460232442770146022e-01,-2.317701586207476794e-12,4.999999999999212186e+00
1.608333333333333393e+00,2.217666193058525081e-01,7.903546142066449898e-01,1.251899109436812596e-01,0.000000000000000000e+00,-5.000000000000000000e+00
1.612500000000000044e+00,2.222084355499503727e-01,7.903546142066448787e-01,1.460232442770145467e-01,-3.309505447468552575e-14,4.999999999999987566e+00
1.616666666666666696e+00,2.217666193058518975e-01,7.903546142066448787e-01,1.251899109436812041e-01,0.000000000000000000e+00,-5.000000000000000000e+00
1.620833333333333348e+00,2.220400692528851361e-01,7.903546142066352198e-01,1.460232442770112715e-01,-2.313406410880958219e-12,4.999999999999213962e+00
1.625000000000000000e+00,2.217666193058522028e-01,7.903546142066352198e-01,1.251899109436779289e-01,0.000000000000000000e+00,-5.000000000000000888e+00
1.629166666666666652e+00,2.222083995216956598e-01,7.903546142066351088e-01,1.460232442770112160e-01,-3.309505447468552575e-14,4.999999999999987566e+00
1.633333333333333304e+00,2.217666193058522861e-01,7.903546142066351088e-01,1.251899109436778734e-01,0.000000000000000000e+00,-5.000000000000000000e+00
1.637499999999999956e+00,2.220401052732849378e-01,7.903546142066254498e-01,1.460232442770079409e-01,-2.309902269459485069e-12,4.999999999999213962e+00
1.641666666666666607e+00,2.217666193058522306e-01,7.903546142066254498e-01,1.251899109436745983e-01,0.000000000000000000e+00,-5.000000000000000888e+00
1.645833333333333259e+00,2.222083635088579201e-01,7.903546142066253388e-01,1.460232442770078853e-01,-3.197095366225255475e-14,4.999999999999987566e+00
1.649999999999999911e+00,2.217666193058520085e-01,7.903546142066253388e-01,1.251899109436745428e-01,0.000000000000000000e+00,-5.000000000000000888e+00
1.654166666666666563e+00,2.220401412782698758e-01,7.903546142066157909e-01,1.460232442770046102e-01,-2.304025026322875647e-12,4.999999999999217515e+00
1.658333333333333437e+00,2.217666193058521751e-01,7.903546142066157909e-01,1.251899109436712676e-01,0.000000000000000000e+00,-4.999999999999999112e+00
1.662500000000000089e+00,2.222083275114317413e-01,7.903546142066156799e-01,1.460232442770045547e-01,-3.230055112268814810e-14,4.999999999999988454e+00
1.666666666666666741e+00,2.217666193058520641e-01,7.903546142066156799e-01,1.251899109436712121e-01,0.000000000000000000e+00,-5.000000000000000000e+00
1.670833333333333393e+00,2.220401772678473051e-01,7.903546142066061320e-01,1.460232442770012795e-01,-2.300850482361838090e-12,4.999999999999214850e+00
1.675000000000000044e+00,2.217666193058521196e-01,7.903546142066061320e-01,1.251899109436679369e-01,0.000000000000000000e+00,-5.000000000000000000e+00
1.679166666666666696e+00,2.222082915294098515e-01,7.903546142066060209e-01,1.460232442770012240e-01,-3.229708167573619448e-14,4.999999999999988454e+00
1.683333333333333348e+00,2.217666193058520918e-01,7.903546142066060209e-01,1.251899109436678814e-01,0.000000000000000000e+00,-5.000000000000000000e+00
1.687500000000000000e+00,2.220402132420238872e-01,7.903546142065964730e-01,1.460232442769979766e-01,-2.295903051008352236e-12,4.999999999999219291e+00
1.691666666666666652e+00,2.217666193058523971e-01,7.903546142065964730e-01,1.251899109436646340e-01,0.000000000000000000e+00,-5.000000000000000888e+00
1.695833333333333304e+00,2.222082555627862832e-01,7.903546142065963620e-01,1.460232442769979211e-01,-3.196748421530060114e-14,4.999999999999987566e+00
1.699999999999999956e+00,2.217666193058519808e-01,7.903546142065963620e-01,1.251899109436646063e-01,0.000000000000000000e+00,-4.999999999999999112e+00
1.704166666666666607e+00,2.220402492008052286e-01,7.903546142065868141e-01,1.460232442769947014e-01,-2.291930534248365348e-12,4.999999999999221956e+00
1.708333333333333259e+00,2.217666193058521751e-01,7.903546142065868141e-01,1.251899109436613866e-01,0.000000000000000000e+00,-4.999999999999999112e+00
1.712499999999999911e+00,2.222082196115537922e-01,7.903546142065867031e-01,1.460232442769946737e-01,-3.309158502773357213e-14,4.999999999999987566e+00
1.716666666666666563e+00,2.217666193058522306e-01,7.903546142065867031e-01,1.251899109436613311e-01,0.000000000000000000e+00,-4.999999999999999112e+00
1.720833333333333437e+00,2.220402851441996561e-01,7.903546142065771551e-01,1.460232442769914263e-01,-2.287638828368798727e-12,4.999999999999223732e+00
1.725000000000000089e+00,2.217666193058526192e-01,7.903546142065771551e-01,1.251899109436581115e-01,0.000000000000000000e+00,-4.999999999999999112e+00
1.729166666666666741e+00,2.222081836757064388e-01,7.903546142065770441e-01,1.460232442769913985e-01,-3.290770433928003058e-14,4.999999999999987566e+00
1.733333333333333393e+00,2.217666193058519530e-01,7.903546142065770441e-01,1.251899109436580559e-01,0.000000000000000000e+00,-4.999999999999999112e+00
1.737500000000000044e+00,2.220403210722112775e-01,7.903546142065674962e-01,1.460232442769881511e-01,-2.282223021676799135e-12,4.999999999999222844e+00
1.741666666666666696e+00,2.217666193058521751e-01,7.903546142065674962e-01,1.251899109436548085e-01,0.000000000000000000e+00,-5.000000000000000000e+00
1.745833333333333348e+00,2.222081477552368955e-01,7.903546142065673852e-01,1.460232442769880956e-01,-3.374731050165280521e-14,4.999999999999988454e+00
1.750000000000000000e+00,2.217666193058523971e-01,7.903546142065673852e-01,1.251899109436547530e-01,0.000000000000000000e+00,-5.000000000000000000e+00
1.754166666666666652e+00,2.220403569848499459e-01,7.903546142065579483e-01,1.460232442769848482e-01,-2.278070093675310659e-12,4.999999999999223732e+00
1.758333333333333304e+00,2.217666193058521196e-01,7.903546142065579483e-01,1.251899109436515056e-01,0.000000000000000000e+00,-5.000000000000000000e+00
1.762499999999999956e+00,2.222081118501379460e-01,7.903546142065578373e-01,1.460232442769847927e-01,-3.229361222878424087e-14,4.999999999999986677e+00
1.766666666666666607e+00,2.217666193058523416e-01,7.903546142065578373e-01,1.251899109436514501e-01,0.000000000000000000e+00,-5.000000000000000888e+00
1.770833333333333259e+00,2.220403928821204631e-01,7.903546142065484004e-01,1.460232442769815453e-01,-2.273629201576810033e-12,4.999999999999222844e+00
1.774999999999999911e+00,2.217666193058524249e-01,7.903546142065484004e-01,1.251899109436482027e-01,0.000000000000000000e+00,-5.000000000000000888e+00
1.779166666666666563e+00,2.222080759604047051e-01,7.903546142065482893e-01,1.460232442769814898e-01,-3.388608837973094978e-14,4.999999999999988454e+00
1.783333333333333437e+00,2.217666193058523416e-01,7.903546142065482893e-01,1.251899109436481472e-01,0.000000000000000000e+00,-5.000000000000000000e+00
1.787500000000000089e+00,2.220404287640288521e-01,7.903546142065388525e-01,1.460232442769782424e-01,-2.268549931239149942e-12,4.999999999999225508e+00
1.791666666666666741e+00,2.217666193058521751e-01,7.903546142065388525e-01,1.251899109436448998e-01,0.000000000000000000e+00,-4.999999999999999112e+00
1.795833333333333393e+00,2.222080400860293181e-01,7.903546142065387414e-01,1.460232442769781869e-01,-3.229708167573619448e-14,4.999999999999989342e+00
1.800000000000000044e+00,2.217666193058521196e-01,7.903546142065387414e-01,1.251899109436448443e-01,0.000000000000000000e+00,-5.000000000000000000e+00
1.804166666666666696e+00,2.220404646305823015e-01,7.903546142065293045e-01,1.460232442769749672e-01,-2.265049259264628745e-12,4.999999999999229949e+00
1.808333333333333348e+00,2.217666193058523416e-01,7.903546142065293045e-01,1.251899109436416246e-01,0.000000000000000000e+00,-4.999999999999999112e+00
1.812500000000000000e+00,2.222080042270065114e-01,7.903546142065291935e-01,1.460232442769749117e-01,-3.197442310920450836e-14,4.999999999999987566e+00
1.816666666666666652e+00,2.217666193058520085e-01,7.903546142065291935e-01,1.251899109436415691e-01,0.000000000000000000e+00,-5.000000000000002665e+00
1.820833333333333304e+00,2.220405004817867511e-01,7.903546142065197566e-01,1.460232442769716921e-01,-2.260098358464190937e-12,4.999999999999230837e+00
1.824999999999999956e+00,2.217666193058522861e-01,7.903546142065197566e-01,1.251899109436383495e-01,0.000000000000000000e+00,-4.999999999999999112e+00
1.829166666666666607e+00,2.222079683833291519e-01,7.903546142065196456e-01,1.460232442769716366e-01,-3.197095366225255475e-14,4.999999999999986677e+00
1.833333333333333259e+00,2.217666193058521196e-01,7.903546142065196456e-01,1.251899109436382940e-01,0.000000000000000000e+00,-4.999999999999999112e+00
1.837499999999999911e+00,2.220405363176496671e-01,7.903546142065102087e-01,1.460232442769684447e-01,-2.255015618679578893e-12,4.999999999999232614e+00
1.841666666666666563e+00,2.217666193058519530e-01,7.903546142065102087e-01,1.251899109436351021e-01,0.000000000000000000e+00,-5.000000000000000000e+00
1.845833333333333437e+00,2.222079325549895512e-01,7.903546142065100977e-01,1.460232442769683892e-01,-3.388608837973094978e-14,4.999999999999987566e+00
1.850000000000000089e+00,2.217666193058519808e-01,7.903546142065100977e-01,1.251899109436350743e-01,0.000000000000000000e+00,-4.999999999999999112e+00
1.854166666666666741e+00,2.220405721381776831e-01,7.903546142065007718e-01,1.460232442769651973e-01,-2.251511477258105742e-12,4.999999999999231726e+00
1.858333333333333393e+00,2.217666193058521751e-01,7.903546142065007718e-01,1.251899109436318547e-01,0.000000000000000000e+00,-5.000000000000000000e+00
1.862500000000000044e+00,2.222078967419828521e-01,7.903546142065006608e-01,1.460232442769651418e-01,-3.197095366225255475e-14,4.999999999999990230e+00
1.866666666666666696e+00,2.217666193058525081e-01,7.903546142065006608e-01,1.251899109436317992e-01,0.000000000000000000e+00,-5.000000000000000000e+00
1.870833333333333348e+00,2.220406079433775437e-01,7.903546142064913349e-01,1.460232442769619499e-01,-2.247212832484635214e-12,4.999999999999233502e+00
1.875000000000000000e+00,2.217666193058526469e-01,7.903546142064913349e-01,1.251899109436286073e-01,0.000000000000000000e+00,-5.000000000000000000e+00
1.879166666666666652e+00,2.222078609443016162e-01,7.903546142064912239e-01,1.460232442769618944e-01,-3.388608837973094978e-14,4.999999999999989342e+00
1.883333333333333304e+00,2.217666193058522861e-01,7.903546142064912239e-01,1.251899109436285795e-01,0.000000000000000000e+00,-4.999999999999999112e+00
1.887499999999999956e+00,2.220406437332538840e-01,7.903546142064818980e-01,1.460232442769587302e-01,-2.242459690160458763e-12,4.999999999999235278e+00
1.891666666666666607e+00,2.217666193058525637e-01,7.903546142064818980e-01,1.251899109436253876e-01,0.000000000000000000e+00,-5.000000000000000000e+00
1.895833333333333259e+00,2.222078251619396261e-01,7.903546142064817870e-01,1.460232442769586747e-01,-3.197095366225255475e-14,4.999999999999987566e+00
1.899999999999999911e+00,2.217666193058523971e-01,7.903546142064817870e-01,1.251899109436253321e-01,0.000000000000000000e+00,-5.000000000000001776e+00
1.904166666666666563e+00,2.220406795078150031e-01,7.903546142064724611e-01,1.460232442769555106e-01,-2.237834917373504595e-12,4.999999999999239719e+00
1.908333333333333437e+00,2.217666193058526192e-01,7.903546142064724611e-01,1.251899109436221680e-01,0.000000000000000000e+00,-5.000000000000000888e+00
1.912500000000000089e+00,2.222077893948899985e-01,7.903546142064723501e-01,1.460232442769554551e-01,-3.342118248816916548e-14,4.999999999999988454e+00
1.916666666666666741e+00,2.217666193058523416e-01,7.903546142064723501e-01,1.251899109436221125e-01,0.000000000000000000e+00,-5.000000000000000000e+00
1.920833333333333393e+00,2.220407152670668405e-01,7.903546142064630242e-01,1.460232442769522632e-01,-2.233869339507421614e-12,4.999999999999237055e+00
1.925000000000000044e+00,2.217666193058521196e-01,7.903546142064630242e-01,1.251899109436189206e-01,0.000000000000000000e+00,-5.000000000000000000e+00
1.929166666666666696e+00,2.222077536431454059e-01,7.903546142064629132e-01,1.460232442769522077e-01,-3.197095366225255475e-14,4.999999999999987566e+00
1.933333333333333348e+00,2.217666193058523416e-01,7.903546142064629132e-01,1.251899109436188651e-01,0.000000000000000000e+00,-5.000000000000000000e+00
1.937500000000000000e+00,2.220407510110171401e-01,7.903546142064535873e-01,1.460232442769490435e-01,-2.228921908153935760e-12,4.999999999999243272e+00
1.941666666666666652e+00,2.217666193058524804e-01,7.903546142064535873e-01,1.251899109436157009e-01,0.000000000000000000e+00,-5.000000000000001776e+00
1.945833333333333304e+00,2.222077179067009078e-01,7.903546142064534763e-01,1.460232442769489880e-01,-3.309505447468552575e-14,4.999999999999986677e+00
1.949999999999999956e+00,2.217666193058521751e-01,7.903546142064534763e-01,1.251899109436156454e-01,0.000000000000000000e+00,-4.999999999999999112e+00
1.954166666666666607e+00,2.220407867396704260e-01,7.903546142064442614e-01,1.460232442769458239e-01,-2.224158357488903448e-12,4.999999999999243272e+00
1.958333333333333259e+00,2.217666193058521751e-01,7.903546142064442614e-01,1.251899109436124813e-01,0.000000000000000000e+00,-5.000000000000001776e+00
1.962499999999999911e+00,2.222076821855489825e-01,7.903546142064441504e-01,1.460232442769457684e-01,-3.197095366225255475e-14,4.999999999999990230e+00
1.966666666666666563e+00,2.217666193058521196e-01,7.903546142064441504e-01,1.251899109436124258e-01,0.000000000000000000e+00,-5.000000000000000000e+00
1.970833333333333437e+00,2.220408224530348307e-01,7.903546142064349356e-01,1.460232442769426042e-01,-2.220657685514382251e-12,4.999999999999244160e+00
1.975000000000000089e+00,2.217666193058522861e-01,7.903546142064349356e-01,1.251899109436092616e-01,0.000000000000000000e+00,-4.999999999999999112e+00
1.979166666666666741e+00,2.222076464796835515e-01,7.903546142064348246e-01,1.460232442769425487e-01,-3.229708167573619448e-14,4.999999999999988454e+00
1.983333333333333393e+00,2.217666193058521751e-01,7.903546142064348246e-01,1.251899109436092061e-01,0.000000000000000000e+00,-5.000000000000000000e+00
1.987500000000000044e+00,2.220408581511162660e-01,7.903546142064256097e-01,1.460232442769394123e-01,-2.215241878822382660e-12,4.999999999999246825e+00
1.991666666666666696e+00,2.217666193058523416e-01,7.903546142064256097e-01,1.251899109436060697e-01,0.000000000000000000e+00,-5.000000000000000888e+00
1.995833333333333348e+00,2.222076107890978425e-01,7.903546142064254987e-01,1.460232442769393568e-01,-3.229708167573619448e-14,4.999999999999988454e+00
2.000000000000000000e+00,2.217666193058524249e-01,7.903546142064254987e-01,1.251899109436060142e-01,0.000000000000000000e+00,-5.000000000000000000e+00
