# Time, SliderHeight, Motor1Pos, Motor2Pos, Motor1Vel, Motor2Vel
0.000000000000000000e+00,2.874645000000566331e-01,0.000000000000000000e+00,0.000000000000000000e+00,0.000000000000000000e+00,0.000000000000000000e+00
4.166666666666666609e-03,2.874645000000566331e-01,-2.083333333333333218e-02,-2.083198811289878674e-02,-5.000000000000000000e+00,-4.999677147095709095e+00
8.333333333333333218e-03,2.863030238356436552e-01,-4.166666666666666435e-02,-4.166408236076848959e-02,-5.000000000000000000e+00,-4.999702619488727962e+00
1.250000000000000069e-02,2.849125553097136554e-01,-6.250000000000000000e-02,-6.249603214086026093e-02,-5.000000000000000000e+00,-4.999667947222025788e+00
1.666666666666666644e-02,2.832928370213193547e-01,-8.333333333333332871e-02,-8.332784877149153335e-02,-5.000000000000000000e+00,-4.999635991351504494e+00
2.083333333333333218e-02,2.814436800512601367e-01,-1.041666666666666574e-01,-1.041595500225185045e-01,-5.000000000000000000e+00,-4.999608300246472403e+00
2.500000000000000139e-02,2.793649613872100090e-01,-1.250043919937790793e-01,-1.240353874115467381e-01,-5.001054078506983913e+00,-4.770200973366777397e+00
2.916666666666666713e-02,2.793610616063721963e-01,-1.458372045590027311e-01,-1.448200460561663017e-01,-4.999875015653676869e+00,-4.988318074708695704e+00
3.333333333333333287e-02,2.792859535865390708e-01,-1.666705378923354908e-01,-1.656533793894996442e-01,-4.999999999999860556e+00,-5.000000000000000000e+00
3.749999999999999861e-02,2.789811096944772584e-01,-1.875038712256679452e-01,-1.864867127228329868e-01,-4.999999999999789502e+00,-5.000000000000000000e+00
4.166666666666666435e-02,2.784461390541461134e-01,-2.083372045589998445e-01,-2.073200460561663294e-01,-4.999999999999656275e+00,-5.000000000000000000e+00
4.583333333333333010e-02,2.776812566571287277e-01,-2.291705378923309944e-01,-2.281533793894996720e-01,-4.999999999999473310e+00,-5.000000000000000000e+00
5.000000000000000278e-02,2.766867489591765539e-01,-2.500038712256611451e-01,-2.489867127228330146e-01,-4.999999999999242384e+00,-5.000000000000000000e+00
5.416666666666666852e-02,2.754629745594817658e-01,-2.708372045589902410e-01,-2.698200460561663294e-01,-4.999999999998979483e+00,-5.000000000000000000e+00
5.833333333333333426e-02,2.740103647797362818e-01,-2.916705378923235559e-01,-2.906521589111690784e-01,-5.000000000000000000e+00,-4.999707085200665091e+00
6.250000000000000000e-02,2.723294177946792294e-01,-3.125038712256568707e-01,-3.114844681773213941e-01,-5.000000000000000000e+00,-4.999754223876560211e+00
6.666666666666666574e-02,2.704207211433637403e-01,-3.333372045589901855e-01,-3.323159225843393960e-01,-5.000000000000000000e+00,-4.999549057684316899e+00
7.083333333333333148e-02,2.682849228575545641e-01,-3.541705378923235004e-01,-3.531479271261487307e-01,-5.000000000000000000e+00,-4.999681090034238551e+00
7.499999999999999722e-02,2.659227553042012859e-01,-3.750038712256568152e-01,-3.739795338905115840e-01,-5.000000000000000000e+00,-4.999585623447087457e+00
7.916666666666666297e-02,2.633350163850511350e-01,-3.958372045589901300e-01,-3.948116540061212820e-01,-5.000000000000000000e+00,-4.999708827746334627e+00
8.333333333333332871e-02,2.605225833946970826e-01,-4.166705378923234449e-01,-4.156463350766231857e-01,-5.000000000000000000e+00,-5.000323456920450660e+00
8.749999999999999445e-02,2.574864046694024799e-01,-4.375038712256567597e-01,-4.364813937174714109e-01,-5.000000000000000000e+00,-5.000414073803567838e+00
9.166666666666666019e-02,2.542274996390724295e-01,-4.583372045589900745e-01,-4.573158350480635015e-01,-5.000000000000000000e+00,-5.000265919342099075e+00
9.583333333333333981e-02,2.507469670518597815e-01,-4.791705378923233893e-01,-4.781504732153432080e-01,-5.000000000000000000e+00,-5.000313160147132230e+00
1.000000000000000056e-01,2.470459773452238494e-01,-5.000038712256567042e-01,-4.989852236601223789e-01,-5.000000000000000000e+00,-5.000340106747006352e+00
1.041666666666666713e-01,2.431257738971867033e-01,-5.208372045589900745e-01,-5.198199545304698077e-01,-5.000000000000000000e+00,-5.000335408883396227e+00
1.083333333333333370e-01,2.389876723721111595e-01,-5.416705378923234449e-01,-5.406545222782592752e-01,-5.000000000000000000e+00,-5.000296259469470428e+00
1.125000000000000028e-01,2.346330598719431060e-01,-5.625038712256568152e-01,-5.614898638217467042e-01,-5.000000000000000000e+00,-5.000481970436993606e+00
1.166666666666666685e-01,2.300633871496494953e-01,-5.833372045589901855e-01,-5.823242791032837706e-01,-5.000000000000000000e+00,-5.000259667568901278e+00
1.208333333333333343e-01,2.252801895263150389e-01,-6.041705378923235559e-01,-6.031568932843079933e-01,-5.000000000000000000e+00,-4.999827403445815222e+00
1.250000000000000000e-01,2.202850691968481767e-01,-6.250038712256569262e-01,-6.239880742534219538e-01,-5.000000000000000000e+00,-4.999483432587351395e+00
1.291666666666666796e-01,2.150796866416084807e-01,-6.458372045589902966e-01,-6.448194504652332570e-01,-5.000000000000000000e+00,-4.999530290834705681e+00
1.333333333333333315e-01,2.096657538965376322e-01,-6.666705378923236669e-01,-6.656514089654417266e-01,-5.000000000000000000e+00,-4.999670040050045117e+00
1.375000000000000111e-01,2.040450541546380281e-01,-6.875038712256570372e-01,-6.864828379492081689e-01,-5.000000000000000000e+00,-4.999542956103952385e+00
1.416666666666666630e-01,1.982194480350604193e-01,-7.083372045589904076e-01,-7.073150233612507387e-01,-5.000000000000000000e+00,-4.999724498890226521e+00
1.458333333333333426e-01,1.921908309339615539e-01,-7.291705378923237779e-01,-7.281469220807524900e-01,-5.000000000000000000e+00,-4.999655692680424757e+00
1.499999999999999944e-01,1.859611820994988007e-01,-7.500038712256571483e-01,-7.489785052590400838e-01,-5.000000000000000000e+00,-4.999579962789031384e+00
1.541666666666666741e-01,1.795325263127090787e-01,-7.708372045589905186e-01,-7.698097552296281343e-01,-5.000000000000000000e+00,-4.999499992941126791e+00
1.583333333333333259e-01,1.729069421869099954e-01,-7.916705378923238889e-01,-7.906419880128293665e-01,-5.000000000000000000e+00,-4.999735867968297498e+00
1.625000000000000056e-01,1.660865403844636878e-01,-7.916705378923238889e-01,-7.906433821237138782e-01,8.881784197001252323e-16,-3.345866122765883688e-04
1.666666666666666574e-01,1.620153282143251550e-01,-7.916705378923238889e-01,-7.906421416692426263e-01,-3.934070993302199622e-20,2.977090730941330194e-04
1.708333333333333370e-01,1.577771489062587129e-01,-7.916705378923238889e-01,-7.906408519286285408e-01,2.403786860079098423e-21,3.095377473926242177e-04
1.749999999999999889e-01,1.533720460277676612e-01,-7.916705378923238889e-01,-7.906395612705293674e-01,5.308845171365331617e-21,3.097579438121388713e-04
1.791666666666666685e-01,1.488001043666069834e-01,-7.916705378923238889e-01,-7.906382705998753480e-01,6.910266837267993196e-21,3.097609569544864262e-04
1.833333333333333204e-01,1.440614116243551235e-01,-7.916705378923238889e-01,-7.906369799335966064e-01,2.412058666204628700e-21,3.097599069010443336e-04
1.875000000000000000e-01,1.391560576951955674e-01,-7.916705378923238889e-01,-7.906356892720096674e-01,1.767519532903309536e-20,3.097587808690717534e-04
1.916666666666666796e-01,1.340841346477811558e-01,-7.916355850992591314e-01,-7.906556730478589978e-01,8.388670335550289792e-03,-4.796106203826601931e-03
1.958333333333333315e-01,1.347602077182362412e-01,-7.916355850992591314e-01,-7.906539423879299644e-01,0.000000000000000000e+00,4.153583829663749782e-04
2.000000000000000111e-01,1.353009456455282200e-01,-7.916355850992591314e-01,-7.906519881176562459e-01,3.403455309864746194e-20,4.690248656875377277e-04
2.041666666666666630e-01,1.357335204141990603e-01,-7.916355850992591314e-01,-7.906499784958447297e-01,5.277536385180199520e-20,4.823092347695512858e-04
2.083333333333333426e-01,1.360795763740583475e-01,-7.916355850992591314e-01,-7.906481280087247487e-01,-2.452011489790939937e-20,4.441169088040618326e-04
2.124999999999999944e-01,1.363564322244682769e-01,-7.916355850992591314e-01,-7.906460254497269524e-01,3.530096661646614731e-21,5.046141594662290845e-04
2.166666666666666741e-01,1.365778993493749760e-01,-7.916355850992591314e-01,-7.906442649759403141e-01,-2.012551109856830159e-20,4.225137087875557320e-04
2.208333333333333259e-01,1.367550968732258454e-01,-7.916355850992591314e-01,-7.906423816954601946e-01,-3.835946693138096714e-21,4.519873152252082350e-04
2.250000000000000056e-01,1.368968463393970270e-01,-7.916355850992591314e-01,-7.906403995002874163e-01,2.176389739809442659e-20,4.757268414685167650e-04
2.291666666666666574e-01,1.370102390233264300e-01,-7.916355850992591314e-01,-7.906383381804610311e-01,-3.296518951237539313e-20,4.947167583412007867e-04
2.333333333333333370e-01,1.371009476596941612e-01,-7.916355850992591314e-01,-7.906362135685288672e-01,-3.375338923856185938e-20,5.099068637066629054e-04
2.374999999999999889e-01,1.371735101606345597e-01,-7.916355850992591314e-01,-7.906345522385468394e-01,4.736620364411900226e-21,3.987191956929739397e-04
2.416666666666666685e-01,1.372315924261569009e-01,-7.916355850992591314e-01,-7.906328606304342532e-01,4.771118965834189937e-20,4.059859470320090029e-04
2.458333333333333204e-01,1.372780561297272661e-01,-7.916355850992591314e-01,-7.906311442796453148e-01,1.314588710564229769e-20,4.119241893428675924e-04
2.500000000000000000e-01,1.373152253692426494e-01,-7.916355850992591314e-01,-7.906294081374297678e-01,1.390765905749254826e-20,4.166741317191938361e-04
2.541666666666666519e-01,1.373449593823357073e-01,-7.916355850992591314e-01,-7.906276561652961776e-01,-9.029774985267344061e-21,4.204733120614532137e-04
2.583333333333333592e-01,1.373687454901839633e-01,-7.916355850992591314e-01,-7.906258915323066683e-01,2.670095073351131455e-20,4.235119174812219142e-04
2.625000000000000111e-01,1.373877734945409823e-01,-7.916355850992591314e-01,-7.906241167735909015e-01,1.403724207032780850e-20,4.259420917777174335e-04
2.666666666666666630e-01,1.374029951926605819e-01,-7.916355850992591314e-01,-7.906223339171543074e-01,-4.258966858397715067e-20,4.278855447904518191e-04
2.708333333333333148e-01,1.374151719870279897e-01,-7.916355850992591314e-01,-7.906205445853208280e-01,3.523634313111044202e-21,4.294396400281071113e-04
2.750000000000000222e-01,1.374249129713783768e-01,-7.916355850992591314e-01,-7.906187500758846687e-01,-1.460022895004964182e-20,4.306822646793048888e-04
2.791666666666666741e-01,1.374327053980985425e-01,-7.916355850992591314e-01,-7.906169514270283694e-01,-5.266695149276926401e-20,4.316757255155466910e-04
2.833333333333333259e-01,1.374389390510176445e-01,-7.916355850992591314e-01,-7.906151494692553738e-01,3.934587981185045264e-20,4.324698655188393749e-04
2.874999999999999778e-01,1.374439257427354788e-01,-7.916355850992591314e-01,-7.906133448669341313e-01,-1.799402175638400296e-20,4.331045570922515266e-04
2.916666666666666852e-01,1.374479149117616705e-01,-7.916355850992591314e-01,-7.906115381515318452e-01,-2.163387494555874755e-20,4.336116965506867918e-04
2.958333333333333370e-01,1.374511060996481682e-01,-7.916355850992591314e-01,-7.906097297481999853e-01,5.018814969088926289e-21,4.340167996462822005e-04
2.999999999999999889e-01,1.374536589322322977e-01,-7.916355850992591314e-01,-7.906079199970419413e-01,-6.035833532222873815e-23,4.343402779316515080e-04
3.041666666666666408e-01,1.374557011042608079e-01,-7.916355850992591314e-01,-7.906061091701260812e-01,5.205990432073191082e-21,4.345984598044931612e-04
3.083333333333333481e-01,1.374573347667928935e-01,-7.916355850992591314e-01,-7.906042974850956417e-01,1.797329054228189270e-20,4.348044073036032861e-04
3.125000000000000000e-01,1.374586416368855091e-01,-7.916355850992591314e-01,-7.906024851160560196e-01,-2.379824471709202903e-21,4.349685695141677455e-04
3.166666666666666519e-01,1.374596870851520491e-01,-7.916355850992591314e-01,-7.906006722022840272e-01,-4.130105043659024496e-20,4.350993052661891063e-04
3.208333333333333592e-01,1.374605234056576752e-01,-7.916355850992591314e-01,-7.905988588551954299e-01,1.337638938438329509e-20,4.352033012722618041e-04
3.250000000000000111e-01,1.374611924317140632e-01,-7.916355850992591314e-01,-7.905970451639178220e-01,2.223911266000614099e-20,4.352859066208194789e-04
3.291666666666666630e-01,1.374617276284183787e-01,-7.916355850992591314e-01,-7.905952311997496151e-01,-1.030809214908855035e-20,4.353514003568802432e-04
3.333333333333333148e-01,1.374621557666066141e-01,-7.916355850992591314e-01,-7.905934170197265187e-01,2.138391130420287950e-21,4.354032055354135097e-04
3.375000000000000222e-01,1.374624982619542246e-01,-7.916355850992591314e-01,-7.905916026694745913e-01,4.991929014241538661e-20,4.354440604560292890e-04
3.416666666666666741e-01,1.374627722462069823e-01,-7.916355850992591314e-01,-7.905897881854927478e-01,-7.682465788480386812e-21,4.354761556418858433e-04
3.458333333333333259e-01,1.374629914241258521e-01,-7.916355850992591314e-01,-7.905879735969785216e-01,2.162981659067840926e-20,4.355012434186989649e-04
3.499999999999999778e-01,1.374631667590111017e-01,-7.916355850992591314e-01,-7.905861589272886736e-01,-1.397671571394365493e-20,4.355207255733023995e-04
3.541666666666666852e-01,1.374633070210961316e-01,-7.916355850992591314e-01,-7.905843441951074801e-01,4.351073419605494698e-21,4.355357234753769072e-04
3.583333333333333370e-01,1.374634192262422783e-01,-7.916355850992591314e-01,-7.905825294153817628e-01,-3.397383287180724125e-20,4.355471341729161001e-04
3.624999999999999889e-01,1.374635089868782856e-01,-7.916355850992591314e-01,-7.905807146000681795e-01,2.793091660558938214e-20,4.355556752664866750e-04
3.666666666666666408e-01,1.374635807927389042e-01,-7.916355850992591314e-01,-7.905788997587315237e-01,1.579648721216617353e-20,4.355619208059345387e-04
3.708333333333333481e-01,1.374636382354453845e-01,-7.916355850992591314e-01,-7.905770848990231192e-01,-4.347961152550763932e-20,4.355663300069623732e-04
3.750000000000000000e-01,1.374636841881614613e-01,-7.916355850992591314e-01,-7.905752700270638478e-01,-1.464812787739529058e-20,4.355692702222333326e-04
3.791666666666666519e-01,1.374637209493114742e-01,-7.916355850992591314e-01,-7.905734551477500149e-01,8.066044948157711115e-22,4.355710353189493652e-04
3.833333333333333592e-01,1.374637503575496800e-01,-7.916355850992591314e-01,-7.905716402649984875e-01,-4.142691113666901658e-20,4.355718603775678502e-04
3.875000000000000111e-01,1.374637738837312106e-01,-7.916355850992591314e-01,-7.905698253819424259e-01,-7.559474371151408510e-21,4.355719334530738914e-04
3.916666666666666630e-01,1.374637927044856378e-01,-7.916355850992591314e-01,-7.905680105010883807e-01,-3.475360569550332353e-20,4.355714049813203914e-04
3.958333333333333148e-01,1.374638077610729481e-01,-7.916355850992591314e-01,-7.905661956244413036e-01,3.208594822001980928e-20,4.355703953042792519e-04
4.000000000000000222e-01,1.374638198064662142e-01,-7.916355850992591314e-01,-7.905643807536051337e-01,1.615018447221501971e-21,4.355690006910206626e-04
4.041666666666666741e-01,1.374638294430159391e-01,-7.916355850992591314e-01,-7.905625658898628449e-01,4.119385299908220103e-21,4.355672981520911091e-04
4.083333333333333259e-01,1.374638371525802039e-01,-7.916355850992591314e-01,-7.905607510342408384e-01,5.423957693359742331e-20,4.355653492929558953e-04
4.124999999999999778e-01,1.374638433206275823e-01,-7.916355850992591314e-01,-7.905589361875600130e-01,5.774702952597539891e-21,4.355632033955078781e-04
4.166666666666666852e-01,1.374638482555186614e-01,-7.916355850992591314e-01,-7.905571213504771766e-01,1.879535297479474852e-21,4.355608998828495353e-04
4.208333333333333370e-01,1.374638522039303978e-01,-7.916355850992591314e-01,-7.905553065235175758e-01,-2.003475387573474908e-20,4.355584702919385368e-04
4.249999999999999889e-01,1.374638553631952753e-01,-7.916355850992591314e-01,-7.905534917071015411e-01,3.693172734472029909e-20,4.355559398509512557e-04
4.291666666666666408e-01,1.374638578911719367e-01,-7.916355850992591314e-01,-7.905516769015651368e-01,5.287079981497530077e-21,4.355533287416798018e-04
4.333333333333333481e-01,1.374638599141414230e-01,-7.916355850992591314e-01,-7.905498621071771481e-01,3.301833586673192516e-20,4.355506531081724045e-04
4.375000000000000000e-01,1.374638615331238989e-01,-7.916355850992591314e-01,-7.905480473241527362e-01,4.701746300539693868e-21,4.355479258653994806e-04
4.416666666666666519e-01,1.374638628289317765e-01,-7.916355850992591314e-01,-7.905462325526637635e-01,-1.418759507135639242e-20,4.355451573443895434e-04
4.458333333333333592e-01,1.374638638662119272e-01,-7.916355850992591314e-01,-7.905444177928478977e-01,-2.735313094772109231e-20,4.355423558098450460e-04
4.500000000000000111e-01,1.374638646966794830e-01,-7.916355850992591314e-01,-7.905426030448150509e-01,1.995012295931291744e-20,4.355395278734335279e-04
4.541666666666666630e-01,1.374638653617046291e-01,-7.916355850992591314e-01,-7.905407883086532639e-01,-2.159096495128255924e-21,4.355366788232934599e-04
4.583333333333333148e-01,1.374638658943819758e-01,-7.916355850992591314e-01,-7.905389735844329246e-01,3.760983450125478581e-21,4.355338128907278129e-04
4.625000000000000222e-01,1.374638663211859846e-01,-7.916355850992591314e-01,-7.905371588722102105e-01,-1.647058771260860652e-20,4.355309334598903839e-04
4.666666666666666741e-01,1.374638666632952699e-01,-7.916355850992591314e-01,-7.905353441720300856e-01,-3.087454221293590025e-20,4.355280432382810330e-04
4.708333333333333259e-01,1.374638669376518907e-01,-7.916355850992591314e-01,-7.905335294839284099e-01,-1.290755892282472438e-20,4.355251443919284557e-04
4.749999999999999778e-01,1.374638671578088667e-01,-7.916355850992591314e-01,-7.905317148079340495e-01,2.107669125482185657e-20,4.355222386532104023e-04
4.791666666666666852e-01,1.374638673346081641e-01,-7.916355850992591314e-01,-7.905299001440698747e-01,-5.538429150379424448e-20,4.355193274080183287e-04
4.833333333333333370e-01,1.374638674767229007e-01,-7.916355850992591314e-01,-7.905280854923542044e-01,-1.384907140566906585e-20,4.355164117652987740e-04
4.874999999999999889e-01,1.374638675910912766e-01,-7.916355850992591314e-01,-7.905262708528016935e-01,1.403001716466504065e-20,4.355134926116663047e-04
4.916666666666666408e-01,1.374638676832635742e-01,-7.916355850992591314e-01,-7.905244562254239993e-01,-3.768621946094522946e-20,4.355105706569421201e-04
4.958333333333333481e-01,1.374638677576798251e-01,-7.916355850992591314e-01,-7.905226416102303366e-01,1.040283017862001430e-20,4.355076464686517389e-04
5.000000000000000000e-01,1.374638678178919105e-01,-7.916355850992591314e-01,-7.905208270072282550e-01,-1.149742277357495045e-20,4.355047205005904199e-04
5.041666666666666519e-01,1.374638678667411684e-01,-7.916355850992591314e-01,-7.905190124164236387e-01,-2.781490452467882001e-20,4.355017931164820795e-04
5.083333333333333037e-01,1.374638679065005586e-01,-7.916355850992591314e-01,-7.905171978378211506e-01,2.475410361368533707e-20,4.354988646063668450e-04
5.124999999999999556e-01,1.374638679389884044e-01,-7.916355850992591314e-01,-7.905153832714244544e-01,-1.178037024185637048e-20,4.354959352027517098e-04
5.166666666666667185e-01,1.374638679656592921e-01,-7.916355850992591314e-01,-7.905135687172365477e-01,4.654770196564924581e-20,4.354930050916737861e-04
5.208333333333333703e-01,1.374638679876767910e-01,-7.916355850992591314e-01,-7.905117541752597621e-01,-1.644944290820021975e-20,4.354900744220704684e-04
5.250000000000000222e-01,1.374638680059717677e-01,-7.916355850992591314e-01,-7.905099396454959848e-01,-2.932083852861989145e-20,4.354871433124539990e-04
5.291666666666666741e-01,1.374638680212888486e-01,-7.916355850992591314e-01,-7.905081251279465482e-01,-8.026288579966881222e-21,4.354842118584865171e-04
5.333333333333333259e-01,1.374638680342237240e-01,-7.916355850992591314e-01,-7.905063106226126735e-01,-1.497874162847507883e-20,4.354812801360045493e-04
5.374999999999999778e-01,1.374638680452529016e-01,-7.916355850992591314e-01,-7.905044961294951378e-01,2.173608344999733103e-20,4.354783482059425346e-04
5.416666666666666297e-01,1.374638680547575764e-01,-7.916355850992591314e-01,-7.905026816485946073e-01,1.536273437845867965e-20,4.354754161172170730e-04
5.458333333333332815e-01,1.374638680630427268e-01,-7.916355850992591314e-01,-7.905008671799116371e-01,3.207139501111770445e-20,4.354724839085274599e-04
5.500000000000000444e-01,1.374638680703522686e-01,-7.916355850992591314e-01,-7.904990527234465603e-01,1.524811816483180075e-20,4.354695516113937835e-04
5.541666666666666963e-01,1.374638680768813792e-01,-7.916355850992591314e-01,-7.904972382791997099e-01,-2.347572182637877508e-20,4.354666192503319150e-04
5.583333333333333481e-01,1.374638680827861559e-01,-7.916355850992591314e-01,-7.904954238471711969e-01,-1.499626751770354610e-20,4.354636868458662893e-04
5.625000000000000000e-01,1.374638680881914710e-01,-7.916355850992591314e-01,-7.904936094273611324e-01,-3.938013025908897644e-20,4.354607544134059672e-04
5.666666666666666519e-01,1.374638680931972445e-01,-7.916355850992591314e-01,-7.904917950197696275e-01,-5.895988309913127574e-22,4.354578219660168318e-04
5.708333333333333037e-01,1.374638680978833849e-01,-7.916355850992591314e-01,-7.904899806243966820e-01,2.858648309043179885e-20,4.354548895136649777e-04
5.749999999999999556e-01,1.374638681023138131e-01,-7.916355850992591314e-01,-7.904881662412422960e-01,1.885129106371864702e-20,4.354519570649301847e-04
5.791666666666667185e-01,1.374638681065396828e-01,-7.916355850992591314e-01,-7.904863518703063585e-01,-2.215207774992907711e-20,4.354490246261183352e-04
5.833333333333333703e-01,1.374638681106019056e-01,-7.916355850992591314e-01,-7.904845375115888695e-01,1.296168755415866313e-20,4.354460922023683307e-04
5.875000000000000222e-01,1.374638681145332053e-01,-7.916355850992591314e-01,-7.904827231650897179e-01,-1.090578184044639740e-20,4.354431597980534634e-04
5.916666666666666741e-01,1.374638681183597555e-01,-7.916355850992591314e-01,-7.904809088308087928e-01,-5.276636826264048102e-22,4.354402274162141070e-04
5.958333333333333259e-01,1.374638681221025116e-01,-7.916355850992591314e-01,-7.904790945087460940e-01,-2.799747879550575858e-21,4.354372950599236496e-04
5.999999999999999778e-01,1.374638681257782380e-01,-7.916355850992591314e-01,-7.904772801989013997e-01,-1.313611926583078284e-20,4.354343627309013648e-04
6.041666666666666297e-01,1.374638681294003406e-01,-7.916355850992591314e-01,-7.904754659012745988e-01,-1.448049455638259107e-20,4.354314304313005321e-04
6.083333333333332815e-01,1.374638681329795054e-01,-7.916355850992591314e-01,-7.904736516158655801e-01,3.968424838117292552e-20,4.354284981622346816e-04
6.125000000000000444e-01,1.374638681365243364e-01,-7.916355850992591314e-01,-7.904718373426742328e-01,-8.686456256966624153e-21,4.354255659245029786e-04
6.166666666666666963e-01,1.374638681400416895e-01,-7.916355850992591314e-01,-7.904700230817004458e-01,-3.138785948181333848e-20,4.354226337198478986e-04
6.208333333333333481e-01,1.374638681435370602e-01,-7.916355850992591314e-01,-7.904682088329439971e-01,3.059472252134569635e-20,4.354197015481851450e-04
6.250000000000000000e-01,1.374638681470148338e-01,-7.916355850992591314e-01,-7.904663945964047755e-01,4.280995712085767885e-20,4.354167694102926327e-04
6.291666666666666519e-01,1.374638681504785354e-01,-7.916355850992591314e-01,-7.904645803720826702e-01,3.903361913061168469e-21,4.354138373066837315e-04
6.333333333333333037e-01,1.374638681539309681e-01,-7.916355850992591314e-01,-7.904627661599774591e-01,1.151748190342936137e-20,4.354109052377490253e-04
6.374999999999999556e-01,1.374638681573743526e-01,-7.916355850992591314e-01,-7.904609519600891421e-01,4.757526708159324444e-20,4.354079732037668829e-04
6.416666666666667185e-01,1.374638681608105206e-01,-7.916355850992591314e-01,-7.904591377724174972e-01,1.371628306796016262e-20,4.354050412048440441e-04
6.458333333333333703e-01,1.374638681642408877e-01,-7.916355850992591314e-01,-7.904573235969623024e-01,-1.214174477196547444e-20,4.354021092410837791e-04
6.500000000000000222e-01,1.374638681676666196e-01,-7.916355850992591314e-01,-7.904555094337234467e-01,2.569437532561084900e-20,4.353991773129485543e-04
6.541666666666666741e-01,1.374638681710886323e-01,-7.916355850992591314e-01,-7.904536952827008189e-01,4.262146333877215767e-20,4.353962454203900686e-04
6.583333333333333259e-01,1.374638681745076751e-01,-7.916355850992591314e-01,-7.904518811438943082e-01,8.081994024343499179e-21,4.353933135635062253e-04
6.624999999999999778e-01,1.374638681779243310e-01,-7.916355850992591314e-01,-7.904500670173036925e-01,5.148483284924856061e-20,4.353903817424618775e-04
6.666666666666666297e-01,1.374638681813390440e-01,-7.916355850992591314e-01,-7.904482529029288607e-01,-1.509475370938564096e-21,4.353874499569776262e-04
6.708333333333332815e-01,1.374638681847522304e-01,-7.916355850992591314e-01,-7.904464388007697018e-01,-5.668953081161463759e-20,4.353845182074225339e-04
6.750000000000000444e-01,1.374638681881641677e-01,-7.916355850992591314e-01,-7.904446247108259938e-01,-1.967976414597878880e-20,4.353815864938632247e-04
6.791666666666666963e-01,1.374638681915751059e-01,-7.916355850992591314e-01,-7.904428106330976256e-01,2.458768521419732481e-20,4.353786548161559878e-04
6.833333333333333481e-01,1.374638681949852392e-01,-7.916355850992591314e-01,-7.904409965675843752e-01,-8.983595042632157063e-21,4.353757231744030632e-04
6.875000000000000000e-01,1.374638681983947064e-01,-7.916355850992591314e-01,-7.904391825142861316e-01,-8.902970782302379147e-21,4.353727915684990667e-04
6.916666666666666519e-01,1.374638682018036462e-01,-7.916355850992591314e-01,-7.904373684732027838e-01,-2.311737167538431812e-20,4.353698599988069348e-04
6.958333333333333037e-01,1.374638682052121419e-01,-7.916355850992591314e-01,-7.904355544443342207e-01,7.167752652319265342e-21,4.353669284650550208e-04
6.999999999999999556e-01,1.374638682086203045e-01,-7.916355850992591314e-01,-7.904337404276802204e-01,1.340562504915821617e-20,4.353639969671813624e-04
7.041666666666667185e-01,1.374638682120281619e-01,-7.916355850992591314e-01,-7.904319264232405606e-01,8.830670026886416072e-22,4.353610655054081669e-04
7.083333333333333703e-01,1.374638682154357971e-01,-7.916355850992591314e-01,-7.904301124310152415e-01,-7.751483670840280059e-21,4.353581340795871155e-04
7.125000000000000222e-01,1.374638682188432104e-01,-7.916355850992591314e-01,-7.904282984510040411e-01,1.049674102753892522e-20,4.353552026899077266e-04
7.166666666666666741e-01,1.374638682222504571e-01,-7.916355850992591314e-01,-7.904264844832068482e-01,6.056797390872264610e-21,4.353522713361303374e-04
7.208333333333333259e-01,1.374638682256575650e-01,-7.916355850992591314e-01,-7.904246705276234408e-01,-3.466928497181119927e-20,4.353493400183158259e-04
7.249999999999999778e-01,1.374638682290645619e-01,-7.916355850992591314e-01,-7.904228565842537080e-01,1.687293353243322764e-21,4.353464087365986330e-04
7.291666666666666297e-01,1.374638682324714756e-01,-7.916355850992591314e-01,-7.904210426530975386e-01,1.135455317215055720e-20,4.353434774910718377e-04
7.333333333333332815e-01,1.374638682358782782e-01,-7.916355850992591314e-01,-7.904192287341547107e-01,-1.903800123760835073e-20,4.353405462813415491e-04
7.375000000000000444e-01,1.374638682392849975e-01,-7.916355850992591314e-01,-7.904174148274251133e-01,2.339491662029000119e-20,4.353376151078353225e-04
7.416666666666666963e-01,1.374638682426916614e-01,-7.916355850992591314e-01,-7.904156009329085242e-01,1.783086038055791825e-20,4.353346839701393721e-04
7.458333333333333481e-01,1.374638682460982420e-01,-7.916355850992591314e-01,-7.904137870506049435e-01,-3.216944176309938051e-20,4.353317528685679539e-04
7.500000000000000000e-01,1.374638682495047670e-01,-7.916355850992591314e-01,-7.904119731805141491e-01,-1.323672510783254483e-20,4.353288218030755313e-04
7.541666666666666519e-01,1.374638682529112366e-01,-7.916355850992591314e-01,-7.904101593226359190e-01,-2.859578887232302041e-20,4.353258907738363900e-04
7.583333333333333037e-01,1.374638682563176784e-01,-7.916355850992591314e-01,-7.904083454769701422e-01,1.541513110038508549e-20,4.353229597801632541e-04
7.624999999999999556e-01,1.374638682597240646e-01,-7.916355850992591314e-01,-7.904065316435167077e-01,1.623752957502179098e-20,4.353200288227461641e-04
7.666666666666667185e-01,1.374638682631303954e-01,-7.916355850992591314e-01,-7.904047178222755043e-01,-2.239824153034602969e-21,4.353170979012888075e-04
7.708333333333333703e-01,1.374638682665366984e-01,-7.916355850992591314e-01,-7.904029040132463102e-01,1.738927518042531288e-20,4.353141670159683431e-04
7.750000000000000222e-01,1.374638682699429459e-01,-7.916355850992591314e-01,-7.904010902164289032e-01,8.127773301369480805e-21,4.353112361666225199e-04
7.791666666666666741e-01,1.374638682733491379e-01,-7.916355850992591314e-01,-7.903992764318232833e-01,-4.474615429029703610e-20,4.353083053533596497e-04
7.833333333333333259e-01,1.374638682767553022e-01,-7.916355850992591314e-01,-7.903974626594292285e-01,-2.488859801140763091e-20,4.353053745761251972e-04
7.874999999999999778e-01,1.374638682801614387e-01,-7.916355850992591314e-01,-7.903956488992466278e-01,-4.055379615072515358e-20,4.353024438349632351e-04
7.916666666666666297e-01,1.374638682835675196e-01,-7.916355850992591314e-01,-7.903938351512752591e-01,4.213650285526880291e-20,4.352995131295891605e-04
7.958333333333332815e-01,1.374638682869735729e-01,-7.916355850992591314e-01,-7.903920214155150115e-01,9.711358885313967724e-21,4.352965824604751975e-04
8.000000000000000444e-01,1.374638682903795706e-01,-7.916355850992591314e-01,-7.903902076919657738e-01,-2.482601662818916591e-20,4.352936518273243832e-04
8.041666666666666963e-01,1.374638682937855405e-01,-7.916355850992591314e-01,-7.903883939806273240e-01,-3.368170886860531107e-20,4.352907212301631722e-04
8.083333333333333481e-01,1.374638682971914549e-01,-7.916355850992591314e-01,-7.903865802814995511e-01,1.900026112216061885e-20,4.352877906690176394e-04
8.125000000000000000e-01,1.374638683005973416e-01,-7.916355850992591314e-01,-7.903847665945822332e-01,-4.482181546695149585e-21,4.352848601439136974e-04
8.166666666666666519e-01,1.374638683040032006e-01,-7.916355850992591314e-01,-7.903829529198753701e-01,-3.002807795235273011e-20,4.352819296548543276e-04
8.208333333333333037e-01,1.374638683074090317e-01,-7.916355850992591314e-01,-7.903811392573787398e-01,2.971439555443613665e-21,4.352789992017989267e-04
8.249999999999999556e-01,1.374638683108148074e-01,-7.916355850992591314e-01,-7.903793256070921203e-01,-2.597977848633578583e-20,4.352760687848819358e-04
8.291666666666667185e-01,1.374638683142205553e-01,-7.916355850992591314e-01,-7.903775119690154005e-01,-4.319144247960947830e-20,4.352731384037957126e-04
8.333333333333333703e-01,1.374638683176262477e-01,-7.916355850992591314e-01,-7.903756983431484695e-01,-1.900889481980414107e-20,4.352702080588431830e-04
8.375000000000000222e-01,1.374638683210319123e-01,-7.916355850992591314e-01,-7.903738847294912162e-01,7.439481483542934933e-21,4.352672777498422011e-04
8.416666666666666741e-01,1.374638683244375492e-01,-7.916355850992591314e-01,-7.903720711280434186e-01,-3.013253535408169214e-20,4.352643474769593004e-04
8.458333333333333259e-01,1.374638683278431306e-01,-7.916355850992591314e-01,-7.903702575388049656e-01,-1.399558577166752087e-20,4.352614172399726531e-04
8.499999999999999778e-01,1.374638683312486842e-01,-7.916355850992591314e-01,-7.903684439617756352e-01,-1.722505397943939461e-20,4.352584870391787344e-04
8.541666666666666297e-01,1.374638683346542101e-01,-7.916355850992591314e-01,-7.903666303969553164e-01,2.397179754936331115e-20,4.352555568742489766e-04
8.583333333333332815e-01,1.374638683380596804e-01,-7.916355850992591314e-01,-7.903648168443438982e-01,3.421089766548611053e-21,4.352526267453828189e-04
8.625000000000000444e-01,1.374638683414651230e-01,-7.916355850992591314e-01,-7.903630033039411584e-01,1.526753105983265462e-20,4.352496966525480062e-04
8.666666666666666963e-01,1.374638683448705379e-01,-7.916355850992591314e-01,-7.903611897757469862e-01,-6.282979589617233115e-21,4.352467665956871300e-04
8.708333333333333481e-01,1.374638683482758972e-01,-7.916355850992591314e-01,-7.903593762597612704e-01,-7.985860127528351994e-21,4.352438365748647546e-04
8.750000000000000000e-01,1.374638683516812288e-01,-7.916355850992591314e-01,-7.903575627559837891e-01,4.341405746196281187e-21,4.352409065901038650e-04
8.791666666666666519e-01,1.374638683550865326e-01,-7.916355850992591314e-01,-7.903557492644144311e-01,4.211383293660602150e-22,4.352379766413355059e-04
8.833333333333333037e-01,1.374638683584918086e-01,-7.916355850992591314e-01,-7.903539357850530855e-01,-5.038951647125764056e-21,4.352350467284965769e-04
8.874999999999999556e-01,1.374638683618970292e-01,-7.916355850992591314e-01,-7.903521223178995303e-01,-2.351356533940307610e-20,4.352321168517456424e-04
8.916666666666667185e-01,1.374638683653022220e-01,-7.916355850992591314e-01,-7.903503088629536544e-01,-5.570337642508657491e-21,4.352291870110030678e-04
8.958333333333333703e-01,1.374638683687073593e-01,-7.916355850992591314e-01,-7.903484954202153467e-01,2.792706504586218210e-20,4.352262572063496262e-04
9.000000000000000222e-01,1.374638683721124688e-01,-7.916355850992591314e-01,-7.903466819896843853e-01,4.661852930559909880e-20,4.352233274375762835e-04
9.041666666666666741e-01,1.374638683755175506e-01,-7.916355850992591314e-01,-7.903448685713606592e-01,-2.176860198782832193e-20,4.352203977049647152e-04
9.083333333333333259e-01,1.374638683789225768e-01,-7.916355850992591314e-01,-7.903430551652439462e-01,1.632598620177668037e-20,4.352174680082309690e-04
9.124999999999999778e-01,1.374638683823275753e-01,-7.916355850992591314e-01,-7.903412417713341354e-01,-5.497390652239137363e-22,4.352145383474971259e-04
9.166666666666666297e-01,1.374638683857325461e-01,-7.916355850992591314e-01,-7.903394283896311157e-01,5.828288746654490715e-21,4.352116087227757626e-04
9.208333333333332815e-01,1.374638683891374613e-01,-7.916355850992591314e-01,-7.903376150201347761e-01,3.636459163723862949e-20,4.352086791342071751e-04
9.250000000000000444e-01,1.374638683925423488e-01,-7.916355850992591314e-01,-7.903358016628448945e-01,2.597574598084958982e-20,4.352057495814245234e-04
9.291666666666666963e-01,1.374638683959472085e-01,-7.916355850992591314e-01,-7.903339883177612490e-01,2.762912492897823845e-21,4.352028200648641989e-04
9.333333333333333481e-01,1.374638683993520127e-01,-7.916355850992591314e-01,-7.903321749848838396e-01,2.325954334316686975e-21,4.351998905841834853e-04
9.375000000000000000e-01,1.374638684027567892e-01,-7.916355850992591314e-01,-7.903303616642124441e-01,9.895690914942581485e-21,4.351969611394342075e-04
9.416666666666666519e-01,1.374638684061615379e-01,-7.916355850992591314e-01,-7.903285483557469515e-01,2.585645102688295786e-20,4.351940317308961438e-04
9.458333333333333037e-01,1.374638684095662589e-01,-7.916355850992591314e-01,-7.903267350594871399e-01,1.347042948027291743e-20,4.351911023582628987e-04
9.499999999999999556e-01,1.374638684129709243e-01,-7.916355850992591314e-01,-7.903249217754328981e-01,3.538549413531140983e-21,4.351881730216222385e-04
9.541666666666667185e-01,1.374638684163755620e-01,-7.916355850992591314e-01,-7.903231085035841152e-01,-1.442977804507543356e-20,4.351852437209909139e-04
9.583333333333333703e-01,1.374638684197801441e-01,-7.916355850992591314e-01,-7.903212952439405692e-01,-5.710596455124680246e-21,4.351823144563850255e-04
9.625000000000000222e-01,1.374638684231846986e-01,-7.916355850992591314e-01,-7.903194819965021489e-01,-6.056849089660549174e-21,4.351793852278537959e-04
9.666666666666666741e-01,1.374638684265892252e-01,-7.916355850992591314e-01,-7.903176687612686324e-01,1.456595265341697574e-20,4.351764560351225968e-04
9.708333333333333259e-01,1.374638684299936964e-01,-7.916355850992591314e-01,-7.903158555382400197e-01,-8.324254546244967160e-21,4.351735268785787594e-04
9.749999999999999778e-01,1.374638684333981398e-01,-7.916355850992591314e-01,-7.903140423274159776e-01,2.358493551662991702e-20,4.351705977579764951e-04
9.791666666666666297e-01,1.374638684368025554e-01,-7.916355850992591314e-01,-7.903122291287965062e-01,-8.070413495767756792e-21,4.351676686732361150e-04
9.833333333333332815e-01,1.374638684402069155e-01,-7.916355850992591314e-01,-7.903104159423813835e-01,9.510224749492870589e-21,4.351647396246682430e-04
9.875000000000000444e-01,1.374638684436112479e-01,-7.916355850992591314e-01,-7.903086027681704984e-01,-1.747768010839191772e-20,4.351618106120131043e-04
9.916666666666666963e-01,1.374638684470155525e-01,-7.916355850992591314e-01,-7.903067896061636288e-01,-2.495242016554492545e-20,4.351588816354716015e-04
9.958333333333333481e-01,1.374638684504198016e-01,-7.916355850992591314e-01,-7.903049764563607749e-01,2.093392505097403245e-20,4.351559526947716000e-04
1.000000000000000000e+00,1.374638684538240230e-01,-7.916355850992591314e-01,-7.903031633187616034e-01,7.272520246777934753e-21,4.351530237901731456e-04
1.004166666666666652e+00,1.374638684572282166e-01,-7.916355850992591314e-01,-7.903013501933661145e-01,2.743970056870359511e-20,4.351500949214986459e-04
1.008333333333333304e+00,1.374638684606323547e-01,-7.916355850992591314e-01,-7.902995370801740860e-01,4.638461813800558795e-20,4.351471660889028709e-04
1.012499999999999956e+00,1.374638684640364650e-01,-7.916355850992591314e-01,-7.902977239791854069e-01,5.928093257437841960e-21,4.351442372922685641e-04
1.016666666666666607e+00,1.374638684674405475e-01,-7.916355850992591314e-01,-7.902959108903998553e-01,-3.462293700811408744e-21,4.351413085315878650e-04
1.020833333333333259e+00,1.374638684708446024e-01,-7.916355850992591314e-01,-7.902940978138173200e-01,5.414881971076387081e-20,4.351383798068872281e-04
1.024999999999999911e+00,1.374638684742486017e-01,-7.916355850992591314e-01,-7.902922847494376901e-01,-3.338948146782681176e-20,4.351354511182774589e-04
1.029166666666666563e+00,1.374638684776525732e-01,-7.916355850992591314e-01,-7.902904716972607435e-01,-4.424046259269157108e-21,4.351325224656944269e-04
1.033333333333333437e+00,1.374638684810564893e-01,-7.916355850992591314e-01,-7.902886586572863692e-01,2.530916765410256092e-20,4.351295938491074491e-04
1.037500000000000089e+00,1.374638684844603775e-01,-7.916355850992591314e-01,-7.902868456295144561e-01,1.834901148613996324e-20,4.351266652682928004e-04
1.041666666666666741e+00,1.374638684878642381e-01,-7.916355850992591314e-01,-7.902850326139447823e-01,7.338927340329457506e-21,4.351237367235933598e-04
1.045833333333333393e+00,1.374638684912680431e-01,-7.916355850992591314e-01,-7.902832196105772367e-01,1.702973595730031095e-20,4.351208082149122538e-04
1.050000000000000044e+00,1.374638684946718203e-01,-7.916355850992591314e-01,-7.902814066194115972e-01,1.700228390072120734e-20,4.351178797422437902e-04
1.054166666666666696e+00,1.374638684980755698e-01,-7.916355850992591314e-01,-7.902795936404478638e-01,2.711084457642548204e-22,4.351149513054997694e-04
1.058333333333333348e+00,1.374638685014792638e-01,-7.916355850992591314e-01,-7.902777806736858146e-01,-2.285779205940752113e-20,4.351120229046788359e-04
1.062500000000000000e+00,1.374638685048829301e-01,-7.916355850992591314e-01,-7.902759677191252274e-01,-6.475376630218238896e-21,4.351090945400575157e-04
1.066666666666666652e+00,1.374638685082865686e-01,-7.916355850992591314e-01,-7.902741547767659913e-01,-2.734599651493782244e-20,4.351061662111972489e-04
1.070833333333333304e+00,1.374638685116901515e-01,-7.916355850992591314e-01,-7.902723418466079952e-01,-3.325483197373966423e-20,4.351032379184525153e-04
1.074999999999999956e+00,1.374638685150937067e-01,-7.916355850992591314e-01,-7.902705289286510171e-01,7.560818539646807180e-21,4.351003096615801828e-04
1.079166666666666607e+00,1.374638685184972342e-01,-7.916355850992591314e-01,-7.902687160228950569e-01,-2.880191194121357800e-20,4.350973814409481210e-04
1.083333333333333259e+00,1.374638685219007062e-01,-7.916355850992591314e-01,-7.902669031293397817e-01,-9.361487335598179300e-21,4.350944532560101631e-04
1.087499999999999911e+00,1.374638685253041503e-01,-7.916355850992591314e-01,-7.902650902479851913e-01,2.326579889654930203e-20,4.350915251071188917e-04
1.091666666666666563e+00,1.374638685287075668e-01,-7.916355850992591314e-01,-7.902632773788310638e-01,-7.028321020315795614e-21,4.350885969941983584e-04
1.095833333333333437e+00,1.374638685321109277e-01,-7.916355850992591314e-01,-7.902614645218772882e-01,-1.547654926086714780e-21,4.350856689173838716e-04
1.100000000000000089e+00,1.374638685355142609e-01,-7.916355850992591314e-01,-7.902596516771236423e-01,-3.629117935787454828e-20,4.350827408765225047e-04
1.104166666666666741e+00,1.374638685389175663e-01,-7.916355850992591314e-01,-7.902578388445700153e-01,-1.119744055455376651e-20,4.350798128715911641e-04
1.108333333333333393e+00,1.374638685423208440e-01,-7.916355850992591314e-01,-7.902560260242162959e-01,-2.432172079786738413e-20,4.350768849026315373e-04
1.112500000000000044e+00,1.374638685457240661e-01,-7.916355850992591314e-01,-7.902542132160622623e-01,5.256789661441603894e-20,4.350739569697296017e-04
1.116666666666666696e+00,1.374638685491272605e-01,-7.916355850992591314e-01,-7.902524004201078034e-01,-1.555776805726219820e-20,4.350710290727406162e-04
1.120833333333333348e+00,1.374638685525303994e-01,-7.916355850992591314e-01,-7.902505876363528081e-01,8.117355995530141113e-21,4.350681012118796866e-04
1.125000000000000000e+00,1.374638685559335105e-01,-7.916355850992591314e-01,-7.902487748647970545e-01,-7.751457821446137777e-22,4.350651733867928750e-04
1.129166666666666652e+00,1.374638685593365939e-01,-7.916355850992591314e-01,-7.902469621054404314e-01,-5.826569761944028954e-20,4.350622455976516480e-04
1.133333333333333304e+00,1.374638685627396217e-01,-7.916355850992591314e-01,-7.902451493582827169e-01,1.093592223401629835e-20,4.350593178446443316e-04
1.137499999999999956e+00,1.374638685661426218e-01,-7.916355850992591314e-01,-7.902433366233237999e-01,-6.582031230449294902e-22,4.350563901275647646e-04
1.141666666666666607e+00,1.374638685695455942e-01,-7.916355850992591314e-01,-7.902415239005635694e-01,-1.793268114408436750e-20,4.350534624463405766e-04
1.145833333333333259e+00,1.374638685729485110e-01,-7.916355850992591314e-01,-7.902397111900019144e-01,1.628537680357915517e-21,4.350505348013319938e-04
1.149999999999999911e+00,1.374638685763514001e-01,-7.916355850992591314e-01,-7.902378984916386129e-01,-8.306237518527796526e-21,4.350476071921542871e-04
1.154166666666666563e+00,1.374638685797542614e-01,-7.916355850992591314e-01,-7.902360858054735537e-01,2.783302494997255977e-20,4.350446796191022509e-04
1.158333333333333437e+00,1.374638685831570672e-01,-7.916355850992591314e-01,-7.902342731315065150e-01,1.079703343928981655e-20,4.350417520816936322e-04
1.162500000000000089e+00,1.374638685865598453e-01,-7.916355850992591314e-01,-7.902324604697373855e-01,7.226404927628103460e-21,4.350388245805175322e-04
1.166666666666666741e+00,1.374638685899625956e-01,-7.916355850992591314e-01,-7.902306478201660545e-01,2.662019722621082522e-20,4.350358971151649899e-04
1.170833333333333393e+00,1.374638685933653182e-01,-7.916355850992591314e-01,-7.902288351827924107e-01,1.085439324489154056e-20,4.350329696858280717e-04
1.175000000000000044e+00,1.374638685967679852e-01,-7.916355850992591314e-01,-7.902270225576162321e-01,-1.436461172244274034e-20,4.350300422925611503e-04
1.179166666666666696e+00,1.374638686001706245e-01,-7.916355850992591314e-01,-7.902252099446372968e-01,-2.324847980247397301e-20,4.350271149352707674e-04
1.183333333333333348e+00,1.374638686035732082e-01,-7.916355850992591314e-01,-7.902233973438556047e-01,-2.001208395707196767e-20,4.350241876138340289e-04
1.187500000000000000e+00,1.374638686069757643e-01,-7.916355850992591314e-01,-7.902215847552709338e-01,-9.116538476705913980e-21,4.350212603284354116e-04
1.191666666666666652e+00,1.374638686103782925e-01,-7.916355850992591314e-01,-7.902197721788830620e-01,-9.999657178182840151e-21,4.350183330789549486e-04
1.195833333333333304e+00,1.374638686137807653e-01,-7.916355850992591314e-01,-7.902179596146919893e-01,1.507960596441826364e-20,4.350154058655888263e-04
1.199999999999999956e+00,1.374638686171832103e-01,-7.916355850992591314e-01,-7.902161470626974937e-01,1.403934879595040449e-20,4.350124786879747585e-04
1.204166666666666607e+00,1.374638686205856275e-01,-7.916355850992591314e-01,-7.902143345228993532e-01,2.715197096250585289e-20,4.350095515465001849e-04
1.208333333333333259e+00,1.374638686239879892e-01,-7.916355850992591314e-01,-7.902125219952975677e-01,2.554204484593038049e-21,4.350066244407404777e-04
1.212499999999999911e+00,1.374638686273903232e-01,-7.916355850992591314e-01,-7.902107094798918041e-01,-1.986450976591367907e-20,4.350036973713564039e-04
1.216666666666666563e+00,1.374638686307926294e-01,-7.916355850992591314e-01,-7.902088969766820625e-01,-2.591383668187882415e-20,4.350007703377338172e-04
1.220833333333333437e+00,1.374638686341948801e-01,-7.916355850992591314e-01,-7.902070844856681209e-01,3.173266455027723961e-20,4.349978433399767468e-04
1.225000000000000089e+00,1.374638686375971031e-01,-7.916355850992591314e-01,-7.902052720068498681e-01,5.072478311328303959e-21,4.349949163782079785e-04
1.229166666666666741e+00,1.374638686409992983e-01,-7.916355850992591314e-01,-7.902034595402271933e-01,6.656735979520490214e-22,4.349919894523310185e-04
1.233333333333333393e+00,1.374638686444014657e-01,-7.916355850992591314e-01,-7.902016470857998742e-01,-1.461240401469065670e-21,4.349890625626210913e-04
1.237500000000000044e+00,1.374638686478035776e-01,-7.916355850992591314e-01,-7.901998346435678000e-01,-7.918651702758418496e-21,4.349861357087986898e-04
1.241666666666666696e+00,1.374638686512056618e-01,-7.916355850992591314e-01,-7.901980222135307486e-01,1.889722543710948234e-20,4.349832088907775655e-04
1.245833333333333348e+00,1.374638686546076904e-01,-7.916355850992591314e-01,-7.901962097956886089e-01,1.932984089747471581e-20,4.349802821089694444e-04
1.250000000000000000e+00,1.374638686580096913e-01,-7.916355850992591314e-01,-7.901943973900412699e-01,-3.382475941578870030e-20,4.349773553630176238e-04
1.254166666666666652e+00,1.374638686614116645e-01,-7.916355850992591314e-01,-7.901925849965885096e-01,-6.921511323719885916e-21,4.349744286530090025e-04
1.258333333333333304e+00,1.374638686648135821e-01,-7.916355850992591314e-01,-7.901907726153302169e-01,-1.471792124157945229e-20,4.349715019789138193e-04
1.262499999999999956e+00,1.374638686682154720e-01,-7.916355850992591314e-01,-7.901889602462662809e-01,-1.929409118537593964e-20,4.349685753409409999e-04
1.266666666666666607e+00,1.374638686716173341e-01,-7.916355850992591314e-01,-7.901871478893965905e-01,5.176263628809566650e-21,4.349656487387180124e-04
1.270833333333333259e+00,1.374638686750191408e-01,-7.916355850992591314e-01,-7.901853355447209237e-01,-4.469758327870368800e-20,4.349627221726666657e-04
1.274999999999999911e+00,1.374638686784209196e-01,-7.916355850992591314e-01,-7.901835232122390584e-01,3.078300950827807928e-20,4.349597956423501889e-04
1.279166666666666563e+00,1.374638686818226707e-01,-7.916355850992591314e-01,-7.901817108919509947e-01,8.674307041719751559e-21,4.349568691480857111e-04
1.283333333333333437e+00,1.374638686852243941e-01,-7.916355850992591314e-01,-7.901798985838563993e-01,-4.143272725035103005e-20,4.349539426897983140e-04
1.287500000000000089e+00,1.374638686886260619e-01,-7.916355850992591314e-01,-7.901780862879552725e-01,4.465999825962080981e-21,4.349510162674182293e-04
1.291666666666666741e+00,1.374638686920277020e-01,-7.916355850992591314e-01,-7.901762740042473920e-01,-2.171064764616132543e-20,4.349480898810278019e-04
1.295833333333333393e+00,1.374638686954292865e-01,-7.916355850992591314e-01,-7.901744617327326470e-01,1.405659034184330666e-20,4.349451635304963856e-04
1.300000000000000044e+00,1.374638686988308434e-01,-7.916355850992591314e-01,-7.901726494734109263e-01,-3.575539896548746689e-20,4.349422372161599205e-04
1.304166666666666696e+00,1.374638687022323724e-01,-7.916355850992591314e-01,-7.901708372262820079e-01,-3.135557358852962812e-21,4.349393109375925318e-04
1.308333333333333348e+00,1.374638687056338460e-01,-7.916355850992591314e-01,-7.901690249913457809e-01,8.235901317066646891e-21,4.349363846949960981e-04
1.312500000000000000e+00,1.374638687090352918e-01,-7.916355850992591314e-01,-7.901672127686021341e-01,3.538753623744865011e-20,4.349334584882665359e-04
1.316666666666666652e+00,1.374638687124367098e-01,-7.916355850992591314e-01,-7.901654005580508455e-01,3.011860253063900208e-20,4.349305323177320875e-04
1.320833333333333304e+00,1.374638687158380723e-01,-7.916355850992591314e-01,-7.901635883596918042e-01,-4.073218281970104246e-21,4.349276061829302322e-04
1.324999999999999956e+00,1.374638687192394071e-01,-7.916355850992591314e-01,-7.901617761735247880e-01,3.251920991523859980e-20,4.349246800840596500e-04
1.329166666666666607e+00,1.374638687226407141e-01,-7.916355850992591314e-01,-7.901599639995496860e-01,-2.690079239962529758e-20,4.349217540209812378e-04
1.333333333333333259e+00,1.374638687260419934e-01,-7.916355850992591314e-01,-7.901581518377663871e-01,-3.525996947735648788e-20,4.349188279942539019e-04
1.337499999999999911e+00,1.374638687294432171e-01,-7.916355850992591314e-01,-7.901563396881746693e-01,-9.794852428393538955e-21,4.349159020033546231e-04
1.341666666666666563e+00,1.374638687328444131e-01,-7.916355850992591314e-01,-7.901545275507744215e-01,2.004718743431718678e-20,4.349129760483783774e-04
1.345833333333333437e+00,1.374638687362455536e-01,-7.916355850992591314e-01,-7.901527154255655327e-01,-3.736806511784202119e-20,4.349100501293188224e-04
1.350000000000000089e+00,1.374638687396466663e-01,-7.916355850992591314e-01,-7.901509033125478920e-01,-3.683828178489594924e-20,4.349071242462321197e-04
1.354166666666666741e+00,1.374638687430477513e-01,-7.916355850992591314e-01,-7.901490912117212773e-01,-1.806877820424348284e-20,4.349041983989957003e-04
1.358333333333333393e+00,1.374638687464487807e-01,-7.916355850992591314e-01,-7.901472791230854664e-01,-1.823765229617501189e-20,4.349012725877856385e-04
1.362500000000000044e+00,1.374638687498497824e-01,-7.916355850992591314e-01,-7.901454670466404595e-01,-1.035601692582834139e-20,4.348983468124515014e-04
1.366666666666666696e+00,1.374638687532507564e-01,-7.916355850992591314e-01,-7.901436549823860345e-01,-1.190698057436526828e-20,4.348954210730997575e-04
1.370833333333333348e+00,1.374638687566517026e-01,-7.916355850992591314e-01,-7.901418429303219693e-01,-1.165127836750981360e-20,4.348924953697439052e-04
1.375000000000000000e+00,1.374638687600525933e-01,-7.916355850992591314e-01,-7.901400308904482639e-01,-3.063497002802522961e-20,4.348895697022721091e-04
1.379166666666666652e+00,1.374638687634534562e-01,-7.916355850992591314e-01,-7.901382188627645853e-01,-3.572851559557949349e-21,4.348866440706146007e-04
1.383333333333333304e+00,1.374638687668542636e-01,-7.916355850992591314e-01,-7.901364068472709334e-01,1.025006025923912700e-21,4.348837184751290041e-04
1.387499999999999956e+00,1.374638687702550433e-01,-7.916355850992591314e-01,-7.901345948439670863e-01,-1.204785977244070580e-20,4.348807929154866435e-04
1.391666666666666607e+00,1.374638687736557952e-01,-7.916355850992591314e-01,-7.901327828528529329e-01,-6.228876807677436649e-21,4.348778673918322056e-04
1.395833333333333259e+00,1.374638687770565193e-01,-7.916355850992591314e-01,-7.901309708739283622e-01,7.523724659052632345e-22,4.348749419040321166e-04
1.399999999999999911e+00,1.374638687804571879e-01,-7.916355850992591314e-01,-7.901291589071931520e-01,-3.755063938866895976e-21,4.348720164522143126e-04
1.404166666666666563e+00,1.374638687838578288e-01,-7.916355850992591314e-01,-7.901273469526471915e-01,-2.047390923281797993e-20,4.348690910362813778e-04
1.408333333333333437e+00,1.374638687872584142e-01,-7.916355850992591314e-01,-7.901255350102902586e-01,4.109495321709382966e-20,4.348661656564392023e-04
1.412500000000000089e+00,1.374638687906589718e-01,-7.916355850992591314e-01,-7.901237230801222422e-01,4.088681389546017407e-20,4.348632403122636462e-04
1.416666666666666741e+00,1.374638687940595017e-01,-7.916355850992591314e-01,-7.901219111621430313e-01,1.091371760444807801e-20,4.348603150041929983e-04
1.420833333333333393e+00,1.374638687974599760e-01,-7.916355850992591314e-01,-7.901200992563525149e-01,3.270186173424796523e-20,4.348573897320974252e-04
1.425000000000000044e+00,1.374638688008604226e-01,-7.916355850992591314e-01,-7.901182873627504710e-01,1.146014794722177964e-20,4.348544644957360716e-04
1.429166666666666696e+00,1.374638688042608414e-01,-7.916355850992591314e-01,-7.901164754813367885e-01,-1.164453167563867796e-20,4.348515392955558997e-04
1.433333333333333348e+00,1.374638688076612325e-01,-7.916355850992591314e-01,-7.901146636121112454e-01,-1.420188978631707443e-20,4.348486141312265531e-04
1.437500000000000000e+00,1.374638688110615681e-01,-7.916355850992591314e-01,-7.901128517550737307e-01,-3.097532900069665821e-22,4.348456890027682523e-04
1.441666666666666652e+00,1.374638688144618759e-01,-7.916355850992591314e-01,-7.901110399102241333e-01,-3.353715905656166949e-20,4.348427639101011457e-04
1.445833333333333304e+00,1.374638688178621282e-01,-7.916355850992591314e-01,-7.901092280775622312e-01,2.190658605375982386e-20,4.348398388537173527e-04
1.449999999999999956e+00,1.374638688212623527e-01,-7.916355850992591314e-01,-7.901074162570879134e-01,8.019748683248883847e-21,4.348369138330885958e-04
1.454166666666666607e+00,1.374638688246625495e-01,-7.916355850992591314e-01,-7.901056044488010688e-01,-2.015942550368297572e-21,4.348339888484285170e-04
1.458333333333333259e+00,1.374638688280627186e-01,-7.916355850992591314e-01,-7.901037926527014754e-01,3.637710274400349403e-20,4.348310638996715763e-04
1.462499999999999911e+00,1.374638688314628321e-01,-7.916355850992591314e-01,-7.901019808687890222e-01,4.900243798158278228e-21,4.348281389869212608e-04
1.466666666666666563e+00,1.374638688348629179e-01,-7.916355850992591314e-01,-7.901001690970635982e-01,-1.693817740324834770e-20,4.348252141097922992e-04
1.470833333333333437e+00,1.374638688382629481e-01,-7.916355850992591314e-01,-7.900983573375249813e-01,1.530271208526030057e-20,4.348222892688905438e-04
1.475000000000000089e+00,1.374638688416629506e-01,-7.916355850992591314e-01,-7.900965455901730605e-01,-8.578018048539750681e-21,4.348193644637714174e-04
1.479166666666666741e+00,1.374638688450629254e-01,-7.916355850992591314e-01,-7.900947338550076138e-01,-8.415994046055926385e-21,4.348164396946770766e-04
1.483333333333333393e+00,1.374638688484628724e-01,-7.916355850992591314e-01,-7.900929221320286411e-01,-1.593537600689265534e-20,4.348135149614749777e-04
1.487500000000000044e+00,1.374638688518627638e-01,-7.916355850992591314e-01,-7.900911104212359204e-01,-2.912089346492933929e-20,4.348105902641845278e-04
1.491666666666666696e+00,1.374638688552626276e-01,-7.916355850992591314e-01,-7.900892987226292297e-01,-2.592391794559431418e-20,4.348076656027574259e-04
1.495833333333333348e+00,1.374638688586624358e-01,-7.916355850992591314e-01,-7.900874870362084579e-01,-5.685033989257377463e-20,4.348047409771645610e-04
1.500000000000000000e+00,1.374638688620622162e-01,-7.916355850992591314e-01,-7.900856753619734940e-01,-3.178511297099193002e-20,4.348018163878617317e-04
1.504166666666666652e+00,1.374638688654619689e-01,-7.916355850992591314e-01,-7.900838636999242270e-01,-7.621357820728031893e-21,4.347988918341452367e-04
1.508333333333333304e+00,1.374638688688616939e-01,-7.916355850992591314e-01,-7.900820520500604349e-01,1.236203330884600263e-20,4.347959673165438955e-04
1.512499999999999956e+00,1.374638688722613633e-01,-7.916355850992591314e-01,-7.900802404123820066e-01,2.505013087540275185e-20,4.347930428347174855e-04
1.516666666666666607e+00,1.374638688756610050e-01,-7.916355850992591314e-01,-7.900784287868887201e-01,1.960694640267998008e-20,4.347901183888759624e-04
1.520833333333333259e+00,1.374638688790605912e-01,-7.916355850992591314e-01,-7.900766171735804644e-01,-2.229468885741204754e-20,4.347871939790489250e-04
1.524999999999999911e+00,1.374638688824601496e-01,-7.916355850992591314e-01,-7.900748055724571284e-01,-4.970205183404364772e-20,4.347842696050041372e-04
1.529166666666666563e+00,1.374638688858596802e-01,-7.916355850992591314e-01,-7.900729939835184901e-01,1.956563907084061326e-20,4.347813452669088371e-04
1.533333333333333437e+00,1.374638688892591831e-01,-7.916355850992591314e-01,-7.900711824067644384e-01,-1.918063819448546344e-20,4.347784209646148685e-04
1.537500000000000089e+00,1.374638688926586305e-01,-7.916355850992591314e-01,-7.900693708421948624e-01,2.465998596961328789e-20,4.347754966982965170e-04
1.541666666666666741e+00,1.374638688960580502e-01,-7.916355850992591314e-01,-7.900675592898095401e-01,-5.570906329179787698e-21,4.347725724681077934e-04
1.545833333333333393e+00,1.374638688994574420e-01,-7.916355850992591314e-01,-7.900657477496083603e-01,2.020931483437758020e-21,4.347696482736722627e-04
1.550000000000000044e+00,1.374638689028567784e-01,-7.916355850992591314e-01,-7.900639362215912120e-01,1.235417509302674886e-20,4.347667241152164148e-04
1.554166666666666696e+00,1.374638689062560870e-01,-7.916355850992591314e-01,-7.900621247057578733e-01,5.526295444769037224e-20,4.347637999925543090e-04
1.558333333333333348e+00,1.374638689096553401e-01,-7.916355850992591314e-01,-7.900603132021082331e-01,1.077994698976176807e-20,4.347608759058909679e-04
1.562500000000000000e+00,1.374638689130545655e-01,-7.916355850992591314e-01,-7.900585017106421803e-01,-9.061246622635572536e-22,4.347579518551853545e-04
1.566666666666666652e+00,1.374638689164537630e-01,-7.916355850992591314e-01,-7.900566902313594930e-01,1.774493699442897250e-20,4.347550278402671949e-04
1.570833333333333304e+00,1.374638689198529329e-01,-7.916355850992591314e-01,-7.900548787642600601e-01,1.720465880746113402e-20,4.347521038613834160e-04
1.574999999999999956e+00,1.374638689232520472e-01,-7.916355850992591314e-01,-7.900530673093437706e-01,2.579816064309211169e-20,4.347491799183971373e-04
1.579166666666666607e+00,1.374638689266511338e-01,-7.916355850992591314e-01,-7.900512558666104024e-01,-1.281672415180874503e-20,4.347462560112394037e-04
1.583333333333333259e+00,1.374638689300501926e-01,-7.916355850992591314e-01,-7.900494444360598445e-01,1.818153326149211742e-20,4.347433321400461740e-04
1.587499999999999911e+00,1.374638689334491959e-01,-7.916355850992591314e-01,-7.900476330176918749e-01,-1.230945564116060080e-20,4.347404083047947884e-04
1.591666666666666563e+00,1.374638689368481714e-01,-7.916355850992591314e-01,-7.900458216115063825e-01,-2.153603498873020975e-20,4.347374845052777307e-04
1.595833333333333437e+00,1.374638689402470915e-01,-7.916355850992591314e-01,-7.900440102175032564e-01,3.242646228905609158e-20,4.347345607418821693e-04
1.600000000000000089e+00,1.374638689436459837e-01,-7.916355850992591314e-01,-7.900421988356823855e-01,2.203141277807290420e-20,4.347316370142157316e-04
1.604166666666666741e+00,1.374638689470448483e-01,-7.916355850992591314e-01,-7.900403874660435477e-01,-1.117926843047174218e-20,4.347287133226305123e-04
1.608333333333333393e+00,1.374638689504436850e-01,-7.916355850992591314e-01,-7.900385761085866321e-01,-4.127605407245465815e-21,4.347257896667919806e-04
1.612500000000000044e+00,1.374638689538424663e-01,-7.916355850992591314e-01,-7.900367647633114165e-01,1.311409558202155848e-20,4.347228660470469730e-04
1.616666666666666696e+00,1.374638689572412198e-01,-7.916355850992591314e-01,-7.900349534302177901e-01,8.393349976787287253e-21,4.347199424630867086e-04
1.620833333333333348e+00,1.374638689606399455e-01,-7.916355850992591314e-01,-7.900331421093056417e-01,-1.993071006431206357e-20,4.347170189150068140e-04
1.625000000000000000e+00,1.374638689640386158e-01,-7.916355850992591314e-01,-7.900313308005747492e-01,-3.237119628437989241e-22,4.347140954027358404e-04
1.629166666666666652e+00,1.374638689674372583e-01,-7.916355850992591314e-01,-7.900295195040250018e-01,5.150905373155987896e-21,4.347111719265837611e-04
1.633333333333333304e+00,1.374638689708358730e-01,-7.916355850992591314e-01,-7.900277082196562883e-01,-1.042751635002589372e-20,4.347082484863003422e-04
1.637499999999999956e+00,1.374638689742344322e-01,-7.916355850992591314e-01,-7.900258969474684978e-01,-1.274465604094006249e-20,4.347053250818500220e-04
1.641666666666666607e+00,1.374638689776329636e-01,-7.916355850992591314e-01,-7.900240856874614082e-01,-1.487893711769172758e-20,4.347024017134133202e-04
1.645833333333333259e+00,1.374638689810314396e-01,-7.916355850992591314e-01,-7.900222744396347974e-01,1.193461357670336786e-20,4.346994783807226555e-04
1.649999999999999911e+00,1.374638689844298878e-01,-7.916355850992591314e-01,-7.900204632039886654e-01,-5.918167090087205628e-21,4.346965550839739976e-04
1.654166666666666563e+00,1.374638689878283082e-01,-7.916355850992591314e-01,-7.900186519805227903e-01,-2.771572039935488353e-20,4.346936318231785679e-04
1.658333333333333437e+00,1.374638689912267009e-01,-7.916355850992591314e-01,-7.900168407692369499e-01,5.377733806754513453e-21,4.346907085983600020e-04
1.662500000000000089e+00,1.374638689946250381e-01,-7.916355850992591314e-01,-7.900150295701310332e-01,-4.657130246250114938e-21,4.346877854091405098e-04
1.666666666666666741e+00,1.374638689980233475e-01,-7.916355850992591314e-01,-7.900132183832049293e-01,3.795443277456554868e-20,4.346848622559091029e-04
1.670833333333333393e+00,1.374638690014216291e-01,-7.916355850992591314e-01,-7.900114072084585271e-01,-3.015590320638631517e-22,4.346819391387947472e-04
1.675000000000000044e+00,1.374638690048198553e-01,-7.916355850992591314e-01,-7.900095960458916045e-01,1.072749856904707766e-20,4.346790160574682247e-04
1.679166666666666696e+00,1.374638690082180537e-01,-7.916355850992591314e-01,-7.900077848955040505e-01,-3.836440416566214302e-20,4.346760930118906668e-04
1.683333333333333348e+00,1.374638690116162243e-01,-7.916355850992591314e-01,-7.900059737572957541e-01,4.408709813724541130e-20,4.346731700024188843e-04
1.687500000000000000e+00,1.374638690150143394e-01,-7.916355850992591314e-01,-7.900041626312664933e-01,-2.172059966290610405e-20,4.346702470286824597e-04
1.691666666666666652e+00,1.374638690184124268e-01,-7.916355850992591314e-01,-7.900023515174161570e-01,-8.625167343455273259e-22,4.346673240910596168e-04
1.695833333333333304e+00,1.374638690218104864e-01,-7.916355850992591314e-01,-7.900005404157445232e-01,-2.679845464821600269e-20,4.346644011892417917e-04
1.699999999999999956e+00,1.374638690252084905e-01,-7.916355850992591314e-01,-7.899987293262514809e-01,1.368076600040866700e-20,4.346614783232346764e-04
1.704166666666666607e+00,1.374638690286064668e-01,-7.916355850992591314e-01,-7.899969182489369190e-01,8.139638173280788296e-21,4.346585554930296517e-04
1.708333333333333259e+00,1.374638690320044154e-01,-7.916355850992591314e-01,-7.899951071838007266e-01,-3.277186189358526519e-22,4.346556326988407389e-04
1.712499999999999911e+00,1.374638690354023085e-01,-7.916355850992591314e-01,-7.899932961308426815e-01,4.722301738761636606e-20,4.346527099405884660e-04
1.716666666666666563e+00,1.374638690388001738e-01,-7.916355850992591314e-01,-7.899914850900625618e-01,3.025464789200983285e-21,4.346497872181399099e-04
1.720833333333333437e+00,1.374638690421980114e-01,-7.916355850992591314e-01,-7.899896740614603674e-01,1.919480366247543404e-20,4.346468645316359626e-04
1.725000000000000089e+00,1.374638690455957934e-01,-7.916355850992591314e-01,-7.899878630450358763e-01,-2.751761064264843340e-20,4.346439418809967185e-04
1.729166666666666741e+00,1.374638690489935478e-01,-7.916355850992591314e-01,-7.899860520407889775e-01,-1.421023914062503156e-20,4.346410192662801281e-04
1.733333333333333393e+00,1.374638690523912743e-01,-7.916355850992591314e-01,-7.899842410487194488e-01,4.521214131849995578e-21,4.346380966873276811e-04
1.737500000000000044e+00,1.374638690557889453e-01,-7.916355850992591314e-01,-7.899824300688271794e-01,-1.062924502191226334e-20,4.346351741444740707e-04
1.741666666666666696e+00,1.374638690591865886e-01,-7.916355850992591314e-01,-7.899806191011120582e-01,-1.576153883128580811e-20,4.346322516373583118e-04
1.745833333333333348e+00,1.374638690625842041e-01,-7.916355850992591314e-01,-7.899788081455738631e-01,-6.196642613182010851e-21,4.346293291661302953e-04
1.750000000000000000e+00,1.374638690659817641e-01,-7.916355850992591314e-01,-7.899769972022124831e-01,1.348901519466121827e-20,4.346264067307780950e-04
1.754166666666666652e+00,1.374638690693792964e-01,-7.916355850992591314e-01,-7.899751862710278072e-01,-1.711622803010038691e-20,4.346234843313314181e-04
1.758333333333333304e+00,1.374638690727768009e-01,-7.916355850992591314e-01,-7.899733753520196133e-01,-1.444148782062188735e-20,4.346205619678635565e-04
1.762499999999999956e+00,1.374638690761742499e-01,-7.916355850992591314e-01,-7.899715644451877905e-01,2.608291756896349147e-20,4.346176396401012373e-04
1.766666666666666607e+00,1.374638690795716711e-01,-7.916355850992591314e-01,-7.899697535505322277e-01,-1.262148367785208821e-20,4.346147173483711846e-04
1.770833333333333259e+00,1.374638690829690646e-01,-7.916355850992591314e-01,-7.899679426680527028e-01,-2.910106697962220891e-20,4.346117950923105702e-04
1.774999999999999911e+00,1.374638690863664026e-01,-7.916355850992591314e-01,-7.899661317977491048e-01,-2.744099303841070921e-20,4.346088728724225724e-04
1.779166666666666563e+00,1.374638690897637128e-01,-7.916355850992591314e-01,-7.899643209396212118e-01,3.056509911565864105e-20,4.346059506881834130e-04
1.783333333333333437e+00,1.374638690931609952e-01,-7.916355850992591314e-01,-7.899625100936689126e-01,2.849412320516142486e-20,4.346030285401457642e-04
1.787500000000000089e+00,1.374638690965582222e-01,-7.916355850992591314e-01,-7.899606992598920963e-01,-2.897745517683381584e-20,4.346001064276756387e-04
1.791666666666666741e+00,1.374638690999554214e-01,-7.916355850992591314e-01,-7.899588884382906517e-01,2.146171798057114867e-20,4.345971843512115422e-04
1.795833333333333393e+00,1.374638691033525928e-01,-7.916355850992591314e-01,-7.899570776288643570e-01,3.829479174723697729e-20,4.345942623105836884e-04
1.800000000000000044e+00,1.374638691067497087e-01,-7.916355850992591314e-01,-7.899552668316131010e-01,-1.094471102802467427e-20,4.345913403057849759e-04
1.804166666666666696e+00,1.374638691101467969e-01,-7.916355850992591314e-01,-7.899534560465366617e-01,-9.076807957909226369e-21,4.345884183369686567e-04
1.808333333333333348e+00,1.374638691135438573e-01,-7.916355850992591314e-01,-7.899516452736349281e-01,2.147050677457952459e-21,4.345854964038983748e-04
1.812500000000000000e+00,1.374638691169408622e-01,-7.916355850992591314e-01,-7.899498345129077892e-01,1.581626199868501935e-20,4.345825745068187260e-04
1.816666666666666652e+00,1.374638691203378393e-01,-7.916355850992591314e-01,-7.899480237643551339e-01,-9.929941362181105287e-21,4.345796526457874984e-04
1.820833333333333304e+00,1.374638691237347887e-01,-7.916355850992591314e-01,-7.899462130279767402e-01,1.639552107201941926e-20,4.345767308202495805e-04
1.824999999999999956e+00,1.374638691271316826e-01,-7.916355850992591314e-01,-7.899444023037724971e-01,8.825991286546663009e-21,4.345738090309215216e-04
1.829166666666666607e+00,1.374638691305285487e-01,-7.916355850992591314e-01,-7.899425915917421825e-01,4.583743816280176014e-21,4.345708872772375848e-04
1.833333333333333259e+00,1.374638691339253871e-01,-7.916355850992591314e-01,-7.899407808918856855e-01,1.943422075102125099e-20,4.345679655594445346e-04
1.837499999999999911e+00,1.374638691373221699e-01,-7.916355850992591314e-01,-7.899389702042028949e-01,1.814963510912054129e-20,4.345650438774872394e-04
1.841666666666666563e+00,1.374638691407189250e-01,-7.916355850992591314e-01,-7.899371595286935888e-01,1.220497239003749650e-20,4.345621222315010617e-04
1.845833333333333437e+00,1.374638691441156524e-01,-7.916355850992591314e-01,-7.899353488653576560e-01,2.131026638029151776e-20,4.345592006213968260e-04
1.850000000000000089e+00,1.374638691475123520e-01,-7.916355850992591314e-01,-7.899335382141949857e-01,2.812238306800126576e-20,4.345562790472008241e-04
1.854166666666666741e+00,1.374638691509089961e-01,-7.916355850992591314e-01,-7.899317275752053558e-01,3.074017706218431781e-20,4.345533575088086475e-04
1.858333333333333393e+00,1.374638691543056124e-01,-7.916355850992591314e-01,-7.899299169483886551e-01,1.491848669072941922e-20,4.345504360063420519e-04
1.862500000000000044e+00,1.374638691577021732e-01,-7.916355850992591314e-01,-7.899281063337447728e-01,1.295855977746744699e-21,4.345475145397087718e-04
1.866666666666666696e+00,1.374638691610987062e-01,-7.916355850992591314e-01,-7.899262957312734867e-01,1.031364976882914100e-20,4.345445931089230102e-04
1.870833333333333348e+00,1.374638691644952115e-01,-7.916355850992591314e-01,-7.899244851409746859e-01,1.166203171547300296e-20,4.345416717137851113e-04
1.875000000000000000e+00,1.374638691678916891e-01,-7.916355850992591314e-01,-7.899226745628482593e-01,-1.260323400558763704e-20,4.345387503549103057e-04
1.879166666666666652e+00,1.374638691712881111e-01,-7.916355850992591314e-01,-7.899208639968939849e-01,-3.758863799805811447e-21,4.345358290317717794e-04
1.883333333333333304e+00,1.374638691746845054e-01,-7.916355850992591314e-01,-7.899190534431117516e-01,-2.014060714474739434e-20,4.345329077444474867e-04
1.887499999999999956e+00,1.374638691780808442e-01,-7.916355850992591314e-01,-7.899172429015013375e-01,-2.556481816216973104e-20,4.345299864930700796e-04
1.891666666666666607e+00,1.374638691814771552e-01,-7.916355850992591314e-01,-7.899154323720626314e-01,7.594888041126335007e-21,4.345270652773893785e-04
1.895833333333333259e+00,1.374638691848734384e-01,-7.916355850992591314e-01,-7.899136218547955224e-01,-1.609341920267856819e-20,4.345241440975986425e-04
1.899999999999999911e+00,1.374638691882696939e-01,-7.916355850992591314e-01,-7.899118113496998994e-01,-1.479329807489834694e-20,4.345212229537658510e-04
1.904166666666666563e+00,1.374638691916658939e-01,-7.916355850992591314e-01,-7.899100008567755404e-01,1.356550355192823105e-20,4.345183018458169530e-04
1.908333333333333437e+00,1.374638691950620661e-01,-7.916355850992591314e-01,-7.899081903760223344e-01,-6.270080741940234340e-21,4.345153807738853053e-04
1.912500000000000089e+00,1.374638691984581829e-01,-7.916355850992591314e-01,-7.899063799074400594e-01,-7.866591022955862316e-21,4.345124597374163929e-04
1.916666666666666741e+00,1.374638692018542718e-01,-7.916355850992591314e-01,-7.899045694510286042e-01,-2.003237573147365913e-20,4.345095387370261509e-04
1.920833333333333393e+00,1.374638692052503330e-01,-7.916355850992591314e-01,-7.899027590067878579e-01,-4.047888460650082002e-20,4.345066177724193511e-04
1.925000000000000044e+00,1.374638692086463665e-01,-7.916355850992591314e-01,-7.899009485747177095e-01,-1.021014879468344341e-20,4.345036968437442039e-04
1.929166666666666696e+00,1.374638692120423444e-01,-7.916355850992591314e-01,-7.898991381548179369e-01,-2.337379766527575670e-21,4.345007759509717069e-04
1.933333333333333348e+00,1.374638692154382946e-01,-7.916355850992591314e-01,-7.898973277470884291e-01,1.375428167734931733e-20,4.344978550938677266e-04
1.937500000000000000e+00,1.374638692188341893e-01,-7.916355850992591314e-01,-7.898955173515289641e-01,1.889058214281491583e-20,4.344949342728908807e-04
1.941666666666666652e+00,1.374638692222300562e-01,-7.916355850992591314e-01,-7.898937069681394307e-01,-4.297123149091137696e-20,4.344920134875307266e-04
1.945833333333333304e+00,1.374638692256258954e-01,-7.916355850992591314e-01,-7.898918965969197181e-01,2.789542538743202879e-20,4.344890927381773061e-04
1.949999999999999956e+00,1.374638692290217068e-01,-7.916355850992591314e-01,-7.898900862378696042e-01,1.721125040296741596e-20,4.344861720246271145e-04
1.954166666666666607e+00,1.374638692324174627e-01,-7.916355850992591314e-01,-7.898882758909889779e-01,9.992005757516724645e-21,4.344832513469623885e-04
1.958333333333333259e+00,1.374638692358131908e-01,-7.916355850992591314e-01,-7.898864655562777282e-01,3.902167671051795036e-20,4.344803307050517770e-04
1.962499999999999911e+00,1.374638692392088912e-01,-7.916355850992591314e-01,-7.898846552337356330e-01,2.674024181260758336e-20,4.344774100990495078e-04
1.966666666666666563e+00,1.374638692426045361e-01,-7.916355850992591314e-01,-7.898828449233625815e-01,-1.854704369466398653e-20,4.344744895290003042e-04
1.970833333333333437e+00,1.374638692460001532e-01,-7.916355850992591314e-01,-7.898810346251584624e-01,-1.014663683327585626e-20,4.344715689947575279e-04
1.975000000000000089e+00,1.374638692493957148e-01,-7.916355850992591314e-01,-7.898792243391230539e-01,-3.246779547028960068e-20,4.344686484962680529e-04
1.979166666666666741e+00,1.374638692527912487e-01,-7.916355850992591314e-01,-7.898774140652562448e-01,4.812304159286234473e-21,4.344657280335640259e-04
1.983333333333333393e+00,1.374638692561867548e-01,-7.916355850992591314e-01,-7.898756038035579241e-01,-3.619794059320333669e-21,4.344628076069903316e-04
1.987500000000000044e+00,1.374638692595822331e-01,-7.916355850992591314e-01,-7.898737935540278698e-01,-1.754548306922712370e-20,4.344598872160324076e-04
1.991666666666666696e+00,1.374638692629776560e-01,-7.916355850992591314e-01,-7.898719833166659710e-01,-1.662322838501878241e-20,4.344569668609998478e-04
1.995833333333333348e+00,1.374638692663730510e-01,-7.916355850992591314e-01,-7.898701730914720054e-01,-1.803711269641918725e-20,4.344540465419012717e-04
2.000000000000000000e+00,1.374638692697684184e-01,-7.916355850992591314e-01,-7.898683628784459732e-01,3.569338626894013210e-20,4.344511262587139109e-04
